  0.00000266671060688  0.00000300388072074  0.00000318539296438  0.00000331907363352
  0.00000343332013983  0.00000354956989508  0.00000367022557562  0.00000377460921731
  0.00000391113913224  0.00000410478964533  0.00000433392442485  0.00000457709462049
  0.00000482374703293  0.00000508168864643  0.00000535404489525  0.00000569274952902
  0.00000607312403498  0.00000643465888822  0.00000677570855855  0.00000714814627159
  0.00000753447638380  0.00000795451822198  0.00000845401027327  0.00000900953473334
  0.00000962691374194  0.00001026218797809  0.00001088330257654  0.00001148347382250
  0.00001209189163968  0.00001264787951926  0.00001323271281720  0.00001383191694087
  0.00001455611299314  0.00001536389448426  0.00001618587597426  0.00001702069405826
  0.00001800524214405  0.00001910543138328  0.00001995833859517  0.00002074890287937
  0.00002153423231373  0.00002228101404432  0.00002325751196069  0.00002418596333717
  0.00002512111709199  0.00002606687341129  0.00002698925353522  0.00002790868193955
  0.00002886163839837  0.00002990719538127  0.00003113277348626  0.00003220191377697
  0.00003310579458283  0.00003393339774887  0.00003462233500098  0.00003557224805559
  0.00003659880680845  0.00003839077121023  0.00004052560258284  0.00004285931622421
  0.00004514079641197  0.00004728669146260  0.00004942697440761  0.00005178286011264
  0.00005466742295828  0.00005830956847163  0.00006244233620799  0.00006700132836654
  0.00007185630961328  0.00007598324464323  0.00008029561070512  0.00008476057264725
  0.00008943887029889  0.00009442820222227  0.00009960267810860  0.00010577392134773
  0.00011280372252613  0.00011966990441379  0.00012683608875187  0.00013370224735570
  0.00014309634425416  0.00015419625118474  0.00016753543823740  0.00018610079411802
  0.00020333837312873  0.00022013579929756  0.00023977237487798  0.00026930811737290
  0.00031383204140805  0.00036640488439312  0.00043097028631024  0.00051894865502859
  0.00069388203137694  0.00129341641098953  0.15683103830669617  1.00000000000000000
  0.00000014695203941  0.00000676341819153  0.00000949582541238  0.00001123571548988
  0.00001316699230455  0.00001512237976632  0.00001706274851775  0.00001917612713209
  0.00002124583684227  0.00002367114832276  0.00002634836153406  0.00002847234853197
  0.00003036692037677  0.00003192387143316  0.00003351720831774  0.00003518646072407
  0.00003710568825116  0.00003860266731044  0.00004023628711619  0.00004202753252075
  0.00004425637196289  0.00004712634332217  0.00005028453574102  0.00005327631538376
  0.00005577604515219  0.00005830755394926  0.00006087258714414  0.00006369008977630
  0.00006698927677269  0.00007017072855386  0.00007310012274612  0.00007621625329206
  0.00007946665411779  0.00008286434856469  0.00008679654176419  0.00009157079130835
  0.00009668209334738  0.00010161872968390  0.00010564010958573  0.00010892666159365
  0.00011239792495337  0.00011600713754795  0.00011964904661814  0.00012307605987116
  0.00012715783747963  0.00013206626831802  0.00013725687971254  0.00014246596931443
  0.00014772575000409  0.00015311007656246  0.00015894475910219  0.00016558407525083
  0.00017249057920247  0.00017923803984043  0.00018595744694590  0.00019260794119461
  0.00019866785621633  0.00020497752937183  0.00021128331868126  0.00021862604486448
  0.00022722463949561  0.00023666741615737  0.00024571426988948  0.00025377272794530
  0.00026202356292288  0.00027037942843266  0.00027864962339695  0.00028678997128151
  0.00029757637441878  0.00031100083933249  0.00032529094783902  0.00034010560068609
  0.00035567079713873  0.00037271286094113  0.00039255702715922  0.00041568547477409
  0.00045054172084876  0.00048456034208471  0.00052194880595626  0.00056167748530952
  0.00060258168201973  0.00064947886236566  0.00070062675917470  0.00075474669206835
  0.00080596469504425  0.00086038742136992  0.00092986118831558  0.00106556205317076
  0.00124065026721230  0.00146547573629923  0.00169656600412034  0.00198335724372948
  0.00226089709055367  0.00272517398132591  0.02256223942081571  1.00000000000000000
 -0.00112833329528188  0.00604251581587102  0.01421887264859143  0.02277743105179598
  0.03149709833256344  0.04223812911234018  0.05426050180870264  0.06622062034195686
  0.07792925195384445  0.09082506863842624  0.10437861300971868  0.11666301360622365
  0.12764755168145139  0.13709119970034342  0.14616499820195758  0.15556948453140357
  0.16666321651109384  0.18065329078468614  0.19502766067723268  0.20789593832618999
  0.21995664151717068  0.23208352695225279  0.24460395000225738  0.25699807322964741
  0.27007496419393212  0.28259424345663348  0.29709116906844585  0.31093634200445414
  0.32162057382544323  0.33165829403673286  0.34185989564882746  0.35277898690367510
  0.36455461235299907  0.37564842599723625  0.38392452570865643  0.39217359750950959
  0.40185603636786793  0.41099916528739250  0.42024931520313691  0.42956318936274851
  0.43893283911237707  0.45166239776222378  0.46475490865625585  0.47719572591913256
  0.48955176964666752  0.50181036509556576  0.51387503549340674  0.52616950739046120
  0.53833847130803070  0.54874713051896973  0.55750919579254343  0.56663599051896807
  0.57420352388400442  0.58161591704523330  0.58805338169318688  0.59458848250442931
  0.60190857421406041  0.61184713133553426  0.62135035871193800  0.62857335728500963
  0.63413431322528424  0.63964628685130087  0.64627725478707321  0.65361846583673244
  0.65830086566694546  0.66288262517334573  0.66743458683886536  0.67137556804518517
  0.67627563084300801  0.68420086727476159  0.69292247687444142  0.70265801799163752
  0.71330484299370345  0.72431018366244526  0.73630889137511213  0.74793244132558112
  0.75933483196262475  0.77132129282023409  0.78349262653504503  0.79554931084712988
  0.80766697271193588  0.82087834628392675  0.83611888699684633  0.85292880540469107
  0.86862170915336068  0.88115192319442370  0.89234998605640714  0.90431814081752893
  0.91755533933104039  0.93286590169530270  0.94583649886949517  0.95590685907836825
  0.96647575490208670  0.97752074972004233  0.98914975018302054  1.00000000000000000
  0.00010030085272129  0.00010736090968095  0.00012670259262846  0.00014663898708814
  0.00016416522043366  0.00018515836982500  0.00020682959729905  0.00022678576466490
  0.00024685695799726  0.00026790013434023  0.00028874809946254  0.00030906407239567
  0.00032963548623035  0.00035071292720200  0.00037178514476646  0.00039285082219487
  0.00041531328825873  0.00043891143382578  0.00045772660571930  0.00047588727408251
  0.00049403034561127  0.00051204698303487  0.00053010597578647  0.00054859089780936
  0.00056767051845807  0.00058712077331511  0.00060601439367697  0.00062541779984662
  0.00064532136092404  0.00066605357653821  0.00068703917786220  0.00070832834199833
  0.00073011914348373  0.00075256970818537  0.00077748531125808  0.00080378490302435
  0.00082955887843896  0.00085599831027499  0.00088099686290652  0.00090591637598036
  0.00093148950752177  0.00095853232393035  0.00099065070260025  0.00103074790372308
  0.00107752365312488  0.00112479115925146  0.00117204741533890  0.00122076368343543
  0.00126971933880951  0.00131999894463566  0.00136966294798163  0.00141314883801693
  0.00145911286891319  0.00150724141734136  0.00155456376176846  0.00160085532357363
  0.00164881222953910  0.00170065934123284  0.00175438148039817  0.00180578713657377
  0.00185648643496395  0.00191261753003922  0.00198127038965209  0.00206216876818293
  0.00214757765790031  0.00223356448655199  0.00232072179363997  0.00241746410267039
  0.00251993844405090  0.00263004556281271  0.00276173039711238  0.00292103214169481
  0.00307743300261355  0.00324536970030745  0.00339742150344918  0.00354414883154351
  0.00370456094207595  0.00391704839811754  0.00417094798876009  0.00451027349683458
  0.00496235482620974  0.00533976204956376  0.00557947039876431  0.00584209465913105
  0.00643060449470753  0.00678491325090440  0.00710911095376135  0.00754528506397879
  0.00815343083059922  0.00921084341171218  0.01109299767286811  0.01352636741363976
  0.01753438850147695  0.02231879817589518  0.24351953352813169  1.00000000000000000
 -0.00221455899723472  0.00954267762640501  0.01867929038443956  0.02792313383963702
  0.03684063059048380  0.04581948095960920  0.05569759699601697  0.06607095756842320
  0.07614896941346777  0.08626027157034924  0.09549843523823705  0.10456226483718620
  0.11416747283570038  0.12514377886960776  0.13610309113420038  0.14516068616716796
  0.15117727188282573  0.15654708703362932  0.16195247090503126  0.17025233318335040
  0.17901454696320926  0.18771939276856142  0.19799651596823539  0.20918245116869821
  0.22011069006567766  0.23114332084947764  0.24152473398478710  0.25034582656569854
  0.25998743724409240  0.27072700019720491  0.28193340176761444  0.28848047984811964
  0.29304807308734088  0.29689289467601765  0.30131863481049004  0.30851859955153188
  0.31658681981092529  0.32475060933738181  0.33360914718746348  0.34369218104510735
  0.35589398955150697  0.37756220620507752  0.40170686137494455  0.42433503644589660
  0.44463108685442282  0.46275034689816058  0.48216546482332145  0.50566477348498762
  0.52929779626627704  0.54688347071197230  0.56145202968731223  0.57513969925854902
  0.58697207505742044  0.59830436175300494  0.61578830164885545  0.63771533411199033
  0.65717252587144603  0.67369786424577183  0.68618949941026519  0.69802123436862884
  0.70933412701396936  0.71863634672448273  0.72692711889108297  0.73467096934501663
  0.74340435088350165  0.75396059107553748  0.76518396422592183  0.77725071074919561
  0.78946470436865823  0.79848537254573804  0.80529828166700390  0.81196373959313384
  0.81836831731678250  0.82364345234961167  0.82910437631792011  0.83663864665599430
  0.84483411409928844  0.85359304717462459  0.86363634485424567  0.87401165287327998
  0.88215298587391189  0.88996259536745692  0.89788476364604330  0.90595026621614794
  0.91321733000574368  0.92033047251048838  0.92755809202339956  0.93519969315121965
  0.94323077465581917  0.95118246147146268  0.95897359809781413  0.96685285212874328
  0.97522844575017498  0.98342106716580735  0.99206264154542001  1.00000000000000000
  0.06503624706357776  0.19456391276771073  0.25701099627689716  0.30226625197837587
  0.32813861858155946  0.35065753790443205  0.37580458331031596  0.40070108532356602
  0.42498889069236273  0.44726229891085328  0.46574777033193876  0.47715636291434149
  0.48876026111082926  0.49935293146810461  0.51019096293063915  0.52628611346232701
  0.54296076627181200  0.55908618559602674  0.57199959349646501  0.58074282321214110
  0.58493283341627123  0.58880206082565523  0.59256900728869655  0.59725271945910829
  0.60192191730308731  0.60652423439739878  0.61174396748165971  0.61754198286411222
  0.62274022630959591  0.62776779602368205  0.63590516164452604  0.64410327586750649
  0.65412569604781945  0.66542256345567496  0.67625048009207955  0.68631432478945764
  0.69550692517180701  0.70341294096786999  0.71050372370347992  0.71719684772402281
  0.72386229275117298  0.73015168771167260  0.73730356027971211  0.74432772688086801
  0.75172502705495559  0.75948416845186495  0.76586945354599212  0.77190794225067894
  0.77848453807631179  0.78502921345015686  0.79145243888853689  0.79785998696733940
  0.80411366271978535  0.81071813931818959  0.81693688343303794  0.82285118576045591
  0.82845986766281221  0.83433212827725511  0.84067842485526356  0.84743314016865434
  0.85397041708327559  0.86032241812782362  0.86585485119488348  0.87082858277217834
  0.87547723306719827  0.88038172084533228  0.88562104438538458  0.89053621519820692
  0.89536399403986244  0.89944600528519902  0.90363018720374411  0.90755808560428441
  0.91181107409945661  0.91625608775820200  0.92048597276082755  0.92445737965669306
  0.92814290501224961  0.93177224028314098  0.93557210349426301  0.93949322729382467
  0.94363857719923905  0.94781578009227541  0.95181217465853241  0.95554295785097265
  0.95895442068651093  0.96213146571575792  0.96541948421862767  0.96899585360926799
  0.97309057136474342  0.97644366601442034  0.97954429302915913  0.98274648133171316
  0.98621552321450900  0.99019980344721847  0.99509332963423958  1.00000000000000000
 -0.03182361017321807  0.16072600630899048  0.20462961409061595  0.23222532812526361
  0.25688451707110815  0.28231112275659759  0.30904160714707241  0.32603627583407080
  0.33928816351400820  0.35036093571746368  0.36026359616333686  0.37142287175762734
  0.37916637884130977  0.38677068974614437  0.39407106704945444  0.40259730248511677
  0.41341648962410538  0.42421762056403867  0.43478523222084958  0.44751828714895203
  0.45904102512051986  0.46884203484895193  0.47818525382083993  0.48711618384356725
  0.49596351933142863  0.50372674557847030  0.50948100690539078  0.51549213839926922
  0.52144562386305882  0.52663033977506979  0.53285089477223146  0.54031980593652584
  0.54843366579204700  0.55670454902259403  0.56489884880788543  0.57280297455287776
  0.58038117642403386  0.58758355010201568  0.59554104410967168  0.60244544665276367
  0.60933106599298159  0.61644300597675339  0.62378317434435193  0.63208660595281940
  0.64076883212975133  0.64850961222509573  0.65472151791481825  0.66086863934515749
  0.66613620884197977  0.67022578979594605  0.67338781207280773  0.67634270227152637
  0.67930252704182770  0.68371965766762743  0.68880025137512324  0.69431571010291460
  0.70002746081949840  0.70556855664760953  0.71136277952556781  0.71686892034413696
  0.71994810474823900  0.72249969773041944  0.72502524811430458  0.72759153387187903
  0.73043700487670327  0.73368179892760255  0.73915706254831937  0.74513491434625212
  0.75064492626295987  0.75508581042350909  0.75917924713174278  0.76337505336493794
  0.76803666114889246  0.77313392962590677  0.77923366977389685  0.78485263979298936
  0.78936258452213259  0.79371525533631992  0.79812199259436623  0.80361060843962728
  0.80898384642545029  0.81364880969696618  0.81841852803506621  0.82341304115084279
  0.82936042855211634  0.83612695094740841  0.84275933642683332  0.84875465933926453
  0.85496658724526742  0.86187939557152615  0.87033481027151394  0.88086910710162702
  0.89457879061276802  0.91236364471024822  0.93819869851774840  1.00000000000000000
   2.8339057188214835E-008  -1.0000000000000000     
 F F F F F F F F F F F F F F F F F F F F F F F F F F F F F F F F
  <DiscreteSampler_grid>
  grouped_processes
  1 # 1 for a reference and 2 for a running grid.
  10 # Attribute 'min_bin_probing_points' of the grid.
  1 # Attribute 'grid_mode' of the grid. 1=='default',2=='initialization'
  0.0000000000000000 # Attribute 'small_contrib_threshold' of the grid.
  0.5000000000000000 # Attribute 'damping_power' of the grid.
 # binID   n_entries weight   weight_sqr   abs_weight
    28   10   1.034209670126883E+002   7.014779186198107E+004   1.034209670126883E+002
    29   10   1.034209670126877E+002   7.014779186197999E+004   1.034209670126877E+002
    31   10   1.550138573805636E+002   1.593479997462527E+005   1.550138573805636E+002
    32   10   1.550138573805624E+002   1.593479997462499E+005   1.550138573805624E+002
    34   10   2.474308713501124E+002   5.068599039825179E+005   2.474308713501124E+002
    35   10   2.474308713501105E+002   5.068599039825097E+005   2.474308713501105E+002
    37   10   2.259216227891571E+002   4.233561090622598E+005   2.259216227891571E+002
    38   10   2.259216227891553E+002   4.233561090622524E+005   2.259216227891553E+002
    40   10   2.474308713501124E+002   5.068599039825179E+005   2.474308713501124E+002
    41   10   2.474308713501105E+002   5.068599039825097E+005   2.474308713501105E+002
  </DiscreteSampler_grid>
