  0.00000033535981801  0.00000184178152382  0.00000324452842091  0.00000496458482142
  0.00000713492615271  0.00000951907543930  0.00001217912557580  0.00001524981711649
  0.00001855860609911  0.00002186491329674  0.00002530050089355  0.00002867731833168
  0.00003159115065485  0.00003400556776544  0.00003593647985803  0.00003759594610812
  0.00003907419610895  0.00004029659146510  0.00004117394497252  0.00004197625565465
  0.00004268966689522  0.00004334484956177  0.00004392592338731  0.00004445408102564
  0.00004493488686874  0.00004537475982332  0.00004577702396162  0.00004612797200919
  0.00004644191054501  0.00004670203501672  0.00004692761446919  0.00004714374983383
  0.00004734537801262  0.00004753534491046  0.00004771072320167  0.00004787291235074
  0.00004803075203978  0.00004817769711877  0.00004832112306679  0.00004845700349027
  0.00004859168915864  0.00004872533863431  0.00004886161680154  0.00004899890074243
  0.00004911668121257  0.00004923362735897  0.00004935919624788  0.00004948587396581
  0.00004961093722325  0.00004973588666075  0.00004987769422329  0.00005002010196304
  0.00005016184097663  0.00005031447500137  0.00005047976803033  0.00005066055762610
  0.00005084851464494  0.00005104369069712  0.00005128803389945  0.00005155558006123
  0.00005183695954162  0.00005212620591790  0.00005248593679505  0.00005287317207148
  0.00005330270344394  0.00005379467900213  0.00005433695203653  0.00005494305335740
  0.00005560575532138  0.00005632090920380  0.00005708983725642  0.00005811534730257
  0.00005925318556499  0.00006051798952569  0.00006188189380394  0.00006333301451431
  0.00006498970348959  0.00006682914431121  0.00007057819073937  0.00007590543951950
  0.00008251275916150  0.00009150933889873  0.00010246424303109  0.00011771856181631
  0.00013767635984109  0.00016215136789606  0.00019125134079318  0.00023025658727030
  0.00027422309732026  0.00032883567270478  0.00040905158108623  0.00057830304517274
  0.00093283791334989  0.00163526003289981  0.15986856630393215  1.00000000000000000
 -0.00000146857996120  0.00001014952894737  0.00001454299891880  0.00001865471671697
  0.00002224243653128  0.00002591302947365  0.00002929989092333  0.00003173646072207
  0.00003388886439554  0.00003610850343483  0.00003857548252903  0.00004099411792660
  0.00004355262172164  0.00004615695032333  0.00004858859511671  0.00005097074099696
  0.00005337880498972  0.00005580900052158  0.00005825613461961  0.00006046235823564
  0.00006269523068534  0.00006503008138537  0.00006771195841246  0.00007072097330076
  0.00007378044340779  0.00007680786278124  0.00007978495291863  0.00008280863505676
  0.00008594641510566  0.00008911202199726  0.00009225492468967  0.00009553194813758
  0.00009897638092397  0.00010246397625612  0.00010635877206028  0.00011116229999977
  0.00011599298878464  0.00012121845060148  0.00012744871318107  0.00013492394543817
  0.00014296357778982  0.00015081777904241  0.00015855067791267  0.00016614981393692
  0.00017377274433416  0.00018188471546707  0.00018990300488742  0.00019858225223398
  0.00020808366203194  0.00021665402949830  0.00022541714757949  0.00023615655161861
  0.00024757542017530  0.00025831000824392  0.00026972674902463  0.00028293655690687
  0.00029419451185369  0.00030506337004226  0.00031617125278859  0.00032907819331554
  0.00034398522601943  0.00036153845387801  0.00038092053986789  0.00040046661769227
  0.00042345331326446  0.00044563881857389  0.00047206922539317  0.00050159287401861
  0.00053464772240154  0.00058007312499142  0.00062105285483496  0.00065998013321286
  0.00070096057805350  0.00075000113925895  0.00078902221873571  0.00083035227849694
  0.00087398793527371  0.00091053651359801  0.00093871883577019  0.00097076015736591
  0.00100176206376660  0.00103298769056735  0.00106296433245393  0.00110014152290277
  0.00114572574737910  0.00124818187096284  0.00136553204493179  0.00146554970576067
  0.00157582061262017  0.00172520298407123  0.00196838794475781  0.00214791291319925
  0.00242216619668424  0.00305871805100064  0.04692621587938501  1.00000000000000000
 -0.00472495833288550  0.01601935152335802  0.03177787908460698  0.04600296723296075
  0.06343244707967703  0.08456402584076911  0.10976012077593084  0.13707663028265402
  0.16156838592018288  0.18228033967550328  0.20184551616205462  0.21944005818288664
  0.23627480647075497  0.25198690241468968  0.26510319304359115  0.27623598908755803
  0.28609989688884596  0.29611123700783332  0.30590929291262764  0.31682486921816971
  0.32897744152161212  0.34211114667493897  0.35557415357124167  0.36913159393547634
  0.38410645281945999  0.39901910309196553  0.41177375643451836  0.42220428018833728
  0.43151362732882564  0.44034512179814084  0.44891951272823732  0.45835380294171529
  0.46908218377209410  0.47974173816478816  0.48911703483674462  0.49835975743302874
  0.50680690963933961  0.51491269212726798  0.52370716908470061  0.53205713189523163
  0.54007844978631936  0.54731822376834183  0.55373444370353642  0.56083468169333461
  0.56753739489302857  0.57417730725108329  0.58105377840108896  0.58887780504620413
  0.59664728292660874  0.60493729304462907  0.61447482730522573  0.62491102390438058
  0.63503395699486898  0.64583259442840912  0.65607814577530288  0.66572225880713765
  0.67670717010247106  0.68787661364628616  0.69764728054743108  0.70724002634946270
  0.71722622292312765  0.72835237753953352  0.73826714378420988  0.74760846592954833
  0.75670359157557732  0.76599270874430569  0.77800882828810225  0.79236435594802079
  0.80741480129809151  0.81970760937176868  0.82775993710067519  0.83539863123003000
  0.84251678139759956  0.84927642277658777  0.85571473377002338  0.86177695426268586
  0.86657456025833046  0.87061574989229595  0.87641787684407235  0.88481990651397990
  0.89550469801950217  0.90590024986431750  0.91423703757423758  0.92036462034735478
  0.92596967376124117  0.93220207005837374  0.93847802255971824  0.94446376350476724
  0.95042106367924106  0.95678329528776607  0.96354552237221824  0.97000252105693574
  0.97576880805189303  0.98243909713876587  0.99152320375836356  1.00000000000000000
 -0.00380069599695425  0.01262077310837575  0.02622023180285279  0.04009524492201950
  0.05216422237093574  0.06195907664304082  0.07092679024331826  0.08021077952712415
  0.08905436753513227  0.09738684250591850  0.10615049101982360  0.11454532244053672
  0.12241188128781941  0.13176524224330258  0.14093664702038458  0.15082028237755504
  0.16106824039251955  0.17458427136195817  0.19111767635370888  0.20630397129706932
  0.21644457102567463  0.22461272575192889  0.23359920183790370  0.24321308724023136
  0.25332829590652683  0.26372528234080461  0.27467381161922605  0.28896954204060116
  0.30050066032107492  0.31007859243548341  0.32025537580624253  0.32926355321841827
  0.33749274905804638  0.34502803022306322  0.35248422522629452  0.36137587955328809
  0.37235456333224620  0.38420677428901184  0.39474802485701699  0.40508196132718810
  0.41382284272427822  0.42207513370516214  0.43041013875134937  0.43801162050413373
  0.44876191717919045  0.45981183079639559  0.47113086552312600  0.48199226755723079
  0.49196992147918506  0.50163112720918357  0.51186348808186932  0.52413935090786612
  0.53944361064937574  0.55231336369986206  0.56226096966327155  0.57197622706466722
  0.58204515954904101  0.59566421217330001  0.60757692787500694  0.61687865531249109
  0.62541042816499259  0.63371429654366895  0.64223465385275824  0.65130581027434120
  0.66079386580976207  0.67059088127506872  0.68102432109085076  0.69191551029512854
  0.70255114164586951  0.71271829328265179  0.72223516568005786  0.73147134679692027
  0.74128652272063933  0.75262977261882447  0.76579376648772146  0.77870981305611442
  0.79052055647218433  0.80160821409196115  0.81180469414207801  0.82106041218251014
  0.82994207842503043  0.83918359963101086  0.84907035427498745  0.85976994207905189
  0.87098309788922879  0.88127552073815951  0.89060503724308271  0.89941206136047236
  0.90753591501572350  0.91672271222728174  0.92669980633249871  0.93882266285621896
  0.95291934833947978  0.96873667330419366  0.98446053688342527  1.00000000000000000
 -0.00297852782905314  0.01164037557138893  0.02326324504851321  0.03449859654051744
  0.04390979169014254  0.05234007465311499  0.06023277450480941  0.06769967558088198
  0.07655286715987646  0.08566469398884458  0.09585151992228330  0.10736991874434995
  0.11950367873662367  0.13296345455823369  0.14898167597715595  0.16736079442296720
  0.18466609141065099  0.19569273327559300  0.20561770044879632  0.21485553278454475
  0.22381669626714876  0.23745137029961194  0.24972765817370851  0.25966842180037064
  0.26844954102082474  0.27697522460876495  0.28542867097787650  0.29421360427904997
  0.30215703251177095  0.31027599367376524  0.31946799757878591  0.33057568719427632
  0.34315799417023685  0.35578270519610961  0.36755143760017289  0.37773459567051304
  0.38888242452940830  0.40000398093329548  0.41103151762287365  0.42203019286721266
  0.43305983623853839  0.44355473037443238  0.45436798506669007  0.46654545745415438
  0.47992049397043429  0.49371268422929709  0.50943816109589357  0.52384576608860733
  0.53494981314741763  0.54406354045369898  0.55268937266856677  0.56256786776460399
  0.57282920339762600  0.58309839571712629  0.59462966479158930  0.60632862234396023
  0.61826450855715365  0.63033923479755039  0.64348000150381979  0.65721640071262144
  0.66973288876304238  0.68102578498213551  0.69149826223057909  0.70110747980814037
  0.71065156404472640  0.72101110825340753  0.73145033839456586  0.74158492919183006
  0.75165497414269167  0.76260935538846064  0.77297293070146722  0.78118391821719380
  0.78905943820438396  0.79824032101515430  0.80741884122218477  0.81578614984908182
  0.82377023218515621  0.83183007663038533  0.84174330773311068  0.85361240347429046
  0.86588379306029029  0.87790925045796642  0.88919103872760696  0.90208865462218524
  0.91644643559839978  0.92931856092363407  0.94007929752204644  0.94796227419828039
  0.95460267600057047  0.96056317963507487  0.96647540703441703  0.97343876188519007
  0.98076226437844771  0.98727353697834408  0.99333733499734522  1.00000000000000000
  0.05559671311016787  0.17706702507103039  0.24851649557947031  0.30724113020557542
  0.35644088174896144  0.39000068879176952  0.41079810073447998  0.42180436169679936
  0.43064932585659271  0.43818100539009414  0.44488741920573943  0.45156917813277059
  0.45849974531906845  0.46557711780017663  0.47244435080530256  0.47843227797352561
  0.48363395498930956  0.48823286575186087  0.49308229501099526  0.49878515045068189
  0.50455974740996012  0.50923741631017283  0.51393844105072595  0.51797897485266431
  0.52183458659408055  0.52550604707982485  0.52931403827551904  0.53346612080394928
  0.53763405883915261  0.54167730205203568  0.54596804924763565  0.55061654576965213
  0.55548826314290312  0.56033027688566572  0.56491478908167170  0.56966011317496312
  0.57419573023369419  0.57872109103174618  0.58368486047939949  0.58878476256424683
  0.59378459990920607  0.59853206994931984  0.60308575929731600  0.60794516502318452
  0.61280072257319396  0.61722715193279643  0.62179430767025756  0.62664045289399817
  0.63189302048188523  0.63751120905820380  0.64331865185896797  0.64929631319119396
  0.65559147587940392  0.66143452091502919  0.66683669036324811  0.67231963615369905
  0.67824685075840829  0.68466396305232002  0.69272418065127406  0.70269728194893943
  0.71186533640602678  0.71895972417642751  0.72469125648642485  0.72984445183088553
  0.73506421767987229  0.74117846907562313  0.74737955653766064  0.75315368352537471
  0.75788818292689741  0.76267154691617745  0.76888701383911906  0.77362559094911754
  0.77842866913879460  0.78368848646562184  0.78879232590127357  0.79456916081078488
  0.80044703840793008  0.80615118398195096  0.81204671309091447  0.81899078429092076
  0.82668542337862272  0.83423498579307609  0.84219362236495299  0.85045049269552975
  0.85854035461932288  0.86646907916589477  0.87464048613190692  0.88346357602216408
  0.89338183758821088  0.90565513137946974  0.91940350479171185  0.93605032382042508
  0.95014130857810875  0.96218699277760100  0.97588001426053173  1.00000000000000000
 -0.01747021132658822  0.09999209264895478  0.13181225519789389  0.15192215444643797
  0.16942324597645517  0.18639565952121628  0.20252748659453473  0.21521360511882426
  0.22402336342734380  0.23224634273511330  0.24059005656511054  0.25050827517152774
  0.26037933815640268  0.27103732052229768  0.28312967289368751  0.29492783473327011
  0.30556850497666094  0.31555462384049954  0.32493419378130078  0.33341530631772698
  0.34034804472973845  0.34709552858141623  0.35394396126924416  0.36037654405648090
  0.36661726133566092  0.37275136495130246  0.37799535002863910  0.38257267398728673
  0.38737970372798286  0.39207980486430133  0.39616601384766725  0.40045015400363820
  0.40484906229366235  0.40921179712990013  0.41365667039511822  0.41837515736304393
  0.42369619505596384  0.42979687980481501  0.43564780622144628  0.44184820405971109
  0.44864185505748366  0.45595670706641095  0.46374011540673449  0.47250544227319546
  0.48126618000046101  0.48913342035796109  0.49614511900385067  0.50269107001271551
  0.50857206714380032  0.51381387247759247  0.51880851999681743  0.52378925912114893
  0.52916342904290981  0.53583276840154748  0.54286654723729633  0.55022004033834948
  0.55790291187912955  0.56486627110844767  0.57086117543899606  0.57619526418844591
  0.58098934945410863  0.58621823711158560  0.59106435342939412  0.59674505795172639
  0.60214658226464191  0.60736593295377950  0.61288619409816325  0.61891680079955003
  0.62546171110762538  0.63281311267919582  0.64096732458071271  0.64846426753415676
  0.65480877035458984  0.66133318060313062  0.66832247294244573  0.67615270805485983
  0.68320437726400773  0.69075165270109817  0.69805208437728505  0.70504280025557675
  0.71339353251759141  0.72309916156055487  0.73277826107313671  0.74274709090899105
  0.75291403631092468  0.76190680072062156  0.77005526250050749  0.77704041432914950
  0.78350218114727688  0.79098423878930801  0.80170534122109383  0.81450507442517472
  0.83056547450770390  0.85583019563921203  0.88953039874592721  1.00000000000000000
   2.9214229079985595E-009  -1.0000000000000000     
 F F F F F F F F F F F F F F F F F F F F F F F F F F F F F F F F
  <DiscreteSampler_grid>
  grouped_processes
  1 # 1 for a reference and 2 for a running grid.
  10 # Attribute 'min_bin_probing_points' of the grid.
  1 # Attribute 'grid_mode' of the grid. 1=='default',2=='initialization'
  0.0000000000000000 # Attribute 'small_contrib_threshold' of the grid.
  0.5000000000000000 # Attribute 'damping_power' of the grid.
 # binID   n_entries weight   weight_sqr   abs_weight
    19   10   9.801572659099513E+000   2.447827983539712E+002   9.801572659099513E+000
    20   10   9.801572659099518E+000   2.447827983539715E+002   9.801572659099518E+000
  </DiscreteSampler_grid>
