 -0.00168369394183446  0.00698166174309166  0.01518832655916943  0.02408155352500176
  0.03362785198013984  0.04349253551210366  0.05382054823398783  0.06415704495356013
  0.07414805877583114  0.08419710030330498  0.09474576548800655  0.10575012809199735
  0.11687335806210634  0.12841592449938602  0.14117303858637423  0.15295342714776403
  0.16475103569250527  0.17610124192035723  0.18791302807792201  0.19883815236587174
  0.20939257073704517  0.21992056514007510  0.23084416956241252  0.24205346630907354
  0.25309404897777432  0.26371891405596964  0.27430330232778138  0.28529064154863687
  0.29624539420185680  0.30673094340190249  0.31649177137908630  0.32631636576688888
  0.33625992415974565  0.34655640185857639  0.35679101626113097  0.36706404619900540
  0.37690604828036794  0.38708564003624996  0.39766965425860989  0.40824778204769352
  0.41866817572548887  0.42882472886441109  0.43955903373142141  0.45063866649944562
  0.46169771480278254  0.47260982780416727  0.48346598988470918  0.49440000840755577
  0.50548023175954671  0.51650658312986586  0.52744954240808040  0.53827488349755503
  0.54927098974144561  0.55986730270037188  0.57031609022958196  0.58051650378669262
  0.59054167138396718  0.60054298778618287  0.61079711405046977  0.62115899249434003
  0.63192568724143394  0.64342441465566069  0.65590334545052809  0.66783943831637349
  0.67905093283409657  0.68932388979156312  0.69887538503725732  0.70870170642271957
  0.71887931337013011  0.72911764245222077  0.73929809136483315  0.74960623035222229
  0.76076233781483471  0.77191692020022895  0.78306634683950538  0.79399100805219536
  0.80469256580252990  0.81529838397018994  0.82623141746499562  0.83797309483606475
  0.85019088630690298  0.86178128531694032  0.87269191235838717  0.88371068581166168
  0.89484370977772232  0.90608654763986229  0.91679098191918529  0.92742465727458612
  0.93796032253969208  0.94816208028727256  0.95820392632910312  0.96775339548688899
  0.97711184885393898  0.98575423131563522  0.99315328370053646  1.00000000000000000
  0.00950649960694056  0.01648963006909029  0.02546213836013889  0.03598585185014977
  0.04656460239172392  0.05700328052334252  0.06682298680997462  0.07621724484898962
  0.08589871227182236  0.09597789818275435  0.10642665533020124  0.11704225299989239
  0.12753358316343583  0.13815172053842614  0.14894263912239528  0.15990969397270879
  0.17062835591123618  0.18100646020787800  0.19155992707509192  0.20239299353162082
  0.21303499055970099  0.22322470850002976  0.23307623388012730  0.24259717051934609
  0.25222310568698986  0.26240339489428438  0.27333776579736152  0.28445204217682907
  0.29486385410185778  0.30464792742993740  0.31452282916638813  0.32477743290203387
  0.33537078659942743  0.34608147847355653  0.35709869525243676  0.36819809973355633
  0.37875349360093197  0.38926412244320591  0.39981606461240160  0.41035226827152632
  0.42073346262017070  0.43140517577822685  0.44250922873975629  0.45352840081046952
  0.46394115605266723  0.47369042220232943  0.48358864369330973  0.49404740788526386
  0.50461944297905248  0.51495263589065698  0.52521093940245922  0.53587887568520809
  0.54643984600574946  0.55694743709555905  0.56747256358884390  0.57796152106303911
  0.58838617903450274  0.59840508867447750  0.60824108095799967  0.61808025332483008
  0.62839746594065160  0.63903188293135771  0.64950587273781557  0.65975611316531324
  0.67014881961250783  0.68094011208502092  0.69184575649236146  0.70318275330295443
  0.71476473685005770  0.72697958877372493  0.73915251567712725  0.75139918557790408
  0.76255793931499272  0.77304490099260126  0.78346183494176369  0.79383462440892094
  0.80418146217604192  0.81447155012328465  0.82489928798914269  0.83523311155576974
  0.84544318437571342  0.85611014417143128  0.86663545933305242  0.87739249810615361
  0.88832201642153075  0.89964109368805556  0.91097894941080071  0.92226143403192495
  0.93353375447221576  0.94410310469353387  0.95537622239615250  0.96543540273206208
  0.97539654820737698  0.98394781042231139  0.99083757407175088  1.00000000000000000
 -0.00000070101282074  0.00001118059315466  0.00001662104500790  0.00002100319880885
  0.00002494003598058  0.00002821410670542  0.00003113164665079  0.00003386161058461
  0.00003650976650931  0.00003924167559302  0.00004202988924037  0.00004484496517047
  0.00004762033961790  0.00005045553070069  0.00005336776902903  0.00005636365381346
  0.00005937749926998  0.00006251613171436  0.00006577149651839  0.00006913563364250
  0.00007251016367207  0.00007589164767411  0.00007925706275896  0.00008266549250047
  0.00008623435375506  0.00008985758545454  0.00009366382145966  0.00009782939197944
  0.00010214536512152  0.00010662940839918  0.00011133740305068  0.00011613645908317
  0.00012113795282711  0.00012670871159691  0.00013248760898106  0.00013840472821221
  0.00014445938699050  0.00015072391258167  0.00015720635422254  0.00016404051588838
  0.00017122598554284  0.00017763322068894  0.00018426849045678  0.00019142696762510
  0.00019902157031315  0.00020778794714392  0.00021735710060188  0.00022711389122094
  0.00023702217640269  0.00024767755115867  0.00025897972988121  0.00027087671462996
  0.00028351145168126  0.00029630074986889  0.00030914704065104  0.00032268368498681
  0.00033764515435169  0.00035288313810132  0.00036699746368384  0.00038170518948943
  0.00039621395131998  0.00041339487103674  0.00043288707837335  0.00045348727380855
  0.00047478896856512  0.00049875316435595  0.00052445945790649  0.00055037309150185
  0.00057587128778102  0.00060096940928818  0.00062619911324367  0.00065142334573663
  0.00068000831907437  0.00071582374175648  0.00075907240894426  0.00080436566666338
  0.00084504687564381  0.00088662389953150  0.00093418149785207  0.00099031460907390
  0.00105289747924325  0.00111793067223928  0.00119509899551884  0.00130197177681380
  0.00138951330486615  0.00147374551417404  0.00156620152827282  0.00167972900609386
  0.00183666391157722  0.00212839139462963  0.00244068276007303  0.00275962574184581
  0.00328826000821341  0.00417438185503393  0.00576077522631015  1.00000000000000000
 -0.00281117758314002  0.00852417230579070  0.02067057923295485  0.03602371177982940
  0.05670635499998906  0.07524069233346392  0.09174979671065168  0.10642426132125404
  0.12010243077436052  0.13555374605192058  0.15295622301544565  0.17146599461139417
  0.18911539730097607  0.20591238740285639  0.22188649863842283  0.23751712483478515
  0.25158820655111935  0.26401151559713598  0.27633090212541095  0.28908992245579007
  0.30039791891865147  0.31070131739883472  0.32072568363220377  0.33114420292394831
  0.34178791904149047  0.35271016271065153  0.36321836602249469  0.37337084290105010
  0.38328367893480214  0.39338052015571207  0.40356584623039726  0.41324815415100019
  0.42261744167145399  0.43202979815058834  0.44133879031217838  0.45058741835205351
  0.45983176058368547  0.46962365410153517  0.47961762608644432  0.48931909680812946
  0.49859405240352461  0.50793302034718901  0.51769806923305550  0.52736725281568519
  0.53732102278178218  0.54731371692915998  0.55757874022778864  0.56821600907474901
  0.57834366884732435  0.58866842689960042  0.59857096670917065  0.60868850556471066
  0.61911950947507288  0.62940048266317250  0.63928639041550639  0.64881973417385708
  0.65819937579888044  0.66774492527985074  0.67720839328225646  0.68645355041825662
  0.69557364539971533  0.70487930174798552  0.71447678266928827  0.72405280089264845
  0.73307299089295641  0.74176749327985514  0.75075531624987679  0.76021174456796725
  0.76970377201804319  0.77911924619936379  0.78885449033712085  0.79871214904013110
  0.80861232862904031  0.81805271061187113  0.82742503651275512  0.83659281989241541
  0.84577866399754709  0.85470426478233597  0.86350011017325146  0.87220805195133400
  0.88084656875345613  0.88943947448464777  0.89798349213106554  0.90642513851527906
  0.91490518703842627  0.92342961669713630  0.93195735572530780  0.94027354431616272
  0.94809328504410240  0.95580119221421889  0.96358133572244098  0.97146171288432326
  0.97917998058253664  0.98657678122900594  0.99336742958052160  1.00000000000000000
 -0.00215617350838508  0.00967859052954106  0.01934898319919044  0.02848451848937725
  0.03792122848122319  0.04698028558140452  0.05647479415028656  0.06653368904255269
  0.07712021970764053  0.08774498121485096  0.09858379937525756  0.10988959643273979
  0.12176640992243568  0.13298952681465664  0.14368560813543177  0.15449245184913188
  0.16555501637352665  0.17715810308049304  0.18902535911609727  0.20081581697034398
  0.21212774125913270  0.22275577407638139  0.23292913438828650  0.24322245630933031
  0.25338828872584729  0.26366420747036640  0.27429347669079018  0.28512912392693140
  0.29595928632045443  0.30655223934646292  0.31699948364693342  0.32754296199347438
  0.33749991848995192  0.34735767454733724  0.35679026479420578  0.36657059892786820
  0.37677557412399626  0.38774513448981679  0.39889879378447562  0.41008871613134573
  0.42144688466336194  0.43277117839975138  0.44411200284546459  0.45556417426378848
  0.46721568266687186  0.47960935797373849  0.49220329522292688  0.50419788686577482
  0.51454334664650103  0.52470979066879830  0.53426946902526606  0.54404496251038792
  0.55369047058979126  0.56354595884585135  0.57372641570402283  0.58373877898259219
  0.59306897193352914  0.60250273884276329  0.61203347253825902  0.62169572192201450
  0.63165286697778877  0.64184090836863239  0.65250477592949985  0.66303184804081394
  0.67292104640002881  0.68310439944303392  0.69364968840703822  0.70421862124392010
  0.71357268250874029  0.72257158071530658  0.73168425875861876  0.74195938865315902
  0.75266752390014169  0.76339057237939800  0.77388538626400860  0.78430798454126593
  0.79469657862316589  0.80487153705071324  0.81469849091754121  0.82450708008699791
  0.83475542061156005  0.84550972727985418  0.85599932830196557  0.86632464193209813
  0.87698146611793704  0.88844043812332985  0.89972895344553416  0.91074539132086130
  0.92106205571784627  0.93183587762074549  0.94284363971121465  0.95513911464746049
  0.96656711915147231  0.97819270479312825  0.98898614054241907  1.00000000000000000
 -0.00264693521315484  0.00991863982239317  0.02092619553884549  0.03100306730872488
  0.04106712373412279  0.05126895163561300  0.06184814983686688  0.07272383484122989
  0.08348773698026231  0.09394176405039399  0.10422987888314635  0.11474117117024962
  0.12492921756607529  0.13510175200007862  0.14548705368261500  0.15681304510493421
  0.16754409222305414  0.17824028267262218  0.18871021194199780  0.19951040686290056
  0.21070710778731144  0.22198989356820253  0.23286486178123145  0.24314253534805280
  0.25286539218439397  0.26213359123059832  0.27132963739247845  0.28073536656197423
  0.29043218927646131  0.30043030650864172  0.31075599614274246  0.32125934781988569
  0.33164885925071791  0.34229880315395711  0.35318471892294079  0.36413000027681580
  0.37511736971377058  0.38618071896315559  0.39704972104416342  0.40767434942276748
  0.41848479825160667  0.42956649318063678  0.44056731757166739  0.45116836420082262
  0.46167073361117145  0.47204087665546340  0.48220996659200149  0.49237616264991041
  0.50260424380142432  0.51286267884666381  0.52331493148534314  0.53428623506891693
  0.54563050951126280  0.55701267361643358  0.56834227817286176  0.57946197229845464
  0.59025265775033009  0.59996188655295468  0.60955935130830075  0.61871245819993148
  0.62815161659323859  0.63821833572196540  0.64873667773890631  0.65969640267469309
  0.67099203848909850  0.68250445743031363  0.69380137604988423  0.70477909483896772
  0.71565679246269598  0.72701957028278297  0.73898408805216831  0.75141546122222869
  0.76236344808845358  0.77312937316339181  0.78332792605841051  0.79378014128094199
  0.80391772542741768  0.81421509834211880  0.82492883832818664  0.83544854144951841
  0.84549262060861430  0.85561152919788708  0.86585376451740292  0.87546041611478520
  0.88493200015320295  0.89451768471159976  0.90494868707121368  0.91598078013915252
  0.92719512318275787  0.93821570358654316  0.94945793686197710  0.96002584752767672
  0.97003827472960769  0.98025957619281845  0.99009679512279036  1.00000000000000000
 -0.00201735246721893  0.01005331017091192  0.02073716806892077  0.03116685054670654
  0.04221655393945043  0.05284686421630776  0.06361362774197694  0.07379060808942042
  0.08388590415422137  0.09345682975458086  0.10293489857075165  0.11289786596659318
  0.12415660831991777  0.13665682028510348  0.14811668427724595  0.15847367180172328
  0.16846987688044560  0.17854886873897372  0.18869764399694663  0.19914591340776319
  0.21014890966214622  0.22160361929261294  0.23266380113301716  0.24331815580287328
  0.25367279113458907  0.26396840791481013  0.27414973468446679  0.28386075090739871
  0.29426273321323609  0.30548056862063744  0.31644098516609043  0.32664019342765682
  0.33678338754590303  0.34663658324597679  0.35647591013944036  0.36633750538913656
  0.37694010008007084  0.38831935765111386  0.39936367569648018  0.41066162707985787
  0.42181905748356602  0.43297238875301841  0.44353592740191972  0.45389847299180436
  0.46420204558967892  0.47406930210562942  0.48371246154425196  0.49337484243358171
  0.50363107804005391  0.51547568148141554  0.52734744520857857  0.53903340225025409
  0.55075407619416350  0.56266682600307028  0.57271725563688636  0.58215366412171465
  0.59169264893365792  0.60185729837817692  0.61195485519220183  0.62187242635056528
  0.63202316421454297  0.64254771224680562  0.65328488294150255  0.66411566092172836
  0.67527934376303145  0.68614810910956292  0.69642681102611481  0.70710310220228401
  0.71760344634382411  0.72812714393097921  0.73790271454287348  0.74745474306644255
  0.75772340751696765  0.76759131751247134  0.77711141666350780  0.78664558966941922
  0.79669214975761660  0.80721897736260650  0.81718889513018889  0.82700448300845264
  0.83707519131286079  0.84806013117867896  0.85858581011265878  0.86908121413606687
  0.87945133007574139  0.88995443831296106  0.90016688714750992  0.91043964935624366
  0.92104798730599957  0.93196809461906571  0.94292957326989812  0.95364383197789371
  0.96448774687941685  0.97606961256857849  0.98778761648225444  1.00000000000000000
 -0.00220773923330284  0.00904309132842303  0.01851503907681859  0.02867792346142016
  0.03918381202529349  0.04969247470568124  0.05970807399414398  0.06998321284672286
  0.08080303993065090  0.09140128558919401  0.10229308136599738  0.11350322926012424
  0.12506195104080128  0.13596688976521634  0.14582707212117194  0.15554211849305941
  0.16560704162741291  0.17603349278441274  0.18676043325885158  0.19731641377606207
  0.20852510380333894  0.22023644845151127  0.23234002305866230  0.24428105760832064
  0.25576677625889427  0.26700611471162444  0.27838675394024748  0.29001190780349551
  0.30189158276983930  0.31378113829327064  0.32517489975968050  0.33671834623303032
  0.34796990806357064  0.35886724075032939  0.36919524352545413  0.37917835713200160
  0.38904458802345193  0.39875955640037414  0.40810366080352828  0.41724446898170425
  0.42663607102752221  0.43673013578168840  0.44682108935398207  0.45680766213186891
  0.46619217891736042  0.47596612229622681  0.48590559534597494  0.49670849945520518
  0.50740364299444374  0.51846073112035151  0.52999370820763902  0.54164620578439149
  0.55367842214118801  0.56531684998898402  0.57691958727858939  0.58774066864142693
  0.59824653329983890  0.60873045483024169  0.61978807927289015  0.63124927752358384
  0.64252445446948725  0.65274011124194298  0.66280904937866103  0.67236570698366571
  0.68224456135357103  0.69216836441081075  0.70252839902653796  0.71267021334064973
  0.72317718423389565  0.73343432821612708  0.74408463225444832  0.75466669323356317
  0.76536137554445838  0.77613406066422674  0.78709879332023225  0.79787586630281548
  0.80843293651944292  0.81856346246795531  0.82834494798208747  0.83740598599045279
  0.84694908531425050  0.85732781588295537  0.86786893399512877  0.87827607689823461
  0.88869299574992455  0.89932306883035307  0.90964392487462853  0.91998978649974128
  0.93105072775286024  0.94159003368397720  0.95163552870742263  0.96173589739545573
  0.97207008145343776  0.98193942377324395  0.99122339302072981  1.00000000000000000
  0.18103255664635939  0.31725387827512463  0.32760099034591533  0.33807294329501103
  0.34796819646251476  0.35839457486000159  0.37082024728687446  0.38135464374506223
  0.39018275851010004  0.39887511774657031  0.40827882458260589  0.41952457001358601
  0.43024767143853732  0.43975896409179560  0.44763598243280706  0.45537495352855611
  0.46245310424199187  0.46943777801401276  0.47643462430808342  0.48294432400372006
  0.48952504962723214  0.49582575150472941  0.50234433686339997  0.50821464831725105
  0.51400337511702465  0.51978031519240331  0.52564361368104540  0.53141658870407393
  0.53703255993040233  0.54250656601204172  0.54790795276927828  0.55340763227551482
  0.55908414002787554  0.56480930435041810  0.57053810728227417  0.57620483294331082
  0.58173719370788324  0.58711647964820612  0.59232123058582631  0.59762323125484151
  0.60309766556034206  0.60883332072219887  0.61458806431198454  0.62024492235090267
  0.62596264186405770  0.63180231530643527  0.63770489884064963  0.64372768831631932
  0.64939454172673150  0.65481489863105136  0.66021829628189954  0.66560383003351142
  0.67090998736824548  0.67616433301954215  0.68127071944488693  0.68660893691190195
  0.69221828938287167  0.69822125328765516  0.70412222076699571  0.71002699738601094
  0.71607033093057426  0.72216345592784170  0.72828865330369008  0.73437771215577996
  0.74060557017566642  0.74726858678055719  0.75387572140710635  0.76035587276318173
  0.76673370300954813  0.77293168764013553  0.77887053429008268  0.78448572152360918
  0.79010412912798655  0.79584421757595103  0.80194986254052192  0.80820711053964189
  0.81428984357881606  0.82038664033015196  0.82664050863280303  0.83317015536794714
  0.83996496632040507  0.84670316474446305  0.85334676046909330  0.85996350692415813
  0.86654377107392133  0.87309797299021319  0.87973914097118044  0.88704163249320611
  0.89509646591635328  0.90435352145149595  0.91383859699626446  0.92465647544697815
  0.93729401562805559  0.95145706558081933  0.97013482807912721  1.00000000000000000
 -0.02031675514829222  0.11200887632070251  0.14511760448774111  0.16620306382875255
  0.18292871366016225  0.19694893378445372  0.20993300596909864  0.22226000142959340
  0.23375958968704297  0.24406449411630549  0.25393504338939998  0.26295102946100191
  0.27170327717439191  0.28015549046800925  0.28864548953763164  0.29716525167332897
  0.30560639398157524  0.31375961951448200  0.32143906341008976  0.32877739034252851
  0.33589674016038562  0.34303044814652528  0.35006077402505337  0.35687260589583486
  0.36336033726760902  0.36960808224630226  0.37592105761001410  0.38227798692105586
  0.38846455436336935  0.39442720777525359  0.40014521894222693  0.40565478479763289
  0.41152561976819046  0.41736871945926157  0.42328088833539446  0.42894958916725534
  0.43417618360390325  0.43894468288878147  0.44350742497175177  0.44814079348589919
  0.45306276630601278  0.45834463431069972  0.46370453328783434  0.46892680620212551
  0.47428654136830317  0.47970033804376705  0.48520543895625240  0.49052063445469357
  0.49549417604599155  0.50048807200163048  0.50575057635805276  0.51104809644474825
  0.51641789946312944  0.52151196762070751  0.52668647634485188  0.53197491372903771
  0.53738689982663612  0.54255114992306053  0.54790481528145729  0.55326515736567639
  0.55879162675205230  0.56462111771001022  0.57062552344685880  0.57663785423605773
  0.58250124331663478  0.58836096084385836  0.59441361971589035  0.60038330272442941
  0.60671324619679767  0.61293257624993025  0.61920902266341793  0.62564192501032989
  0.63216179313902809  0.63879223019293041  0.64550007106758700  0.65252259066165574
  0.65989898785952938  0.66758861844247375  0.67579827954133465  0.68375390494828214
  0.69186754704886255  0.70022468315413389  0.70901600809528287  0.71817338194818514
  0.72776968869825232  0.73812184664721259  0.74947651729839115  0.76150362778451997
  0.77391599173458092  0.78694759651859336  0.80100753515626610  0.81715291907419474
  0.83535059180308457  0.85734821119321503  0.89120881741414271  1.00000000000000000
   2.3886796547047780E-010  -1.0000000000000000     
 F F F F F F F F F F F F F F F F F F F F F F F F F F F F F F F F F F F F F F F F F F F F F F F F F F F F F F F F F F F F F F F F F F F F F F F F F F F F F F F F F F F F F F F F F F F F F F F F F F F F F F F F F F F F F F F F F F F F F F F F F F F F F F F F
  <DiscreteSampler_grid>
  grouped_processes
  1 # 1 for a reference and 2 for a running grid.
  10 # Attribute 'min_bin_probing_points' of the grid.
  1 # Attribute 'grid_mode' of the grid. 1=='default',2=='initialization'
  0.0000000000000000 # Attribute 'small_contrib_threshold' of the grid.
  0.5000000000000000 # Attribute 'damping_power' of the grid.
 # binID   n_entries weight   weight_sqr   abs_weight
    19   10   1.894325600017329E+003   1.568187704358117E+007   1.894325600017329E+003
    20   10   1.894325600017330E+003   1.568187704358119E+007   1.894325600017330E+003
  </DiscreteSampler_grid>
