  0.00737228631691308  0.02345182366235707  0.04418308565641802  0.05601127593222542
  0.06709545299598002  0.07713051707198028  0.08680857216223800  0.09645945871229511
  0.10778273620970308  0.12021950185398396  0.13030087418798261  0.13991383992183631
  0.14905777887246524  0.15790679337291791  0.16755148647203891  0.17920243139403477
  0.19123537603261004  0.20420766742481006  0.21789236769321305  0.23205080714666590
  0.24516193839587633  0.25717390218671171  0.26863260459783417  0.28036508682913053
  0.29242235698422114  0.30254562587426920  0.31137332595925088  0.31939685247045924
  0.32828303415673904  0.33738385989657804  0.34666098106792792  0.35503226157368728
  0.36289483805421519  0.37085183203744287  0.37988656267397092  0.38862399442475859
  0.39679890922473421  0.40545786958523244  0.41498524926865538  0.42193779027743089
  0.42974289183151176  0.43791609455694319  0.44787955356187792  0.45793618074845732
  0.46905519351063513  0.48064849931825432  0.49454447363019582  0.50990532043595704
  0.52301170169112388  0.53468358791026205  0.54559576158560630  0.55626668086110409
  0.56637192564941641  0.57486493263999394  0.58253395848832257  0.59074427066788682
  0.60081954897694956  0.61110286669550673  0.61890700986331215  0.62595560882090295
  0.63415647751770732  0.64341597815257268  0.65300504975907703  0.66316713610931921
  0.67324330386214426  0.68404021517991875  0.69443599821748647  0.70393700553154792
  0.71355923519637499  0.72427662883059907  0.73360646340444302  0.74250903524626832
  0.75164327972724232  0.76168469997347421  0.77260811033981525  0.78346907155719658
  0.79449729669769287  0.80488164738534729  0.81554441138429445  0.82557445197044665
  0.83363424361085803  0.84273454856888763  0.85287743027567575  0.86468112069923442
  0.87930066385167960  0.89246762628250009  0.90549372424058872  0.91985948439644449
  0.93547252984017193  0.95125513725908417  0.96284877665949709  0.96966862966733824
  0.97661170184922497  0.98277615994368128  0.99081589558203154  1.00000000000000000
  0.00009860611255877  0.00010429841083477  0.00010989637780586  0.00011375709747045
  0.00011665849715631  0.00011898065191527  0.00012107673537612  0.00012320972715664
  0.00012543935737059  0.00012769774524738  0.00013004454656648  0.00013221874799416
  0.00013441124398992  0.00013662204706914  0.00013887330674295  0.00014138313606236
  0.00014382802930689  0.00014638542191659  0.00014861960323674  0.00015056458576858
  0.00015240802637472  0.00015409534810010  0.00015578612116000  0.00015716085740032
  0.00015853956103908  0.00015999448972003  0.00016158111263068  0.00016333474998752
  0.00016548634093153  0.00016780674283444  0.00017030464170558  0.00017297629317522
  0.00017558766044363  0.00017804230251081  0.00018044637263290  0.00018299080776847
  0.00018585837860783  0.00018916299389983  0.00019266235025666  0.00019583503570021
  0.00019857029998362  0.00020161694001568  0.00020484716761913  0.00020836111186171
  0.00021217545593001  0.00021622074252561  0.00022031476734752  0.00022429386891188
  0.00022826808953787  0.00023237219771270  0.00023677234903489  0.00024117950758757
  0.00024476205926455  0.00024767269632755  0.00025077353152421  0.00025407331926837
  0.00025752658173911  0.00026309997153606  0.00026928771470407  0.00027524406830206
  0.00028070800614385  0.00028591745893523  0.00029128348446356  0.00029695518996630
  0.00030310186726531  0.00031012099232287  0.00031878932474980  0.00032709361606071
  0.00033455995939770  0.00034200097974934  0.00035009512559185  0.00035900702920548
  0.00036833159546205  0.00037788321030390  0.00038646601760407  0.00039900537408059
  0.00041013270773162  0.00042072286111801  0.00043203343277983  0.00044317282864156
  0.00045711371356502  0.00047320662615255  0.00049279120957079  0.00051684188264664
  0.00054156159160096  0.00056607101832589  0.00059000743857204  0.00062942080955131
  0.00069323967206522  0.00082798391855247  0.00105558940765866  0.00133932816555994
  0.00181626532809672  0.00318286030367179  0.07615657591481602  1.00000000000000000
 -0.00002098494881935  0.00039872207963663  0.00120484161427429  0.00228631965899950
  0.00385823224271359  0.00604756184440502  0.00888523914381778  0.01205085767789818
  0.01640673660175762  0.02124581765713613  0.02663384700244173  0.03261013966416827
  0.04061894174200964  0.05014599156399244  0.05986046897351503  0.06791285240840846
  0.07572041179788550  0.08310581083027416  0.09190257970975992  0.10263500237290235
  0.11400482257813205  0.12536638388189658  0.13563067432263631  0.14497837677108028
  0.15320373696098774  0.16073275754181141  0.16826228097878551  0.17632895242077565
  0.18477830756112476  0.19391121811540785  0.20319224720690432  0.21309145640816171
  0.22315086761881739  0.23440757658844508  0.24558590072446995  0.25651462807488229
  0.26447131244108318  0.27269439961326841  0.28110753687241374  0.28955335643560765
  0.29884418588460748  0.30780978597243841  0.31647046574037385  0.32580216394525574
  0.33613486440234436  0.34688608340404131  0.35867712788210809  0.36903205125387278
  0.37855572327818304  0.38799173032578549  0.39744507050129385  0.40718449073533308
  0.41743239171414792  0.42813946633928573  0.43939731034078561  0.45133692092915062
  0.46382528954057484  0.47683232174654827  0.49054285095594108  0.50489542657944986
  0.51923121001309991  0.53151795850844408  0.54518541109178953  0.55811930669592713
  0.57036411055288194  0.58285870116423599  0.59611474781489249  0.61107824260373511
  0.62612384101420671  0.63988180986881771  0.65406784016867880  0.66684717425656925
  0.67993375323467575  0.69319267596122558  0.70760673889122550  0.72452680107462319
  0.73922821883625300  0.75414672903812541  0.76926587061770335  0.78549477342684504
  0.80128104843782444  0.81750218680060294  0.83151151080379559  0.84367448255665134
  0.85676335583875640  0.87103257865050498  0.88363963242605348  0.89461877799398826
  0.90738649832987228  0.91989137146271482  0.93311694873420037  0.94783289003806481
  0.96301525343598271  0.97705797798804572  0.98866842947753986  1.00000000000000000
 -0.00215237298090679  0.00593957303018938  0.01429992162493721  0.02343178755708109
  0.03350181911142942  0.04510778097689373  0.05849880602140080  0.07218044683794807
  0.08453842289538027  0.09493946151827927  0.10682654906909422  0.11584191341301522
  0.12310439831326060  0.13099483072846282  0.13886847056264223  0.15081106411117895
  0.16427071211133773  0.17682799434769669  0.18846973004671147  0.19998274325633666
  0.21226743870860962  0.22665480867414439  0.24305253183532130  0.25732904454638456
  0.26908738731396398  0.28036188364768450  0.29126119633697434  0.30190298540350691
  0.31350758877509566  0.32521104462070521  0.33690726911054014  0.34851185096226739
  0.35977165877750594  0.37228622226272728  0.38398194980785882  0.39384259199525745
  0.40325891223772975  0.41245162887679848  0.42185752004114896  0.43231005550649942
  0.44390000319338646  0.45683613830114445  0.46923134265142413  0.48201122583435274
  0.49717687584823178  0.51295950386972933  0.53416655770335142  0.55016553165995241
  0.56173939043803334  0.57260914708666411  0.58354544602643388  0.59406914270680888
  0.60595087738274123  0.61971292243331755  0.63467221311307953  0.64851089984234267
  0.66131943828539830  0.67399710982881211  0.68575067711671966  0.69686310219628189
  0.70756993191660456  0.71850105270914399  0.73033460521249594  0.74123229148027958
  0.74966020415494572  0.75725523211285228  0.76434522985501308  0.77168018497961233
  0.77970567072104457  0.78683949754197935  0.79418121423564547  0.80106102766393317
  0.80895326543564650  0.81850888555145596  0.82877949020608821  0.83889522318658005
  0.84828918154202237  0.85758424976694092  0.86684844034188624  0.87470273406900245
  0.88097887496507565  0.88695787443665386  0.89345453312221657  0.90018105748724597
  0.90779889691423488  0.91693413369204502  0.92749778102994662  0.93713037509855279
  0.94654493519080463  0.95574431636299684  0.96302775449705813  0.96901429488962187
  0.97471724150204775  0.98162850918591138  0.99012766789328921  1.00000000000000000
 -0.00703515234961641  0.02745211042892096  0.04793568985762574  0.06443418240586314
  0.08462175150083151  0.10445507356017066  0.12220200159930809  0.13864505225467383
  0.15115260416946349  0.16054790183615683  0.17122791927918490  0.18129388652561268
  0.19112632894648390  0.20061833616571562  0.21223136882977639  0.22511170498678043
  0.23781286246007671  0.25227264588179227  0.26663971721850005  0.28059288338238775
  0.29294616831426562  0.30347340341173890  0.31391526096402467  0.32398122309551786
  0.33373440600280774  0.34430851185880784  0.35734925918806776  0.37060084927219605
  0.38207125243631762  0.38990486272449049  0.39838573580569536  0.40724301784568823
  0.41502776579469358  0.42216510032894405  0.42955317576186730  0.43683315431326752
  0.44444090350592269  0.45215044379475555  0.45991400259234400  0.46776686531581596
  0.47510711667632521  0.48208947090995163  0.48953772765074377  0.49675172370144610
  0.50442222537219705  0.51276408750308988  0.52084343330597416  0.52882856322882765
  0.53640983438462431  0.54372369415341937  0.55076505337478066  0.55765506540994436
  0.56452626583079957  0.57195129662524369  0.58020512982567496  0.58799365218151911
  0.59644775776363335  0.60538791405696668  0.61354060073209193  0.62021693563630831
  0.62629989045902457  0.63223806657734183  0.63737781877344957  0.64361148495334619
  0.65128740147921726  0.65946889846078660  0.66734739010888933  0.67474074961089792
  0.68257066111865139  0.69105705885797797  0.70050486514112265  0.70931736874796802
  0.71748477844224257  0.72600805793649736  0.73592095976094685  0.74818456572400904
  0.76386705600217431  0.78005400215433995  0.79120355535813902  0.80037210063900222
  0.80899902165190263  0.81813500192750643  0.82930871434910358  0.84198391354460744
  0.85448418457526487  0.86570358684755988  0.87630221822116372  0.88790152286331836
  0.89764923218274417  0.90759970139937285  0.91798000467536656  0.92735467047182640
  0.93890951676398871  0.95796659774117165  0.97916508242248168  1.00000000000000000
 -0.00388047384908137  0.01514909183759667  0.03003860043799085  0.04563656831902357
  0.06238393268568991  0.08072750753860439  0.09672459264978725  0.11027326832350091
  0.12309944182879351  0.13538950166462280  0.14552494755890341  0.15419374353466478
  0.16295852396562521  0.17376659982114803  0.18590667848231032  0.19674130096452544
  0.20685161701861354  0.21541691814612116  0.22319052889713281  0.23236685315303002
  0.24181455873869329  0.24989785052403130  0.25712588355988802  0.26420608996785361
  0.27063976239510845  0.28056832302986712  0.29121803151009251  0.30257839868170855
  0.31415447926122353  0.32584782338443147  0.33779014130652552  0.34782772914704141
  0.35721378880419280  0.36544826373608724  0.37522464283269841  0.38364321021872949
  0.39028316871819196  0.39724302326404787  0.40349111938925253  0.41336930934542349
  0.42400550562421951  0.43622518160204077  0.44532133795498330  0.45306042900704790
  0.46101881711146031  0.46930901602203468  0.47770884528524893  0.48595796168795369
  0.49637935796982580  0.50784626511477127  0.51903332451764417  0.52967615755277264
  0.54038052090519950  0.55319714326210778  0.56666078436971590  0.58032951838644498
  0.59124296753116612  0.60087387341335197  0.60983494383126613  0.61910477249425544
  0.62810471049871297  0.63616194898117240  0.64335358722419911  0.65083021178994982
  0.65912203039838735  0.66780072452348516  0.67704145561387052  0.68684193646111380
  0.69635978354626782  0.70658031247251696  0.71995005324206451  0.73518009519158167
  0.75077461122153610  0.76614700823812432  0.78052082736753581  0.79223153593799089
  0.80294999188407878  0.81288261433368936  0.82257609039824642  0.83339335597048569
  0.84504518057173439  0.85859985354438051  0.87350608010768238  0.88374853957186039
  0.89234771004248281  0.90182234601392419  0.91150282847328257  0.92185071970094801
  0.93183723348861658  0.94210375686844061  0.95268340011888208  0.96194272566808781
  0.97030021130747535  0.97872630101438685  0.98851829825976334  1.00000000000000000
 -0.00514620690464025  0.04332817939021681  0.08201944630466818  0.12355732772453380
  0.15569200292968025  0.17618203920355630  0.18993439761572667  0.19840301075655686
  0.20583994876951570  0.21329582198570374  0.22136237638727363  0.22924156791944886
  0.23642067179242854  0.24328447897684849  0.25133965479438247  0.26128118735290756
  0.26780225394653945  0.27402339659629371  0.27967574137334439  0.28714816102073970
  0.29666762163763155  0.30781165534413318  0.31715424005309684  0.32639616340742045
  0.33478374461707622  0.34239496349458542  0.34816306347047254  0.35319767432491489
  0.35799768518338476  0.36312523725224533  0.36848981160680566  0.37349709644005091
  0.37827888570828910  0.38305480293461996  0.38794588059538399  0.39262273862383329
  0.39731620572114634  0.40321293329415464  0.40889253712210705  0.41530810930437295
  0.42340047882721543  0.43297237891535784  0.44200368220335162  0.45024156199666165
  0.45767624688258213  0.46467645270909858  0.47168317686636635  0.47865945506754992
  0.48511444500184059  0.49089972478917848  0.49622594468176962  0.50096494531439895
  0.50601832067125374  0.51126071973969867  0.51780365252383320  0.52459816214997046
  0.53092217014834286  0.53672018261420418  0.54226920003087986  0.54742762372282017
  0.55250476523254066  0.55731734676644995  0.56194070023925491  0.56757497061253837
  0.57353597839110781  0.57967537525988722  0.58542492991105044  0.59101828865380379
  0.59719532852801138  0.60409761899922743  0.61018084070594192  0.61644624153053451
  0.62351553961895978  0.63067875806159246  0.63807546953133998  0.64582536912766697
  0.65444139296922044  0.66276322047995384  0.67140053251381748  0.68011159336333482
  0.68957530833707381  0.70108202119678165  0.71575345112597100  0.73251741504450574
  0.74439689962744560  0.75746822700806848  0.77062728447604711  0.78468636335592468
  0.79633817476326141  0.80664954046744874  0.81901760052693851  0.83920342433828343
  0.86148637000074479  0.88804387878860924  0.92788451338936451  1.00000000000000000
 -0.00389841419021591  0.01028261401194842  0.02459879478820596  0.03903456700410909
  0.05376508652745408  0.06968219560244024  0.08417081284946214  0.09523395691373558
  0.10531095249739897  0.11484241556807345  0.12406383328012544  0.13354734674033095
  0.14217467626913427  0.15510654487415551  0.16617584991581566  0.17534131650548457
  0.18429161497614865  0.19460023001693047  0.20538704109993780  0.21605018593236916
  0.22789263343256852  0.23951735151531123  0.24984025742597937  0.25979033015703407
  0.26974833640659068  0.27679551284813608  0.28408974854642305  0.28960462186650249
  0.29941410616410158  0.31112926985664263  0.32445811069337910  0.33776064486217083
  0.34958935712799338  0.36088102622460760  0.37299079585206213  0.38444036333646942
  0.39338081688781018  0.40251058372119530  0.41164263812226476  0.42099453070663589
  0.43172365060756918  0.44290031150177472  0.45285177080917671  0.46208190943766331
  0.47092933829244160  0.48007626325334751  0.48987905116585195  0.50250922039950441
  0.51740013348902580  0.53084048651463833  0.54253753853275644  0.55263595144357591
  0.56180359544772018  0.57150971562753217  0.58189493028070483  0.59548898638517700
  0.60896213823599910  0.62140567789149459  0.63263481763349660  0.64395587178754166
  0.65440519877367131  0.66453861637486900  0.67448616362372327  0.68531979660255793
  0.69452682856652526  0.70322837804586946  0.71203919482122791  0.71990023170229056
  0.72977304435828627  0.73841095863359807  0.74599544400901063  0.75440417377779323
  0.76441845253530727  0.77201782819992448  0.78444520246786542  0.79622554996107253
  0.80675815036042497  0.81889432550680930  0.83171749683474938  0.84577009886675947
  0.85801257702670986  0.86847700300257291  0.87702481920981290  0.88487089856934564
  0.89332548208748630  0.90300382770419663  0.91256762501539412  0.92063141156328354
  0.92876775843136505  0.93650972069843030  0.94512164006981814  0.95430179864116571
  0.96336245548373700  0.97173948823088974  0.98384328700599677  1.00000000000000000
  0.04131911214050964  0.36680935892162669  0.41089548915521712  0.42759073192270469
  0.43820804880530878  0.44834952467106037  0.45871220103779003  0.47011425056227779
  0.48395506717167902  0.50053519299249782  0.51392148828535866  0.52596822252388742
  0.53697560489233553  0.54776087856263755  0.55931111628572361  0.57145547456641221
  0.58521866150419555  0.59666968207278570  0.60822630769352903  0.61838830560853519
  0.62894893975976540  0.63773113149753513  0.64886424238237994  0.65769053582327541
  0.66465282189632602  0.67128921437431888  0.67729948499175285  0.68157056403630312
  0.68563910169457576  0.69081923338070306  0.69846167887912669  0.70576099022047423
  0.71315308266868183  0.72289866909158962  0.73447696376662330  0.74461991447630693
  0.75349163608143988  0.75996850379838310  0.76545032511458433  0.77136219523539107
  0.77720453280324064  0.78318141251351536  0.78913246827390482  0.79523382011988863
  0.80146405054230385  0.80864532245182352  0.81561444606358102  0.82196868768761844
  0.82846211774710476  0.83374495355185763  0.83794147898564408  0.84199338599445328
  0.84602553107817613  0.85019093700713400  0.85480104991182670  0.85935684593276762
  0.86370452658538321  0.86807275492387326  0.87212390051730559  0.87557921794514437
  0.87827746429426901  0.88070419550959766  0.88306037384892855  0.88539392859314647
  0.88754077623780714  0.88983314766524724  0.89221340943573668  0.89467442983350498
  0.89726102161779253  0.89963788714965920  0.90213272650689835  0.90472710749311935
  0.90720549774176695  0.90983492000910404  0.91275589451127559  0.91582863831700489
  0.91867733399551244  0.92109387099635542  0.92335542758178624  0.92560420865228410
  0.92799010228942636  0.93086971459574774  0.93401020532082035  0.93652906514221457
  0.93965503479917345  0.94291559194235541  0.94591300897158848  0.94908611923774944
  0.95226997215097753  0.95558310893290399  0.95917827048880744  0.96333419062655279
  0.96868379542322680  0.97572722615672203  0.98483293224403667  1.00000000000000000
 -0.02033099040589768  0.10361833932789652  0.13725401680720117  0.16124885805282396
  0.18036469841431663  0.19457996426837326  0.20646110581754337  0.21807271108214971
  0.22918946426813666  0.23830799127266383  0.24864304603072218  0.25968507183934425
  0.27111432314729561  0.28003685385427735  0.28832422065557828  0.29557859290230437
  0.30213926011206710  0.30828023438330265  0.31449753491038845  0.32133401398019495
  0.32841162817774822  0.33718898111391132  0.34690720956829307  0.35656612991507303
  0.36682419082282353  0.37476428731213879  0.38168443585274348  0.38867950776558524
  0.39572656531252581  0.40229141809380664  0.40812833455131603  0.41397462974771093
  0.41919326849882754  0.42354452587020780  0.42828990708241421  0.43304304679345551
  0.43827622329852756  0.44625306082320593  0.45322183875711330  0.45937661878800834
  0.46526098201767646  0.47108492065975571  0.47712743482448838  0.48335790078728008
  0.48988257183875866  0.49679702752939270  0.50409221482637312  0.51074577751378614
  0.51597322035364224  0.52079812382111079  0.52514058421100351  0.52976690537072513
  0.53435656332962378  0.54000062664774406  0.54579176501780102  0.55110782505452738
  0.55667344697662879  0.56257196253006259  0.56811140436578755  0.57389440118370871
  0.57970254485324169  0.58573977936117128  0.59154444132382045  0.59735785482724590
  0.60310303376458529  0.60906522047455103  0.61498749530111085  0.62207700900421437
  0.62943112087854558  0.63563351080472552  0.64123720494208980  0.64606410658252189
  0.65112783764656468  0.65653647130360393  0.66131453753679881  0.66643299898394448
  0.67179387728616402  0.67716888663371533  0.68370190495225780  0.69297422275053744
  0.70481060506709958  0.71801367858926946  0.72923210421382534  0.73849415822986642
  0.74601417698390060  0.75299126403996697  0.75962686845241312  0.76702627776232513
  0.77575094595680483  0.78572671424451890  0.79566989668270593  0.80597785614117523
  0.82158491297906044  0.84429050213423606  0.88357367513655216  1.00000000000000000
   1.7922570083082555E-014  -1.0000000000000000     
 F F F F F F F F F F F F F F F F F F F F F F F F F F F F F F F F F F F F F F F F F F F F F F F F F F F F F F F F F F F F F F F F F F F F F F F F F F F F F F F F F F F F F F F F F F F F F F F F F F F F F F F F F F F F F F F F F F F F F F F F F F F F F F F F
  <DiscreteSampler_grid>
  grouped_processes
  1 # 1 for a reference and 2 for a running grid.
  10 # Attribute 'min_bin_probing_points' of the grid.
  1 # Attribute 'grid_mode' of the grid. 1=='default',2=='initialization'
  0.0000000000000000 # Attribute 'small_contrib_threshold' of the grid.
  0.5000000000000000 # Attribute 'damping_power' of the grid.
 # binID   n_entries weight   weight_sqr   abs_weight
    19   10   8.758078035435786E-005   3.355837411545578E-008   8.758078035435786E-005
    20   10   8.758078035435790E-005   3.355837411545581E-008   8.758078035435790E-005
    31   10   2.519175580979191E-004   4.339615405352328E-007   2.519175580979191E-004
    32   10   2.519175580979193E-004   4.339615405352337E-007   2.519175580979193E-004
  </DiscreteSampler_grid>
