  0.00000256299709227  0.00000271690707693  0.00000284097209285  0.00000299118474889
  0.00000315746000074  0.00000336658075702  0.00000361236088900  0.00000388473279071
  0.00000418217744484  0.00000450928763611  0.00000487045661971  0.00000526972473127
  0.00000570621540074  0.00000618288119814  0.00000668535385935  0.00000721824088297
  0.00000777864618738  0.00000836454968551  0.00000897235934765  0.00000959875107254
  0.00001024257609095  0.00001092038989261  0.00001162688905356  0.00001236668991936
  0.00001314215130822  0.00001396467715929  0.00001483084616078  0.00001573663093779
  0.00001666757201446  0.00001761122932244  0.00001855874732016  0.00001952887695893
  0.00002054633215635  0.00002161873663968  0.00002274348172853  0.00002390692135557
  0.00002510640424463  0.00002635283985024  0.00002764690075378  0.00002899439747419
  0.00003039215931147  0.00003183697055208  0.00003333943502094  0.00003489373743786
  0.00003651377174733  0.00003815724818187  0.00003984513462859  0.00004159972632357
  0.00004342630000727  0.00004531933366870  0.00004728930239074  0.00004935140940216
  0.00005150831142079  0.00005373446941793  0.00005604550774305  0.00005851116317862
  0.00006110692238810  0.00006376069619805  0.00006651930442225  0.00006936428099893
  0.00007229889758927  0.00007530160396138  0.00007861564275468  0.00008223162554943
  0.00008599479474367  0.00008983597406082  0.00009390200407560  0.00009811452064677
  0.00010269737240389  0.00010758141593199  0.00011284023765434  0.00011870476291048
  0.00012512184586737  0.00013205270944251  0.00013942659120358  0.00014722844906083
  0.00015585001537646  0.00016531081704688  0.00017563792652905  0.00018715629174326
  0.00020049227666469  0.00021592698303495  0.00023343051016810  0.00025305295102300
  0.00027616306350607  0.00030605420807017  0.00034331065098541  0.00038898204301691
  0.00044894235594873  0.00052981717489282  0.00064770012032191  0.00086626744663736
  0.00137758382162236  0.01782322949081797  0.16908343204356724  1.00000000000000000
  0.00000228851697675  0.00000284630458747  0.00000331684446509  0.00000379294673088
  0.00000429268787872  0.00000481012208716  0.00000534111210745  0.00000587995563554
  0.00000642592722473  0.00000700099198146  0.00000762085352064  0.00000827613681356
  0.00000895729554745  0.00000965789718080  0.00001036988899296  0.00001109304583467
  0.00001183453265379  0.00001260430053211  0.00001340232655384  0.00001421990943623
  0.00001504876135335  0.00001590226762917  0.00001677738126563  0.00001767636184245
  0.00001860036619150  0.00001955632428371  0.00002053217153280  0.00002153897217636
  0.00002256247738642  0.00002362348043259  0.00002470992726957  0.00002581249532427
  0.00002693988379313  0.00002812200840073  0.00002930275255525  0.00003054239033359
  0.00003187486447669  0.00003323962883836  0.00003463816518995  0.00003607408078180
  0.00003757950419205  0.00003913450019873  0.00004075111864250  0.00004241720263122
  0.00004412585199487  0.00004584561090747  0.00004763923525809  0.00004951274435673
  0.00005147986638792  0.00005357207156959  0.00005570236359498  0.00005793762062490
  0.00006026563961927  0.00006264557781171  0.00006517239634900  0.00006785046898709
  0.00007064066642188  0.00007356365358842  0.00007664410299620  0.00007988287273868
  0.00008317013949131  0.00008665358270347  0.00009044544908946  0.00009447801683093
  0.00009871009544120  0.00010312338193573  0.00010786779731081  0.00011294935037969
  0.00011831581866270  0.00012393377547477  0.00012978159884148  0.00013589015592458
  0.00014244255023562  0.00014982643336826  0.00015813915173171  0.00016711759982311
  0.00017696113256830  0.00018758404240084  0.00019905489707055  0.00021235942811794
  0.00022715275000666  0.00024394252804380  0.00026338734423955  0.00028512382291318
  0.00030918038987549  0.00033622163099856  0.00037013419398894  0.00041435662224605
  0.00047385592324143  0.00056306628162759  0.00070213270716603  0.00094273949575368
  0.00151109071233603  0.00432986862299160  0.09287706730548792  1.00000000000000000
 -0.00246903007222181  0.00973942160369080  0.02008752233997325  0.03079786305396370
  0.04217298904238975  0.05311155310400276  0.06355434229827379  0.07391591322668896
  0.08422018072835118  0.09447488211341210  0.10452572972646022  0.11422365243366897
  0.12396255105498302  0.13393540149556551  0.14474860428795164  0.15548362956050132
  0.16643235164537448  0.17748354038339359  0.18846830054325056  0.19933334505544581
  0.21021256823702048  0.22128232329246286  0.23232868534437343  0.24328627935950445
  0.25414178015185257  0.26479692640000224  0.27528578780146101  0.28573348791341546
  0.29600242551599104  0.30634291413632314  0.31656728334162471  0.32731489676385406
  0.33809926367121990  0.34898726830059679  0.35961361907998335  0.36989410328930411
  0.38004930843318702  0.39016860396772929  0.40097102700223269  0.41168368710551034
  0.42251865022359142  0.43313552208819178  0.44390117692678233  0.45459872721571415
  0.46535079959540793  0.47622530958332615  0.48697065518619126  0.49760488825113469
  0.50805981031353764  0.51853904022558306  0.52916687867807155  0.53994549768267242
  0.55076061538105237  0.56136712157101598  0.57208123180759796  0.58228846302991855
  0.59225885390176225  0.60226756818237848  0.61283006639812154  0.62393764929836970
  0.63439557202046537  0.64445002914087246  0.65460947913884515  0.66508121006862908
  0.67585237333515091  0.68647480531163074  0.69730597364107783  0.70851154180420395
  0.71960382778063414  0.73032649759819035  0.74067510202881182  0.75099171538074438
  0.76172182043059289  0.77228438079539874  0.78272965699650610  0.79284066687766230
  0.80310449669285722  0.81336650320244042  0.82376650833113541  0.83399963657584908
  0.84397651565807563  0.85395320807856856  0.86400807021391379  0.87446629358503780
  0.88528223581454135  0.89608454851842589  0.90694612020317733  0.91752211817145379
  0.92791470017892907  0.93844228975683430  0.94889023294226693  0.95875155267870671
  0.96867062201593712  0.97858278886160077  0.98985509634927726  1.00000000000000000
  0.00006315042219944  0.00019587947448143  0.00031642026463667  0.00043307611650961
  0.00055249151783463  0.00067935735304957  0.00081684719835074  0.00096243164109412
  0.00111360796046508  0.00126909614221893  0.00141499762457962  0.00156322552939121
  0.00172383025176527  0.00189338696273408  0.00207011142406824  0.00225535121816182
  0.00244837142008643  0.00265149097076456  0.00286475507284078  0.00308662492631361
  0.00331702383481823  0.00355628867198165  0.00380517181621596  0.00406238247467789
  0.00433101739466199  0.00460615289586866  0.00488686436182903  0.00517450678275932
  0.00547043425425611  0.00577505778067016  0.00608806205086276  0.00640974221166490
  0.00673983029717270  0.00707852914800239  0.00742669094172919  0.00778472531144905
  0.00815836781031035  0.00854573668481151  0.00894294123151430  0.00934430817594911
  0.00975813970088978  0.01018862949095085  0.01062741425368330  0.01108087114594374
  0.01154457830328061  0.01202144561120731  0.01251834094359038  0.01304380415611859
  0.01358860502225618  0.01415419462636931  0.01473322729683106  0.01532760436972015
  0.01594954522137804  0.01660371718369014  0.01728197603365443  0.01797558689041555
  0.01868084904013037  0.01939816367980688  0.02012441203040548  0.02088314159858264
  0.02169870282411405  0.02256111377984681  0.02344287541505553  0.02433662686258281
  0.02528574968507395  0.02630135233181615  0.02737918175001082  0.02848780408765811
  0.02961133900312423  0.03077133085959812  0.03200017859751411  0.03330599100997744
  0.03470352632126221  0.03610062492546221  0.03753333800414810  0.03908559679893538
  0.04076456487203958  0.04258004510942968  0.04441791880155414  0.04626870816731507
  0.04814219188174069  0.05030251604826811  0.05274025126450808  0.05532270757783693
  0.05822019437658407  0.06124094243848063  0.06455776842558955  0.06855251676114527
  0.07393581786241783  0.08056359153202382  0.08822691730627509  0.09832957187594392
  0.11072660741447130  0.13545015131937721  0.55590873937559226  1.00000000000000000
 -0.00213169949679484  0.00837137604166337  0.01831774384448870  0.02760316782649345
  0.03732449258149590  0.04770594322219394  0.05829644335167228  0.06877304015523052
  0.07889150747537622  0.08912031576592915  0.09946769841520277  0.10965106206341105
  0.11976035203026025  0.12985688174025248  0.14037903031123028  0.15083026660915994
  0.16119211850103099  0.17134260855513211  0.18148973300761906  0.19078791126874065
  0.20057719840076016  0.21040230731548432  0.22052044760911205  0.23081085401507423
  0.24096420405931407  0.25119411267427011  0.26176619830219983  0.27221648776155732
  0.28296587179463700  0.29328880261640383  0.30373154744915132  0.31443883490883079
  0.32577179592873601  0.33637211388921884  0.34578073550374450  0.35506252903068652
  0.36491111984454133  0.37570569500368423  0.38691454529867364  0.39847007327251488
  0.40991421128515854  0.42064673152859133  0.43156161874952653  0.44265817722453177
  0.45445286673691054  0.46640099765878140  0.47892831003847602  0.49180060325182795
  0.50447489839987647  0.51674444836395639  0.52878761416550057  0.54083047747064938
  0.55279984796228498  0.56456899505607139  0.57636831223587492  0.58748154716441081
  0.59884709918676959  0.60993218212639722  0.62079676605350775  0.63105410752449964
  0.64063049751186685  0.65020270257425317  0.65990454970532042  0.66963269735501540
  0.67938960474317245  0.68962361374116943  0.70065460490522002  0.71195782592812873
  0.72297280170396372  0.73361615116061707  0.74417947391997252  0.75489071254835338
  0.76559714464642858  0.77603473089866670  0.78609777921058432  0.79604219148842570
  0.80614321046937332  0.81652365577683905  0.82711120597865673  0.83762027349879886
  0.84826401175321398  0.85884364538227276  0.86925233358094078  0.87948378462320098
  0.88950197264496700  0.89963574147101977  0.91006178937134385  0.92053822062016832
  0.93069152587034976  0.94059443630134498  0.95045259658033499  0.96056125985250573
  0.97043411098466459  0.97985229461098433  0.98980912926851983  1.00000000000000000
 -0.02262008566942743  0.29689244697576561  0.36009477621108177  0.38173567231848277
  0.39498704623814185  0.40659137440921267  0.41741064855885762  0.42762448933377245
  0.43778112598191526  0.44820024656241175  0.45844742755002754  0.46797663213573926
  0.47708093242917687  0.48635267409781063  0.49590107420913287  0.50519846326174578
  0.51426910317418539  0.52363034559835786  0.53353422428565189  0.54348553457655868
  0.55304731935289486  0.56334705191715950  0.57419848230618020  0.58506936196869996
  0.59569223480155853  0.60611157539636884  0.61663635577888931  0.62699891800043028
  0.63738042779724213  0.64812456849152822  0.65970708369491071  0.67201901511543893
  0.68444027226468918  0.69645590642879018  0.70775532726199331  0.71856956467483990
  0.72965997992902420  0.74108767662301578  0.75234261790109414  0.76329429970550333
  0.77412082514036584  0.78452329598101300  0.79474721045033103  0.80470043853381401
  0.81459641365347024  0.82474111493913793  0.83474068686205993  0.84477280161111201
  0.85442515834517496  0.86361672057669048  0.87214236501838716  0.87987893768549552
  0.88712974527331045  0.89373152095335140  0.90010518078592316  0.90625706388691729
  0.91214396952880417  0.91765903465224519  0.92279586024535143  0.92765105320336139
  0.93219369371883443  0.93649823687653500  0.94048964823453807  0.94426551224683375
  0.94783238245025991  0.95121300315802249  0.95440866792654933  0.95739148947086128
  0.96011664322326218  0.96265571699204366  0.96507170338264203  0.96737527843808502
  0.96957078091266791  0.97165583590514348  0.97363518500095292  0.97550531539559304
  0.97727566569028257  0.97894917020874683  0.98053302455090241  0.98202839525517316
  0.98346393839763668  0.98484525498285280  0.98617334961030501  0.98745404919938218
  0.98865983833605109  0.98979551888114536  0.99087786983109005  0.99190867132781735
  0.99289779901660125  0.99385007208293319  0.99476472236555935  0.99564697910592570
  0.99651496331691680  0.99740959999098855  0.99856727702417059  1.00000000000000000
 -0.03351080308476768  0.14157424393563228  0.18530115519584098  0.21305169542615740
  0.23556271566542483  0.25461152186935021  0.27120717730382504  0.28624545184883909
  0.30003569773058791  0.31280206224742235  0.32485592155608711  0.33624555960147551
  0.34677932633143210  0.35657219170707122  0.36634412098886077  0.37620478156676929
  0.38568030951448112  0.39454212193971139  0.40304153545317950  0.41152442233071967
  0.42000344466024142  0.42831673893121763  0.43651162663080095  0.44461841871921648
  0.45236530850887896  0.45972005660436399  0.46685543915580557  0.47391177785072525
  0.48096718327134058  0.48793125900640533  0.49476185125830474  0.50140145826363669
  0.50782946532808515  0.51411623776617676  0.52038676209978907  0.52677121038565056
  0.53323837639324467  0.53968201282018913  0.54606966537651425  0.55244215749140868
  0.55878254668794580  0.56502709705716325  0.57108541882905395  0.57695416519257581
  0.58272580360940751  0.58853139008098632  0.59438349188757533  0.60014979659034784
  0.60590432831764918  0.61175388525964203  0.61745048516899259  0.62302039679931831
  0.62849019081931878  0.63397746576245928  0.63944749333723527  0.64489234437696541
  0.65040429859230631  0.65581939099045017  0.66108579994999261  0.66629080553457709
  0.67157997813547299  0.67699356692902424  0.68233716657560484  0.68763525792441016
  0.69284352564438978  0.69811806270973631  0.70363763140659552  0.70907723040286086
  0.71433727539812508  0.71957996024445070  0.72472974606773111  0.73006556463995309
  0.73552475794521666  0.74093178670877302  0.74630824444722277  0.75201400166031696
  0.75808703780777520  0.76411999734064850  0.77029588393920456  0.77646565021392766
  0.78274069981092542  0.78909721977759717  0.79577686477843601  0.80278843854163284
  0.80964755780473618  0.81639669458384045  0.82326245875163451  0.83109424410301658
  0.83926855447408732  0.84800644593746788  0.85738951874748015  0.86839607911868244
  0.88136818970795883  0.89785588812589701  0.92516324214541446  1.00000000000000000
   1.1482677218947224E-007  -1.0000000000000000     
 F F F F F F F F F F F F F F F F F F F F F F F F F F F F F F F F
  <DiscreteSampler_grid>
  grouped_processes
  1 # 1 for a reference and 2 for a running grid.
  10 # Attribute 'min_bin_probing_points' of the grid.
  1 # Attribute 'grid_mode' of the grid. 1=='default',2=='initialization'
  0.0000000000000000 # Attribute 'small_contrib_threshold' of the grid.
  0.5000000000000000 # Attribute 'damping_power' of the grid.
 # binID   n_entries weight   weight_sqr   abs_weight
    109   10   3.035518373203532E+002   2.426514582401846E+005   3.035518373203532E+002
    112   10   7.245121889939445E+002   1.404135500224520E+006   7.245121889939445E+002
    113   10   7.245121889939441E+002   1.404135500224518E+006   7.245121889939441E+002
    115   10   7.470364329724529E+002   1.509548028204394E+006   7.470364329724529E+002
    116   10   7.470364329724528E+002   1.509548028204393E+006   7.470364329724528E+002
    118   10   9.684826983144397E+002   1.687223847668877E+006   9.684826983144397E+002
    119   10   9.684826983144397E+002   1.687223847668876E+006   9.684826983144397E+002
    127   10   1.345939165870192E+003   4.266599747563476E+006   1.345939165870192E+003
    128   10   1.345939165870191E+003   4.266599747563468E+006   1.345939165870191E+003
    130   10   7.693754275631911E+002   1.604009936378328E+006   7.693754275631911E+002
    131   10   7.693754275631911E+002   1.604009936378326E+006   7.693754275631911E+002
    133   10   4.978803985628398E+002   6.502560812402986E+005   4.978803985628398E+002
    136   10   1.345939165870192E+003   4.266599747563474E+006   1.345939165870192E+003
    137   10   1.345939165870191E+003   4.266599747563468E+006   1.345939165870191E+003
    142   10   1.751339375105546E+003   5.427347436048241E+006   1.751339375105546E+003
    143   10   1.751339375105545E+003   5.427347436048236E+006   1.751339375105545E+003
    145   10   7.693754275631909E+002   1.604009936378326E+006   7.693754275631909E+002
    146   10   7.693754275631907E+002   1.604009936378325E+006   7.693754275631907E+002
    151   10   3.035518373203531E+002   2.426514582401846E+005   3.035518373203531E+002
    154   10   7.245121889939445E+002   1.404135500224520E+006   7.245121889939445E+002
    155   10   7.245121889939442E+002   1.404135500224518E+006   7.245121889939442E+002
    157   10   7.470364329724529E+002   1.509548028204394E+006   7.470364329724529E+002
    158   10   7.470364329724529E+002   1.509548028204393E+006   7.470364329724529E+002
    160   10   4.978803985628398E+002   6.502560812402983E+005   4.978803985628398E+002
    181   10   9.550083751407598E+002   2.464644029117838E+006   9.550083751407598E+002
    182   10   9.550083751407594E+002   2.464644029117833E+006   9.550083751407594E+002
    193   10   1.003726995943503E+003   2.704217237172543E+006   1.003726995943503E+003
    194   10   1.003726995943502E+003   2.704217237172538E+006   1.003726995943502E+003
    208   10   9.550083751407598E+002   2.464644029117838E+006   9.550083751407598E+002
    209   10   9.550083751407594E+002   2.464644029117833E+006   9.550083751407594E+002
    214   10   3.035518373203532E+002   2.426514582401846E+005   3.035518373203532E+002
    238   10   4.978803985628398E+002   6.502560812402986E+005   4.978803985628398E+002
    256   10   3.035518373203531E+002   2.426514582401846E+005   3.035518373203531E+002
    265   10   4.978803985628398E+002   6.502560812402981E+005   4.978803985628398E+002
  </DiscreteSampler_grid>
