  0.00000048827561538  0.00000105702949620  0.00000174534822995  0.00000251808275289
  0.00000336591596454  0.00000426429289293  0.00000521925831244  0.00000624802568293
  0.00000729504231586  0.00000838198394993  0.00000940026618402  0.00001041828165247
  0.00001144773470192  0.00001243038171258  0.00001339519891987  0.00001432701320198
  0.00001529246387219  0.00001624493178634  0.00001700950172612  0.00001770930641103
  0.00001837877741818  0.00001902312636350  0.00001966488841334  0.00002028741777413
  0.00002089091971174  0.00002145805525616  0.00002197716686777  0.00002247066323954
  0.00002294677550769  0.00002340703257128  0.00002385618228201  0.00002429454222638
  0.00002472509251006  0.00002514925652759  0.00002555535314531  0.00002592806331492
  0.00002630336764816  0.00002668288440623  0.00002705913110053  0.00002740793730104
  0.00002773333805706  0.00002807447863696  0.00002843113137488  0.00002877054428345
  0.00002918366897618  0.00002968336137418  0.00003463523973064  0.00004829238191799
  0.00004892006931761  0.00004944631075597  0.00004990754892917  0.00005037266549848
  0.00005083948868467  0.00005130216421513  0.00005177624776409  0.00005228445419526
  0.00005286213363136  0.00005346905240672  0.00005413622035170  0.00005484259422520
  0.00005557578229065  0.00005641558802070  0.00005729546923853  0.00005824901347420
  0.00005926899031371  0.00006035053800834  0.00006150337058964  0.00006273549780449
  0.00006399342510622  0.00006528317070248  0.00006664285716419  0.00006816508198795
  0.00007011998683730  0.00007227773175086  0.00007448942350446  0.00007683704766724
  0.00007933419670857  0.00008299908845260  0.00008737442455284  0.00009198708678032
  0.00009710730408678  0.00010375293057849  0.00011139592170522  0.00012042556307950
  0.00013085370114650  0.00014418989894845  0.00016198064490083  0.00018587932347835
  0.00022360199933121  0.00028460655013352  0.00038242388182121  0.00055528945139440
  0.00103335731188131  0.00329873394757750  0.04336396402073527  1.00000000000000000
 -0.00002176409296310  0.00025960663856830  0.00070722760519283  0.00144190698705942
  0.00248953792517520  0.00369361928460738  0.00505287906766482  0.00656196500232699
  0.00843192942991404  0.01060441246697127  0.01297214623947587  0.01558139579439823
  0.01837965213443500  0.02131495848248909  0.02412464934983970  0.02665803567864000
  0.02924882882406542  0.03212578423272137  0.03521947584969842  0.03846703393880585
  0.04178572093983572  0.04522361022132491  0.04854192335972016  0.05196966589090498
  0.05553893735163631  0.05907950099095838  0.06279994078874285  0.06778418837990943
  0.07210122583245469  0.07603129359352732  0.07996680918503250  0.08373516864492847
  0.08781331311513507  0.09224008377989046  0.09657639998672074  0.10053576327124560
  0.10433716712755474  0.10853085825200698  0.11314738600868775  0.11780462485412256
  0.12256692952145548  0.12724476032500992  0.13215267638493192  0.13861528409376395
  0.14549300401563214  0.15205457365481057  0.15810432389323401  0.16422701847292695
  0.17032872494759840  0.17611793932696063  0.18236823386072884  0.18877700112436463
  0.19540433315268885  0.20272358195004947  0.21098424873938562  0.21968114733763724
  0.22838806183857274  0.23698087195038026  0.24609032636285932  0.25500977966359689
  0.26355278349598715  0.27187930840976726  0.28009296596187799  0.28833497786978818
  0.29682063748522836  0.30542740165154875  0.31513748798019009  0.32488337974086423
  0.33504958883201930  0.34612014098845878  0.35851453577195930  0.37243859534009471
  0.38708775501810483  0.40241359838781215  0.41835725090308401  0.43456357048517130
  0.45113970602882375  0.46758266272535332  0.48347126162810095  0.49836629084598605
  0.51467635853253912  0.53227406566427471  0.55089727961415069  0.56903507085017968
  0.58627188455833279  0.60513224514351638  0.62535050541809734  0.64654431368449994
  0.67455088177444389  0.70355831442665573  0.73885582198951538  0.78133380426241072
  0.82924242110596580  0.88202866952011361  0.93927765782152672  1.00000000000000000
 -0.00296763196539364  0.01248897849881315  0.02403422592611369  0.03535110426932846
  0.04542365233746196  0.05610152633622414  0.06664901539745811  0.07862159459989138
  0.08871944805701201  0.09801881924403788  0.10705058072981795  0.11614860569507991
  0.12528412254134993  0.13383035711750210  0.14244116336706480  0.15128302979788866
  0.16031269441870313  0.16940452680433227  0.17842281092289047  0.18802580219171713
  0.19848952246141496  0.20868808407749695  0.21791362617226712  0.22685314935676304
  0.23582386432366959  0.24538711127935892  0.25539474423500230  0.26500237673220678
  0.27448129636736790  0.28503873841971705  0.29669578123331558  0.30857031991344852
  0.31972037699067857  0.33048320858593982  0.34167489488939101  0.35312810155626528
  0.36291769830364756  0.37302673744943537  0.38419679875465085  0.39579476276357217
  0.40751942692162785  0.42009869183685394  0.43428164850872653  0.44876608006722130
  0.46134948989778368  0.47209886082246422  0.48240056522070823  0.49155713492620345
  0.50031211446979140  0.50962917067179736  0.51877118223443386  0.52859668660533388
  0.53926926722281854  0.55161002053388053  0.56437010514045993  0.57538615596632581
  0.58616053336819940  0.59673579599636062  0.60786042782741601  0.61880978801445852
  0.62938957039489096  0.63946334480499623  0.64946360681790838  0.66010571709601007
  0.67116682324676680  0.68171815648714440  0.69227532744478137  0.70354619646311622
  0.71501505181793856  0.72628190082693200  0.73766390945661009  0.74881416686636793
  0.76017119383279486  0.77249570500047782  0.78608606824025196  0.79933268602091334
  0.81140672803062031  0.82244161974775898  0.83366901042581165  0.84530777714935745
  0.85686981381445426  0.86799134229220387  0.87939739845383458  0.89115397592873191
  0.90219699472350923  0.91143840864258874  0.92056388472641526  0.92823411678897916
  0.93581888600806118  0.94390532089183410  0.95222117054014399  0.96040446671366164
  0.96931728594101663  0.97870026401612598  0.98903417295723006  1.00000000000000000
 -0.02005937709894604  0.17417299203483935  0.25854095229315704  0.31385597081071942
  0.35288295025030386  0.38828394555828633  0.41926993473971119  0.44358689128307011
  0.46470753600492481  0.48411451126883093  0.50213134396561310  0.51896990338904614
  0.53429533801787388  0.54879269187007163  0.56249071638514414  0.57577531352470857
  0.58918617536244233  0.60220778054835189  0.61533576720844596  0.62684710046672831
  0.63641208877471911  0.64518298769653315  0.65356678965330373  0.66158918119261345
  0.66890287067114851  0.67542140605546697  0.68174498979449372  0.68823640557015830
  0.69502406071285316  0.70199863032919252  0.70857152836925830  0.71489772829356091
  0.72116502354336298  0.72746333686387188  0.73301940700505641  0.73829539739486172
  0.74348581538694392  0.74916277203250337  0.75469849586801296  0.76001921201427358
  0.76463207903295050  0.76916528318020094  0.77398377271445440  0.77905791736423913
  0.78411665534731012  0.78898584804804317  0.79394308975804539  0.79921498248043321
  0.80442314152541616  0.80934341634799367  0.81440915900049804  0.81953670520457578
  0.82434416741097982  0.82931623919656461  0.83401209319508640  0.83792554834138344
  0.84226061990689904  0.84698531675200939  0.85196239068756630  0.85642323772159801
  0.86043687315946005  0.86424264080806878  0.86777808308498439  0.87121808698445358
  0.87469587828674467  0.87825586832849223  0.88212577707206408  0.88603172849851075
  0.88985566037739550  0.89342269790691753  0.89709805584107460  0.90100738119232371
  0.90508429370791654  0.90927436831231812  0.91340309781277307  0.91759237718978648
  0.92222495135520777  0.92683704597961092  0.93150640762997272  0.93619771079268044
  0.94112875262876794  0.94612892578190955  0.95107683019399014  0.95591240350552364
  0.96048899457615711  0.96435316134194504  0.96839445612376363  0.97232448095599677
  0.97624398394821965  0.97994100486930225  0.98332359790873158  0.98663704844625044
  0.99010985277894570  0.99347321193994753  0.99678730096375545  1.00000000000000000
 -0.00252879641658150  0.01189011142770998  0.02483494845529467  0.03828612861416494
  0.05052820957275563  0.06204027244517517  0.07334894847458215  0.08511583176589378
  0.09720486022308004  0.10818512531332954  0.11798489868784785  0.12824504761433955
  0.13963798263601784  0.15027654769602208  0.15979353582723754  0.16922489966893164
  0.17913436144048162  0.18881557334015306  0.19766637094397196  0.20602249337732598
  0.21381103058283121  0.22157974721751786  0.22986671544294363  0.23861977171077633
  0.24720872117647649  0.25658848932296424  0.26664947757844665  0.27716775701631624
  0.28791684743530260  0.29770226049148596  0.30704193721872602  0.31641111544722966
  0.32627995131578974  0.33640840456458465  0.34580096621470163  0.35483161244283862
  0.36395845915778891  0.37288144677993418  0.38235660116007864  0.39234436093208902
  0.40270313195008300  0.41348279127074006  0.42394976603322121  0.43419366131643844
  0.44489177014998554  0.45534121132876093  0.46490741785073209  0.47362097650475266
  0.48212477992857172  0.49106098420577682  0.50089148486395985  0.51094681096437000
  0.52059803119522818  0.52938256689116481  0.53799904416195510  0.54769897826683123
  0.55797204446998494  0.56672464807878686  0.57439533229439277  0.58275440339572671
  0.59145801620342453  0.60017866472095749  0.60933252565343254  0.61861245445175572
  0.62820346696976803  0.64071089836387307  0.65096926674686095  0.66045783298468408
  0.67028662947352280  0.68016804740580949  0.68973964106450314  0.69879923098974861
  0.70935660931277322  0.72232323588718894  0.73609450404453802  0.74963623337527763
  0.76272417774589329  0.77584298215460679  0.78847366745372205  0.80072459673486551
  0.81348171003361880  0.82595865907822530  0.83810164921968922  0.84963365064647500
  0.86040327681281703  0.87107055638892150  0.88304897636174573  0.89585482968999697
  0.90779890947771935  0.91933506861350478  0.93108787661786008  0.94323939256136335
  0.95583529744414020  0.96895602174514295  0.98356870410197639  1.00000000000000000
  0.04381480636966967  0.16350975538567064  0.24291286756786037  0.27774231008449946
  0.30828504436013160  0.33714117056690757  0.35869088494864487  0.37428126752113522
  0.39022293285925841  0.40447117547464073  0.41815002830069337  0.43219160435908049
  0.44567919208581147  0.45818482382397435  0.46962753458394618  0.48135111108133649
  0.49124290468857290  0.50013732929649746  0.50884561973773201  0.51742544015272540
  0.52594009732328328  0.53436030626965136  0.54307403062720938  0.55147526356748444
  0.56034631477249375  0.56802642422125327  0.57504612787109799  0.58190324110911029
  0.58884861467626304  0.59593445076179730  0.60286111404701859  0.60889289499776666
  0.61424740762711094  0.62006670529151520  0.62615439313125298  0.63135981229115201
  0.63653522288012876  0.64158784291536575  0.64666282383070106  0.65174125926561599
  0.65660851870275960  0.66157423580192598  0.66669689225660245  0.67282374907828280
  0.67908411849791983  0.68519572023362063  0.69113613832417897  0.69645937012219494
  0.70141952032471810  0.70625561131127268  0.71103374862329372  0.71608321291842703
  0.72133610558562655  0.72677516272686227  0.73271504020277578  0.73891118816967649
  0.74494574198504782  0.75095691641592255  0.75681267412779751  0.76267508595933797
  0.76844121663751341  0.77389023545582036  0.77899256915735404  0.78428718257190932
  0.78938240373516932  0.79420930566188086  0.79876452173123469  0.80349438465857792
  0.80822593891962502  0.81280510048647991  0.81732185060606644  0.82167865187936251
  0.82598379694703405  0.83015176130824275  0.83453854143958062  0.83916545788364350
  0.84384501712697635  0.84849282117398617  0.85309491177928420  0.85804263276171366
  0.86333404963562277  0.86869486022845777  0.87443382889956223  0.88025320342527968
  0.88599422647005632  0.89190058245724968  0.89769551720508178  0.90476120341015454
  0.91130263380516985  0.91836987407252368  0.92566145932574295  0.93373541167979890
  0.94314771512068551  0.95464065600595804  0.97083140700099535  1.00000000000000000
 -0.01317713887568283  0.08775497358399831  0.13233435586762982  0.15568620131135402
  0.17345979153783159  0.18899412227564305  0.20365901571636486  0.21760106220239597
  0.23015210138845588  0.24106956642244681  0.25225117681187753  0.26417011163209947
  0.27584934807258660  0.28696797463123774  0.29571817806622891  0.30287433214401877
  0.30985096593986033  0.31579031776025512  0.32139332504055362  0.32661223770815440
  0.33164183697221683  0.33673423678731634  0.34190101596868155  0.34719263041846771
  0.35235938191748795  0.35764702249775288  0.36337638507178677  0.36890060308429334
  0.37414979457700870  0.37974136140695347  0.38557922964046193  0.39179063270115128
  0.39789922836466146  0.40366669006060113  0.40922047124557559  0.41479138006102118
  0.42102143108862722  0.42839579149145990  0.43564497429233956  0.44246465403749019
  0.44839446014344364  0.45356901780923620  0.45844053795261969  0.46317746628876016
  0.46779588564703506  0.47370693928790508  0.47949884862106484  0.48451331821092358
  0.48905667630457395  0.49354496217948868  0.49818431662621987  0.50310944426030701
  0.50821647266860681  0.51348680878182063  0.51879325282919786  0.52396972414277310
  0.52887991108651178  0.53351792973565249  0.53836044019931351  0.54365745210356764
  0.54943537842352996  0.55557982873674927  0.56133862606440688  0.56715695817426326
  0.57256907360932041  0.57816324768061000  0.58453352719479579  0.59137052473240626
  0.59837260374095180  0.60541988302172667  0.61248814915799499  0.61951996284567146
  0.62636816838632847  0.63324720244242960  0.64007214874900020  0.64689180084403208
  0.65407751828952221  0.66188951356562231  0.67075211396217338  0.68010569541597232
  0.68927177439927734  0.69789957952485593  0.70665391012559697  0.71624181178443114
  0.72627237388633303  0.73613214342570354  0.74623714420968712  0.75736679558813758
  0.76944657636712910  0.78219394053208813  0.79632687378387090  0.81288977697511555
  0.83215740732836596  0.85573193102682077  0.89019720968586147  1.00000000000000000
   5.5807685244489932E-010  -1.0000000000000000     
 F F F F F F F F F F F F F F F F F F F F F F F F F F F F F F F F
  <DiscreteSampler_grid>
  grouped_processes
  1 # 1 for a reference and 2 for a running grid.
  10 # Attribute 'min_bin_probing_points' of the grid.
  1 # Attribute 'grid_mode' of the grid. 1=='default',2=='initialization'
  0.0000000000000000 # Attribute 'small_contrib_threshold' of the grid.
  0.5000000000000000 # Attribute 'damping_power' of the grid.
 # binID   n_entries weight   weight_sqr   abs_weight
    79   10   6.334208766784227E-002   1.546193542720843E-002   6.334208766784227E-002
    80   10   6.334208766784227E-002   1.546193542720843E-002   6.334208766784227E-002
    82   10   3.384886869278728E-003   4.415373283206242E-005   3.384886869278728E-003
    83   10   3.384886869278728E-003   4.415373283206242E-005   3.384886869278728E-003
    85   10   1.185333579841493E+000   5.414524023698413E+000   1.185333579841493E+000
    86   10   1.185333579841493E+000   5.414524023698409E+000   1.185333579841493E+000
    88   10   6.334208766784227E-002   1.546193542720845E-002   6.334208766784227E-002
    89   10   6.334208766784226E-002   1.546193542720843E-002   6.334208766784226E-002
  </DiscreteSampler_grid>
