  0.02366692312796633  0.03494201600090729  0.04706219531700734  0.05916463270726009
  0.07068747072275595  0.08290611805937495  0.09639275936653972  0.10908829016903918
  0.11967893810603120  0.12950800916746605  0.13935440905762730  0.14927919552632241
  0.15979638406268129  0.17087536134506517  0.18234443951439430  0.19323044866644409
  0.20380459671776333  0.21503848344901366  0.22654464398823065  0.23886998877579671
  0.25003842755250116  0.26207446358405806  0.27372635913265869  0.28530033191466336
  0.29604829097848312  0.30567465898734786  0.31485690968627011  0.32380919155400839
  0.33299700874179300  0.34263333221735659  0.35343274265236874  0.36502216824711042
  0.37668298950518248  0.38663843726032859  0.39637838993199981  0.40582174405412347
  0.41504802018987252  0.42407248561292576  0.43304522306425181  0.44175214720112366
  0.45000707779251548  0.45849245857223642  0.46789315438567336  0.47771095046126832
  0.48706242435317870  0.49613267886565904  0.50596260398236514  0.51592705325655086
  0.52529485892614358  0.53422257612248314  0.54360945226734003  0.55355035066933633
  0.56336768378955016  0.57297478104665556  0.58222465951692115  0.59105912580243736
  0.59970545966781141  0.60792692914240420  0.61562455085394552  0.62345539325937471
  0.63212196782681196  0.64137119162585865  0.65107058985384736  0.66108243362902008
  0.67151357899551456  0.68165091809548028  0.69108269026388325  0.69999625283964162
  0.70890329501469174  0.71974187951811663  0.73093534063072529  0.74303678026079412
  0.75439427890244526  0.76467318622700231  0.77490827104792570  0.78483519469269469
  0.79581505305789901  0.80701149304599906  0.81820296962368511  0.82884547093034344
  0.83914200226587010  0.84914670019787575  0.85918775289004923  0.86941218899870787
  0.87924455144280755  0.88946582262497398  0.90042367462336148  0.91099022968499910
  0.92105997307022003  0.93108481550568412  0.94097216731021249  0.95062119453998895
  0.95930237092095216  0.96701075086437938  0.97044378211609417  1.00000000000000000
 -0.00003699246136947  0.00045721216570189  0.00127137620205587  0.00243881237017170
  0.00401253601724793  0.00602391452581310  0.00852901469702210  0.01176049684215656
  0.01533951209101385  0.01913052378933930  0.02291448602707480  0.02745199837702613
  0.03222595641270234  0.03685748333542196  0.04147715530552910  0.04627246008649094
  0.05140174125548295  0.05802441689353635  0.06501547573879338  0.07170579068652701
  0.07844808283069811  0.08679646779939910  0.09618425363601293  0.10506933027042875
  0.11388263679866120  0.12323211958392956  0.13288606719104892  0.14269381970127143
  0.15275748590255145  0.16319181483838649  0.17423165510495836  0.18544894646969404
  0.19746703952029976  0.20981371054559936  0.22284362947073186  0.23591389277173574
  0.24910708780762073  0.26220428088066705  0.27525546421052938  0.28765915748398779
  0.30058674423306520  0.31373527790943961  0.32659571972948542  0.33902034167354533
  0.35099178524687014  0.36141021588640115  0.37206714674665936  0.38359650486278801
  0.39492125513269960  0.40642895855805244  0.41799132936676314  0.42915941057711499
  0.44007035288331586  0.45117255627119929  0.46286120327239288  0.47529101518735095
  0.48823690466850339  0.50071860343136609  0.51322274777563270  0.52613377766245351
  0.53912276715667551  0.55266317981941782  0.56539123253562085  0.57822233145153201
  0.59112733069294410  0.60402521534919185  0.61716292402020334  0.63133186364239624
  0.64629496152418042  0.66103064326139971  0.67537451225205092  0.68935979767336775
  0.70277139968466584  0.71600263222071270  0.72892311276977773  0.74207251447344580
  0.75572398697297327  0.76981413727642156  0.78453649641968237  0.79928941046594859
  0.81379251206383152  0.82811040623382037  0.84231377812919539  0.85644580990207431
  0.87041574204317929  0.88416897868760091  0.89762521397161255  0.91068303808289364
  0.92253435216189117  0.93398324255757814  0.94528419561288046  0.95655261873042230
  0.96757860165697718  0.97844068083847968  0.98923114490782937  1.00000000000000000
 -0.00219464249672841  0.00878141955723155  0.01883543490731353  0.03044056592355178
  0.04228945765797927  0.05316649116434043  0.06416533385838956  0.07660183805436892
  0.08813681344780844  0.09805254736835525  0.10679789963814683  0.11515866388259494
  0.12446110570697108  0.13481218016251001  0.14509999518320063  0.15510160821804955
  0.16476934728361492  0.17496341607510096  0.18584473675268884  0.19671310140586018
  0.20692203751619187  0.21679825574420958  0.22663125798525260  0.23684488588877650
  0.24748877377174408  0.25841998559777252  0.26971216615921517  0.28027184776796904
  0.29040497321594061  0.30087786099575387  0.31238950414301841  0.32341201315881379
  0.33497726584169452  0.34689984940920182  0.35908181829724312  0.37165978515463816
  0.38412604506781828  0.39545793617255881  0.40554865312925559  0.41548784445920955
  0.42581944924763532  0.43591492037399748  0.44601176333906117  0.45624659297255948
  0.46763969312694964  0.47912766037406312  0.48984873117135980  0.50007096029093401
  0.51010249557569853  0.51997427456533907  0.52972034155542391  0.53941390915410126
  0.54921874957639516  0.55880090353776979  0.56817452675156321  0.57694754138041604
  0.58560006612245874  0.59440542927093032  0.60420334686422750  0.61481794311901716
  0.62500490141579634  0.63423620295926697  0.64310559894829811  0.65271859721236847
  0.66333456359533027  0.67428078681523418  0.68545594779787189  0.69666223811735861
  0.70780424558245669  0.71828005229100966  0.72767348497884754  0.73651643969904457
  0.74526893808965078  0.75468086648499721  0.76511801450960326  0.77726372469900518
  0.79094348348501142  0.80436795582322895  0.81599166341822216  0.82655026501408480
  0.83711787184565956  0.84904434719055677  0.86079247175687179  0.87261688617617994
  0.88414377887676243  0.89578924197361276  0.90666943256433563  0.91752203354106876
  0.92735479099348173  0.93686095001267444  0.94649758986789256  0.95680335707636621
  0.96700276828388509  0.97747404191757870  0.98840860893756410  1.00000000000000000
 -0.00692040543897664  0.07142858881234684  0.12529413292298131  0.16459125470749783
  0.19167635815155490  0.21463567916643492  0.23489233872830070  0.25154883962722896
  0.26497296906172035  0.27777455339221019  0.28984225661013363  0.30002369121589256
  0.30859779168971846  0.31676058395288137  0.32490021297541866  0.33295769763164074
  0.34052306251682440  0.34742992627519970  0.35417490520462502  0.36125432435788979
  0.36844424029401768  0.37580078936711608  0.38266606911397455  0.38920365685059910
  0.39607557598013599  0.40334792563835709  0.41057412633778684  0.41712976347544783
  0.42246272773929755  0.42715237299286857  0.43167809550228098  0.43599179699263552
  0.44009154082898094  0.44404532526940521  0.44807683011193444  0.45240220041803647
  0.45655203475926359  0.46059910906233492  0.46449981846506622  0.46822330735880668
  0.47183069896980112  0.47544771429655991  0.47918293256394801  0.48301816547112286
  0.48694387283950158  0.49119482552887772  0.49516711910201866  0.49912580773692161
  0.50285878635313896  0.50663404885868746  0.51012302540734944  0.51357291781046222
  0.51703733312240485  0.52058811391042303  0.52428898330986562  0.52807923248903121
  0.53192280242567203  0.53568702291024572  0.53929208648716975  0.54333878904407662
  0.54786802723543926  0.55230439888418981  0.55667565483098624  0.56121359685146566
  0.56613880727408061  0.57160573293229078  0.57742277142786558  0.58325589212142182
  0.58889436366182024  0.59439047810552481  0.59990953608230468  0.60531154253989350
  0.61073800911862641  0.61622074658071258  0.62189492123205781  0.62762615472373773
  0.63337167305292663  0.63925632748861561  0.64525146462505223  0.65234420556737283
  0.65962401045090069  0.66716280389021432  0.67531583180626709  0.68383974758829813
  0.69325909026603849  0.70349974496757128  0.71443106619333374  0.72671603562505160
  0.74139765407539182  0.75723231320053230  0.77442336567847447  0.79531726481814913
  0.82412669638063241  0.86073684268820261  0.91904965541260275  1.00000000000000000
 -0.00321280396328641  0.01243901999458826  0.02456245645377854  0.03587988345011959
  0.04737934994619506  0.05898982272540582  0.07063371587848789  0.08189843740092254
  0.09492296110338320  0.10801977687085794  0.12063432747817716  0.13376899564509881
  0.14717986733783300  0.16140955108893520  0.17579841465830420  0.18864669433273237
  0.19848127175518598  0.20778104352818255  0.21776846921555557  0.22802151868582463
  0.23805524883216975  0.24760716556665119  0.25772492551035187  0.26842243928756521
  0.27842695524074162  0.28891327039184106  0.30007572860444098  0.31352006387997650
  0.32682350073294464  0.33919813894171719  0.35096538467568583  0.36221157630762479
  0.37318046579171238  0.38374322562895063  0.39378763120147581  0.40348368367621806
  0.41320648845998209  0.42296167385745126  0.43285917446963929  0.44243245617550264
  0.45173744647668673  0.46111644060114937  0.47043652324064733  0.47940769639895714
  0.48780689844340919  0.49679339885810198  0.50651936206556858  0.51619059079223817
  0.52571679641490943  0.53466962772080884  0.54495769342139222  0.55716579855232551
  0.56847305436393514  0.57902263536220211  0.58910039539090353  0.59867312191655342
  0.60809777916873597  0.61714807655788206  0.62643168061173682  0.63674562240083521
  0.64740347767771167  0.65774051443955794  0.66790346116914823  0.67787056539413637
  0.68739695795470301  0.69629605440942222  0.70528642083224846  0.71511298016924962
  0.72538641204533727  0.73583742308849565  0.74656959179408033  0.75574805948272705
  0.76415469239592071  0.77205895887304865  0.78038133133387022  0.78976140842841203
  0.79974075122987565  0.80960958603854138  0.81924277353592567  0.82870978611104573
  0.83903608882617176  0.84999007518372605  0.86059946730280978  0.87140026088030853
  0.88325334037805958  0.89571728190976674  0.90781165133547859  0.91877004410741614
  0.92840980215354896  0.93805688589773029  0.94778852290836713  0.95766734481954519
  0.96731996939042886  0.97732998793926873  0.98840265060512877  1.00000000000000000
 -0.00538158741490377  0.09231341699121251  0.12357206826274704  0.14069785936364276
  0.15553476232328950  0.16946055858749290  0.18250785721972917  0.19507991965925039
  0.20733230910716147  0.21885376963645875  0.23089925956520016  0.24365429187445276
  0.25637292269059614  0.26878188290480848  0.28106395442626386  0.29321174226859531
  0.30549835023388988  0.31783886575162457  0.32965541039933283  0.34057686017163730
  0.35061158900955697  0.36063982090705843  0.37061937220532348  0.38065055947582177
  0.38982222619356977  0.39836172456882946  0.40708260934979873  0.41630912863404401
  0.42589818638310162  0.43516439131046375  0.44502313620163253  0.45570946820863223
  0.46673005037365645  0.47819708191993016  0.48898859864236938  0.49983809012012931
  0.51315215762437805  0.52332747995934814  0.53268692300147069  0.54187801650452461
  0.55140470987677337  0.56084823605341683  0.56949640256688605  0.57748579154606661
  0.58546514030069674  0.59283669430118613  0.60075574142257626  0.60914702169271007
  0.61692807854515286  0.62445353212950794  0.63129654126977330  0.63802331400606183
  0.64486171661450054  0.65184723412663326  0.65915152167926749  0.66678458225825776
  0.67444630686828499  0.68181220564742440  0.68897846994286793  0.69634138860024197
  0.70382975045237306  0.71126192223908091  0.71798358077311353  0.72516148017888038
  0.73199838177322585  0.73881298837774345  0.74561014708143147  0.75197052600314196
  0.75787923579608552  0.76395946150333660  0.76998910777256879  0.77617878705162480
  0.78228468496618309  0.78809963628185298  0.79401508816110844  0.80013029864913554
  0.80621380347258831  0.81236277733079920  0.81870053131422527  0.82484325393323932
  0.83135379264319131  0.83778059286963191  0.84441831245682131  0.85122177636582919
  0.85816183788640910  0.86520988746854344  0.87255058837706712  0.88066158872730649
  0.89015937439429327  0.89980583638073031  0.91003977181489604  0.92067269844802990
  0.93225461176963997  0.94551158589529904  0.96365592699450064  1.00000000000000000
 -0.01919215323438182  0.11184366304174746  0.14752800325191806  0.16929389455236932
  0.18678284763412017  0.20095369061606932  0.21336607356989484  0.22438167372537354
  0.23451497100953733  0.24454804825236565  0.25494709091335049  0.26396181530243235
  0.27259557678479968  0.28009827225101286  0.28812746535967371  0.29545129855390667
  0.30221468394741813  0.30927696224300266  0.31674035826455355  0.32427763623791384
  0.33124517438477497  0.33765643256291439  0.34394516644684986  0.35017603422516513
  0.35692666885047747  0.36405753230933574  0.37137806070859658  0.37862580041033417
  0.38558492997573818  0.39256135816447363  0.39982809381976808  0.40720506746212487
  0.41399242506954742  0.42007778970480691  0.42567171725610831  0.43151006006336495
  0.43790039365609268  0.44434605171270575  0.45051865062169738  0.45642052814926160
  0.46193349972410452  0.46748865158805525  0.47319672432118448  0.47887075121249600
  0.48437860671340155  0.49020650560274381  0.49640606769509521  0.50286575996294691
  0.50923421473009356  0.51520142469128682  0.52092750152282252  0.52646209689440182
  0.53245461691996254  0.53852702686862508  0.54466113646570424  0.55083543303834892
  0.55718377582181133  0.56376737540405231  0.57032226023393895  0.57675377496753222
  0.58309085704561425  0.58930018628422054  0.59579145224931818  0.60225281606704095
  0.60850661569591502  0.61469718991886058  0.62090326452339761  0.62715308364087741
  0.63308796858906857  0.63910624403636151  0.64492615237273643  0.65090312597267608
  0.65711997548527645  0.66331731387703807  0.66915242697662913  0.67461102278020180
  0.68032736080495126  0.68612101197645026  0.69289870342917814  0.69963559983500756
  0.70635432521731212  0.71351925298258889  0.72186118187794657  0.73001367116099936
  0.74008488572476128  0.74989131259072195  0.75932433454576087  0.76840783785243105
  0.77823792535950898  0.78868081595920492  0.79956447364644601  0.81199389669130728
  0.82880985124667805  0.85170146767572352  0.89016858121294173  1.00000000000000000
   2.8319419028148497E-011  -1.0000000000000000     
 F F F F F F F F F F F F F F F F F F F F F F F F F F F F F F F F
  <DiscreteSampler_grid>
  grouped_processes
  1 # 1 for a reference and 2 for a running grid.
  10 # Attribute 'min_bin_probing_points' of the grid.
  1 # Attribute 'grid_mode' of the grid. 1=='default',2=='initialization'
  0.0000000000000000 # Attribute 'small_contrib_threshold' of the grid.
  0.5000000000000000 # Attribute 'damping_power' of the grid.
 # binID   n_entries weight   weight_sqr   abs_weight
    19   10   2.306309231387061E+001   1.752361482234392E+003   2.306309231387061E+001
    20   10   2.306309231387060E+001   1.752361482234389E+003   2.306309231387060E+001
  </DiscreteSampler_grid>
