  0.00009671899218943  0.00010524128181787  0.00010972738955826  0.00011205781433360
  0.00011353117525718  0.00011510305156910  0.00011686027501526  0.00011848212386557
  0.00012008808575714  0.00012154078290041  0.00012296114295165  0.00012479296107771
  0.00012656483312548  0.00012843085586195  0.00013032471056208  0.00013220959012809
  0.00013435408488247  0.00013655633417642  0.00013880100880201  0.00014099014360390
  0.00014304595551012  0.00014514456053516  0.00014745683042673  0.00014987206265655
  0.00015235671776942  0.00015492700673433  0.00015752239811649  0.00015989590081036
  0.00016215949998670  0.00016435065032115  0.00016637640343730  0.00016839059902359
  0.00017033295249768  0.00017223676357756  0.00017441533877050  0.00017654548387584
  0.00017872132926550  0.00018090891293270  0.00018275496675697  0.00018489208282217
  0.00018696101732847  0.00018902452239502  0.00019137172243177  0.00019369959603409
  0.00019581231284970  0.00019783286749178  0.00020004498407468  0.00020281367571514
  0.00020626462280419  0.00020986790809721  0.00021255601943646  0.00021527964356374
  0.00021756037821662  0.00021967282428936  0.00022190053357507  0.00022375578538442
  0.00022586030241261  0.00022807442848078  0.00023154377812226  0.00023545889785578
  0.00023940558418362  0.00024270079133901  0.00024605282756049  0.00024967751179944
  0.00025460329906363  0.00026217248073022  0.00026992780341214  0.00027666703334076
  0.00028297942393501  0.00028949806837374  0.00029676353602340  0.00030484106184307
  0.00031369222132696  0.00032365016453158  0.00033411830066776  0.00034509527558369
  0.00035749501737942  0.00037164363083478  0.00038775050862839  0.00041029819881788
  0.00043343382665742  0.00045636161813085  0.00047666919008237  0.00050125119511994
  0.00053487191958899  0.00058007065569605  0.00063086301776691  0.00067046471462875
  0.00070819890805244  0.00075925040880272  0.00082216949236690  0.00090462303640351
  0.00113112558267502  0.00186342894138484  0.09536531347210403  1.00000000000000000
 -0.00008692614816995  0.00157990298683870  0.00621305240017328  0.01283606639464565
  0.01889897683584212  0.02730271728511659  0.03827180465699598  0.05068436416660788
  0.06525342641645265  0.07705693756350021  0.08746820360366864  0.09433695898100809
  0.10377456927272702  0.11483162800788607  0.12797544391130941  0.14064577370118503
  0.15289992817640263  0.16525127031934145  0.17592886143725467  0.18298703218603177
  0.18903309620178291  0.19770858798401195  0.20814829569992016  0.21677854599529472
  0.22567823937207379  0.23444249206422682  0.24085034139330941  0.24768813423775818
  0.25741905439298618  0.26941291658911337  0.28141130762737687  0.29333532479262808
  0.30524380707524279  0.31669118454107786  0.32708549561024802  0.33706112517155701
  0.34627747162981287  0.35531153899337053  0.36487796353620222  0.37369689994638067
  0.38067292989551199  0.38745472113317669  0.39327188292317200  0.39972825379416616
  0.40633968986680469  0.41424465565565455  0.42243307210370434  0.42973453012526680
  0.43626262596695353  0.44343047193409935  0.45059127705852509  0.45790834944268516
  0.46506134810922645  0.47198133732010406  0.47898897415831443  0.48690689236512169
  0.49566531539555647  0.50412539153789981  0.51167428466287113  0.51879091129967081
  0.52498767255344403  0.53012373309488170  0.53489287664159146  0.54056613590448876
  0.54699504445463865  0.55388991609132299  0.56099902079337627  0.56667298959376311
  0.57466337139098544  0.58373280528255977  0.59427069246419273  0.60521191473455926
  0.61604209859235282  0.62712834317226962  0.63737565935593610  0.64700742527938049
  0.65631191541834888  0.66577798376664465  0.67712327561633179  0.69216698092490914
  0.71100105763535648  0.72728071433793007  0.74396182879023032  0.76222062003501811
  0.78258559103498049  0.80444278493610133  0.82705864336611656  0.85034433616284277
  0.87048743582266419  0.88796664984143248  0.90931010954948854  0.92964924484785694
  0.94898889400686315  0.96649979817294762  0.98342873803773190  1.00000000000000000
 -0.00429144354839666  0.01021909979009162  0.02308147112248708  0.03445260518127342
  0.04575082584515415  0.05814967584973280  0.07029217439417476  0.08116456465346762
  0.09073791934737209  0.09986246097627606  0.10816211549282589  0.11630704817127638
  0.12454050578839305  0.13351125036388017  0.14355835714264337  0.15403139959243348
  0.16550336985636935  0.17771203478652731  0.19180727687034874  0.20562175514534659
  0.22181616981314409  0.23153539206195969  0.23834851205381147  0.24652176145202839
  0.25412415118721188  0.26072523447955293  0.26744712410418658  0.27439496636945360
  0.28167581226619220  0.28826127682074065  0.29816318925979257  0.31386295734739966
  0.32736284025258977  0.33933400453712342  0.35092695677323804  0.36270469173272774
  0.37396861256896780  0.38569366035854713  0.39620965803055835  0.40611317655919044
  0.41616309458549555  0.42680099410659361  0.43791712697010121  0.44957379334674419
  0.46174546919877574  0.47290369740553345  0.48404119558276398  0.49510310405467151
  0.50863557296128126  0.51998286746308076  0.52757660495281844  0.53563279396664021
  0.54415972660744427  0.55360941715796219  0.56404817249810713  0.57854358069435263
  0.59652971088239370  0.60922361199266883  0.61837640703963237  0.62767072198109974
  0.63829784467045769  0.65095763045476351  0.66343940611459884  0.67485534508525635
  0.68519177669607756  0.69559689059014140  0.70634257943952516  0.71827203002023809
  0.73082585500246688  0.74528209896171560  0.76032856754787936  0.77355803659886446
  0.78340432434412344  0.79285997323665736  0.80260810235939661  0.81274085572971455
  0.82285837065779566  0.83160598840787614  0.83909355714195266  0.84605367059415848
  0.85285048615917691  0.86030622198346640  0.86994457078342735  0.88339983434448410
  0.90022042654798484  0.91580974017421946  0.93055720802604602  0.94456116484545882
  0.95708023178049140  0.96565341561857443  0.97091542611124781  0.97594719500156168
  0.98117468622141901  0.98786123865358377  0.99372725681796947  1.00000000000000000
 -0.01535585698425487  0.08624924360151071  0.12345563588522884  0.15133239259005721
  0.17387266058306464  0.18908547268936640  0.20316177628446705  0.21434507382096146
  0.22623735705507117  0.23938563889247022  0.25364859026991965  0.26661579477302672
  0.27889015766826181  0.28771351965768788  0.29586044252502225  0.30358946849850771
  0.31112644635812758  0.32162475893052611  0.33392341968905992  0.34627019264792391
  0.35714096557827474  0.36697712811995359  0.37636371493896870  0.38460645410024602
  0.39142901565007138  0.39873745455793747  0.40582662807059772  0.41332115357992139
  0.42105765779856102  0.42899691647830895  0.43663972089609865  0.44315739135838328
  0.45163878377701111  0.45949885404412028  0.46669250279308377  0.47555374191685462
  0.48325692085844107  0.49058290710514402  0.49718088759835477  0.50106838839651646
  0.50478667072595118  0.50847100425314817  0.51249819901880866  0.51682215602836856
  0.52048505785300592  0.52414131781288942  0.52779064437470813  0.53222702039026859
  0.53716969344687915  0.54141020522257044  0.54524063358824770  0.54890301448649248
  0.55316108506570538  0.55809108669999019  0.56323386295140176  0.56822914818639270
  0.57340105799889785  0.57799475652462784  0.58259653315038895  0.58668827471527385
  0.59042522340560155  0.59444437252306259  0.59905151205878648  0.60407158489780710
  0.60919820495235411  0.61422141755184168  0.61880213872633150  0.62305292270892743
  0.62833003229161533  0.63381318881393556  0.63721239884498282  0.64069925542896167
  0.64376557697641246  0.65113723722314532  0.66183857589795969  0.67096653841695075
  0.67807509519802411  0.68506790174036403  0.69395596017589711  0.70536749968795154
  0.71532549986405991  0.72560673494906447  0.73419586299839723  0.74102056422387208
  0.74839880745065290  0.75514832211072158  0.76427079633418460  0.77523332086116870
  0.78669900493937284  0.79924888826328822  0.81796636962457203  0.84195948985218638
  0.86905285750177064  0.89488448860095082  0.93408721971801689  1.00000000000000000
 -0.00104028651530502  0.00648433536594545  0.01524860719287870  0.02177383019707848
  0.03039902972302010  0.04083994465520744  0.05226559138320604  0.06377528246288630
  0.07270855978917436  0.08329993726256736  0.09618788813384357  0.11014390970484959
  0.12378141472089864  0.13621821508952162  0.14390175703779243  0.15322689022835234
  0.16274779091514197  0.17148046883963430  0.18200530233959727  0.19437946972166920
  0.20571246281600269  0.21348752907547902  0.22020655812190443  0.22876882802420195
  0.23823677837659080  0.24630010423243553  0.25417778154521781  0.26254483191719719
  0.27368984400041568  0.28761493684147932  0.30096756995247848  0.31408822993046265
  0.32268110301472547  0.33199615439841784  0.34030633635054752  0.34816368857017754
  0.35828837394855251  0.37089003289190242  0.38354982137040411  0.39781735336217960
  0.41155597395464139  0.42593716508918800  0.43990479437099478  0.45233552954313833
  0.46445854106431278  0.47623751850721779  0.48842206372341068  0.50247226943641954
  0.51590622580845369  0.52938925014139704  0.54291019858674516  0.55607022461234212
  0.56796504851746377  0.57854147724634575  0.58901423737878167  0.60001939241735514
  0.61199343568701747  0.62443887665437425  0.63451766602534254  0.64256097227209252
  0.65058232050280085  0.65851053056414355  0.66689821906261004  0.67585762186867082
  0.68451103608743669  0.69547560337249104  0.70906050082671468  0.72377851044384456
  0.73816338261968317  0.75289542363189688  0.76597421949545508  0.77787837003697913
  0.78905715302683255  0.79938047253670663  0.81049333411516300  0.82012382643507331
  0.82896441869389692  0.83741200889546086  0.84416570018703807  0.84919595881855592
  0.85451047753075648  0.86079256580326813  0.86697808177109237  0.87365239468061839
  0.88380523975605396  0.89772653512739742  0.91249331339812834  0.92646763234420182
  0.94101635954922902  0.95318487702132360  0.96371925155260518  0.97199901942226397
  0.98070764050074255  0.98863264863391698  0.99476554464706413  1.00000000000000000
  0.03919827990880368  0.37536886365680189  0.41677147260511255  0.43540937084644149
  0.44871286368552277  0.45771563529462056  0.46680122620750292  0.47557097826209715
  0.48439170444883484  0.49270732216579483  0.50108990534296249  0.51171116792951687
  0.52221766823823179  0.53353883821696846  0.54391044482777073  0.55459855320635643
  0.56409184167471871  0.57412519255950611  0.58347689934255076  0.59226979204012853
  0.60143723401175453  0.61225171379170951  0.62345131643979323  0.63682961192447285
  0.64696395975904231  0.66078261931741045  0.67191966035924655  0.68206610381002575
  0.69275842581133795  0.70322097538156647  0.71262911828366149  0.72015264448961147
  0.72595478688197257  0.73167730500942241  0.73780021079157154  0.74316293809897183
  0.74856537122586475  0.75454225767578864  0.75940633387842604  0.76345555919177277
  0.76714955822345876  0.77025277447377938  0.77459668447474950  0.77950928693423183
  0.78437634448161830  0.78938579839314560  0.79392577597381742  0.79801368743031065
  0.80189919561680822  0.80588245032462613  0.81002230535758479  0.81571664154115153
  0.82378237579966862  0.83142004210205889  0.83833160773487680  0.84511152428874692
  0.85120983718793686  0.85632357606119203  0.86141615317965947  0.86634001412865602
  0.87041534066115378  0.87478004411094512  0.87955414313780267  0.88410565853947565
  0.88824359725990110  0.89196759948123527  0.89506254331524826  0.89798107630713586
  0.90085113409139694  0.90373025878155333  0.90675236996405184  0.90993181942645984
  0.91317619644500414  0.91636775301025830  0.91936504679642850  0.92193260798990284
  0.92430073219135300  0.92691062894077103  0.92934575507145301  0.93154030767132556
  0.93400088156472849  0.93651477606218603  0.93919630575645163  0.94209528670953246
  0.94507974631462033  0.94795797218848343  0.95086677542297715  0.95422252410200603
  0.95775508654625907  0.96143230588929629  0.96502326672043481  0.96833715665748854
  0.97161948366359596  0.97515796022786572  0.98214639184119623  1.00000000000000000
 -0.02712913435895608  0.14023945198102916  0.17583728134487459  0.20141867834352942
  0.21988695296800434  0.23228154397419987  0.24195924196205243  0.25105606213308823
  0.26204946595194656  0.27221406764669825  0.28077006324619813  0.28849241892013339
  0.29656166041616433  0.30554990437403295  0.31503449626560742  0.32364689239579264
  0.33134343001110966  0.33825193374462237  0.34523293158736390  0.35139763547177849
  0.35646241496710029  0.36142002064038020  0.36563254114573240  0.37039095995510674
  0.37578986960117511  0.38124236904174269  0.38684535204598863  0.39237536470979456
  0.39762487117790396  0.40322997153549767  0.40963082969874126  0.41660515362757200
  0.42424972517980741  0.43183916330525179  0.43798912927404204  0.44270822761063611
  0.44717370013079799  0.45111291249761526  0.45402283599407117  0.45651036859137023
  0.45926563778999385  0.46276396302583678  0.46733074383345913  0.47175854583404514
  0.47599835206006713  0.47963734021860860  0.48391712581923602  0.48791406714994101
  0.49205117948131460  0.49652529607187279  0.50135561941350126  0.50633963112044755
  0.51117318006055235  0.51602481363477504  0.52101589605314080  0.52559401305095055
  0.52969329674950028  0.53365513992416758  0.53704887242209332  0.54066359645772588
  0.54383716029971652  0.54761049784328852  0.55109592755526726  0.55489635100025647
  0.56033229128251139  0.56697000060847835  0.57367109393150073  0.57990202237671873
  0.58559596276760140  0.59253172750751371  0.59923913781936267  0.60598391515853312
  0.61337322142877015  0.62204929097957695  0.63149018941864354  0.63972158125535994
  0.64776866352355145  0.65589173715804572  0.66468991567296198  0.67487997523972532
  0.68421321195991114  0.69161814323347903  0.69769738688818050  0.70439183598815891
  0.71298346329825080  0.72178426068408774  0.73053355626571626  0.74013239090682470
  0.75154200548243655  0.76464290716211825  0.77834494765421358  0.79488219933158466
  0.81474429846733543  0.83798816167182910  0.87790576342975746  1.00000000000000000
   1.6461054032760454E-013  -1.0000000000000000     
 F F F F F F F F F F F F F F F F F F F F F F F F F F F F F F F F
  <DiscreteSampler_grid>
  grouped_processes
  1 # 1 for a reference and 2 for a running grid.
  10 # Attribute 'min_bin_probing_points' of the grid.
  1 # Attribute 'grid_mode' of the grid. 1=='default',2=='initialization'
  0.0000000000000000 # Attribute 'small_contrib_threshold' of the grid.
  0.5000000000000000 # Attribute 'damping_power' of the grid.
 # binID   n_entries weight   weight_sqr   abs_weight
    19   10   1.228416006238122E-005   1.124608748797650E-009   1.228416006238122E-005
    20   10   1.228416006238123E-005   1.124608748797652E-009   1.228416006238123E-005
    31   10   2.205128346749961E-004   2.664325165307432E-007   2.205128346749961E-004
    32   10   2.205128346749965E-004   2.664325165307441E-007   2.205128346749965E-004
  </DiscreteSampler_grid>
