  0.00929521395834803  0.01633308461885676  0.02667477897158727  0.03880068189853676
  0.04882009176526350  0.05834028328350141  0.06801700744160394  0.07810348041993172
  0.08836357609501581  0.09751603661933486  0.10687646261696258  0.11656766443306858
  0.12661396394262348  0.13694781406318682  0.14816720789988030  0.15951084753204753
  0.17154103117960642  0.18418762676221756  0.19619183324906564  0.20774585242300117
  0.21914475152301680  0.23027885912988144  0.24098022242245334  0.25144388101209059
  0.26208765684497065  0.27316627927013254  0.28377493737422493  0.29360555749290451
  0.30309926818473160  0.31281776467923256  0.32299708268969363  0.33343606944587745
  0.34260326683075154  0.35182530197529882  0.35997339130163786  0.36803068978127756
  0.37615952341167752  0.38447071605664279  0.39308704626636237  0.40183382600238188
  0.41025513417373022  0.41969157426415921  0.43027346053301768  0.44095362810155420
  0.45172833284950470  0.46177120870842381  0.47226462479237624  0.48252179645294718
  0.49291067881146106  0.50401994681638329  0.51656319740720968  0.52888086699961245
  0.54099288404064216  0.55226559780149120  0.56253835388475260  0.57276180330153936
  0.58342887065571569  0.59536794778563074  0.60768876163347507  0.61917422443087555
  0.62909059761828867  0.63857161513384519  0.64797268513297279  0.65766827385061566
  0.66777153427160674  0.67849751665773617  0.68851138134084999  0.69874523115617626
  0.70997340619032534  0.72289351451836314  0.73594041610083494  0.74761134332286261
  0.75835019791874181  0.76886200722241305  0.77928968070114124  0.78957559560384216
  0.79893914649777709  0.80802180576432547  0.81755714572184957  0.82745719225974246
  0.83785624836833728  0.84757570911198898  0.85765840102750646  0.86782570463541819
  0.87806433088519198  0.88932429060175144  0.90016178596012730  0.90995338496694678
  0.91981733373766716  0.92900690160181487  0.93898211498683837  0.94873732478658723
  0.95871358808191842  0.96940329136609249  0.98002665349565410  1.00000000000000000
  0.00009570639705104  0.00011132165999469  0.00012712393753681  0.00014133964633548
  0.00015388253217157  0.00016491823801676  0.00017498694481379  0.00018484604350686
  0.00019464461196124  0.00020397109012391  0.00021253684693864  0.00022067090482140
  0.00022881976171723  0.00023700495828508  0.00024581201969636  0.00025511715256060
  0.00026442383290125  0.00027364038660726  0.00028284272291221  0.00029212161248982
  0.00030140149873660  0.00031092974048054  0.00032068658975612  0.00033073271873046
  0.00034085902077547  0.00035106174406320  0.00036167988670280  0.00037232888958486
  0.00038374583947360  0.00039627724670400  0.00040887492489484  0.00042152508913023
  0.00043467824826702  0.00044794317562061  0.00046181834808829  0.00047623063721847
  0.00049186175759063  0.00050829547467152  0.00052454628290935  0.00054058963599811
  0.00055679008485331  0.00057341898319770  0.00059155143933408  0.00061053018650285
  0.00062955929206154  0.00064942165686570  0.00067098797399666  0.00069371522279884
  0.00071693104292143  0.00074031740643434  0.00076673086475989  0.00079412346860863
  0.00082342020679632  0.00085408759610118  0.00088461545639392  0.00091587672433895
  0.00094892634506519  0.00098390706353456  0.00101907969886618  0.00105787687773077
  0.00109790312123680  0.00114182215166013  0.00118898228677977  0.00123693018340383
  0.00128680660969192  0.00133801602969067  0.00139121373215725  0.00144742139392275
  0.00150514801757378  0.00156477880911445  0.00163236218466117  0.00170729816471750
  0.00179387832513135  0.00188533004887970  0.00199145051365939  0.00210965518014047
  0.00224425055135788  0.00239589151893284  0.00255990561238612  0.00273731217981660
  0.00295801933003623  0.00320645583850478  0.00343647160901265  0.00366688742508981
  0.00393937517855304  0.00421457625233573  0.00448734067480788  0.00483755600233870
  0.00536828931915815  0.00592207726180028  0.00643752933782794  0.00709253522111160
  0.00822860058590514  0.01073817994417976  0.12917847231154711  1.00000000000000000
  0.00000256489055448  0.00000278030768412  0.00000304801922321  0.00000334189669106
  0.00000368657350809  0.00000403754856914  0.00000443072535630  0.00000488054160257
  0.00000539580566648  0.00000595821350581  0.00000653021200328  0.00000715003650512
  0.00000781265887327  0.00000852379098072  0.00000926848872521  0.00001007995863593
  0.00001091939614624  0.00001181922232933  0.00001276757098526  0.00001375845347771
  0.00001481568315896  0.00001594382559341  0.00001713032055876  0.00001847708177872
  0.00001993275786205  0.00002149022114625  0.00002319028202880  0.00002496954892194
  0.00002681469430875  0.00002878481639610  0.00003093376059481  0.00003328649060462
  0.00003579055826270  0.00003836239196641  0.00004094729186059  0.00004384036699355
  0.00004676110128103  0.00004972388951630  0.00005290229720542  0.00005623745044293
  0.00005967085794946  0.00006323043253997  0.00006682381262980  0.00007050607176097
  0.00007453070791194  0.00007881431249042  0.00008326803692460  0.00008798218411944
  0.00009288467168605  0.00009748863879972  0.00010201715122462  0.00010694523399394
  0.00011238371675968  0.00011843702004035  0.00012508384495385  0.00013191853445673
  0.00013895254629909  0.00014614488367450  0.00015397253707279  0.00016198357764642
  0.00017122698559126  0.00018039837858242  0.00019066729456892  0.00020161948148537
  0.00021349707360838  0.00022815644047571  0.00024621715708902  0.00026309476746809
  0.00027887988081835  0.00029422233400045  0.00030984967697868  0.00032554590086963
  0.00034099258452217  0.00035735811873984  0.00037498335063501  0.00039493610510181
  0.00041780505640667  0.00043772519639824  0.00045775659078074  0.00048318661699939
  0.00051433324338509  0.00054909777702812  0.00058799462704017  0.00063018255023604
  0.00068011079699652  0.00074178339440759  0.00081687182466826  0.00091192374561878
  0.00102606237406671  0.00119176473349005  0.00146157455597853  0.00193645075704776
  0.00278356888366044  0.00526437143993427  0.05280156910997623  1.00000000000000000
 -0.00181142081461853  0.00949721556783099  0.01965491311474386  0.02911065707687314
  0.03792504713671607  0.04674857410723698  0.05616896035770315  0.06631450948588313
  0.07549845477787476  0.08486014220921111  0.09404335929586687  0.10307511199257761
  0.11218554045386590  0.12154699779647611  0.13103862484537088  0.14098213069772739
  0.15151754135918816  0.16351357262780603  0.17669349085378611  0.18852998717830319
  0.20020385125716753  0.21140930977043559  0.22344557075125684  0.23510530339515390
  0.24670659025048466  0.25872867976815206  0.27056814292122228  0.28154155409593767
  0.29231627440264174  0.30344076289151040  0.31514596910575177  0.32775035522695256
  0.34017631523943315  0.35177007748288169  0.36188717787379304  0.37139261321990197
  0.38073801260615231  0.39065425697149514  0.40032694696090343  0.40950170854172485
  0.41903357291027649  0.42947580028736898  0.43978458980566576  0.44985823742879150
  0.46027502204520537  0.47129903016002067  0.48236785061749704  0.49386509882406898
  0.50498876494904266  0.51601197044277203  0.52728008012632643  0.53891847865367293
  0.54901529135133464  0.55883371645760427  0.56860140831995809  0.57847281193039657
  0.58841047844080974  0.59827061108669699  0.60888418627615415  0.62050173987725421
  0.63191659382543375  0.64214278645435863  0.65190758748569111  0.66136392858087911
  0.67144948298245377  0.68119649544577110  0.69056547669273005  0.69998169104370223
  0.70934684788369085  0.71997172464977621  0.73104988846420971  0.74260166043741571
  0.75320022442733825  0.76270546445747511  0.77246467768407856  0.78243252006496566
  0.79211989283792972  0.80163124471747127  0.81170319099104749  0.82468545930172177
  0.83774662039239489  0.84929535082794294  0.85928158095376761  0.86939246250080504
  0.87994871253152973  0.89159095296621327  0.90350179583243262  0.91558655155816171
  0.92720995917067583  0.93814129446732675  0.94839736991212908  0.95883135633587446
  0.96912598185905874  0.97951875121092780  0.98946125768762971  1.00000000000000000
 -0.00213118076979187  0.01005117117339107  0.02039063462815255  0.03164018749283072
  0.04298941760979244  0.05437859516701127  0.06589188193810440  0.07687891916906775
  0.08832306704886381  0.09942622419465097  0.11154558403746671  0.12350782164468614
  0.13502255470803873  0.14658042389663606  0.15850852911780322  0.17061140185059392
  0.18255620350330171  0.19263883930169801  0.20195742631243999  0.21161301209918226
  0.22252107542482716  0.23269713672866890  0.24258708848973715  0.25130059280819989
  0.26278464954155695  0.27363394024461857  0.28588635409205299  0.29682198133094562
  0.30792732450450816  0.31750022528670624  0.32715192332304610  0.33683717445700928
  0.34709837960269374  0.35787691961117829  0.36887867840272232  0.37915457181522749
  0.38900744245373658  0.39840350095522720  0.40771987944565147  0.41667730206373710
  0.42554668602482698  0.43459205993962319  0.44475105995925313  0.45597464784822561
  0.46606316865570258  0.47618361574292117  0.48737241848883728  0.49882580864089865
  0.51016302044909823  0.52101049481028938  0.53165960306097682  0.54134612479597488
  0.55141894830702132  0.56143788311941756  0.57130528288567195  0.58085957873087601
  0.59098369101411885  0.60090736838467085  0.61041521746489846  0.62090318809442857
  0.63285754191016941  0.64556785916574300  0.65594647058644029  0.66556157699863538
  0.67506874198400169  0.68486046103530640  0.69510819682482716  0.70558058198785634
  0.71678059160095020  0.72882690352844526  0.74075588846314777  0.75214200196492820
  0.76296655319750406  0.77348678575943608  0.78385146550714890  0.79468965139250525
  0.80594618775396820  0.81728506481430263  0.82845185515721331  0.83884444576328143
  0.84894585982991000  0.85888719549656034  0.86924780573690108  0.87973159186827299
  0.89044548717746053  0.90055613226784337  0.91011353691904651  0.91973464035334562
  0.92942003667876838  0.93894118525718240  0.94807254506033523  0.95757058607674717
  0.96735156448077741  0.97785261399520140  0.98848709786750799  1.00000000000000000
 -0.00236064977791834  0.02002090240278744  0.03741426722863011  0.05244587291297986
  0.06594900179014024  0.07894636968433381  0.09005054251998429  0.10102661035645333
  0.11196289518439818  0.12268054353232397  0.13291000749686466  0.14278391649468136
  0.15301636977177172  0.16251510710933126  0.17110257467957171  0.17909779953812474
  0.18732960043376298  0.19587694917760798  0.20459554875469385  0.21340507081639229
  0.22218977233589529  0.23067419997758765  0.23877241488449705  0.24666950133716781
  0.25474864625107485  0.26345189988999201  0.27203054739228610  0.28022927631437849
  0.28837853416548281  0.29670563793521765  0.30516400783799968  0.31317599535084517
  0.32077746332315371  0.32831291786638817  0.33595940457386886  0.34299587891357020
  0.34993510201636535  0.35669226850110952  0.36406044206029436  0.37167267154012790
  0.37928147535632506  0.38692604280055609  0.39452568841045899  0.40206816282383895
  0.41005578275755106  0.41853374904545382  0.42650977562897868  0.43413376993163599
  0.44188575336886204  0.44953594270812436  0.45765111956222149  0.46599393551104928
  0.47434015651050582  0.48260049967807456  0.49062971049371062  0.49912223006415529
  0.50753040117896198  0.51501273282498483  0.52269801686084838  0.53059648425957584
  0.53911212107860040  0.54818791224150254  0.55764735522415121  0.56655266292012807
  0.57481635261262987  0.58346878026372173  0.59254706950653213  0.60215473353668869
  0.61163877455330429  0.62135016347970096  0.63125117106204598  0.64193404057466841
  0.65300020620485366  0.66444353432482472  0.67531348030679106  0.68619323628917417
  0.69824522309583925  0.70988993109293108  0.72154453865864032  0.73273461690642161
  0.74392285092389410  0.75426963989147344  0.76463457341720720  0.77813343819202285
  0.79448311074863431  0.81342154498542907  0.82641251894552725  0.84032357500095944
  0.85448571406386853  0.86954407812916701  0.88637592898265638  0.90433644948743641
  0.92235583097396445  0.94224410589592655  0.96695654935681874  1.00000000000000000
 -0.00228605431419388  0.00977383760347731  0.02058590030855793  0.03107500824456466
  0.04179827063661280  0.05272923031923796  0.06356672740914066  0.07400714223058209
  0.08410161246976587  0.09439306514366715  0.10479208979699184  0.11486442342451737
  0.12515496818691185  0.13513874806039800  0.14459708969538426  0.15384836048470923
  0.16311544541066877  0.17240307119523143  0.18207556254511481  0.19194039949075958
  0.20196551792582604  0.21139472470488269  0.22091791890715556  0.23185731358382725
  0.24385461592228866  0.25518012836539083  0.26595141063918010  0.27804103738861285
  0.29096696554257878  0.30284078186773644  0.31420298090310467  0.32591798767246150
  0.33773914107855380  0.34966511273501050  0.36086835235325587  0.37132546516069564
  0.38055152049246965  0.38969128013512522  0.39868207759219004  0.40792387620786907
  0.41742545794299113  0.42826210377150425  0.43929117138588680  0.45223410679746956
  0.46457081535558009  0.47497683951467462  0.48551453515051091  0.49578273444556015
  0.50656739606541801  0.51687664157495694  0.52759876581548593  0.53816947603485621
  0.54815156823737354  0.55768314505924332  0.56967935109722045  0.58171447325675507
  0.59380473451845395  0.60532328385331535  0.61672197182150135  0.62747536595217313
  0.63775317724995384  0.64821976596497832  0.65831291341046927  0.66882629223487255
  0.67962669376476459  0.69106963314402714  0.70249210521512540  0.71386726619224850
  0.72483830350037692  0.73541625809583611  0.74626540918088591  0.75786409080099215
  0.76938430181911366  0.77964221713478232  0.78914374824957412  0.79961958640780972
  0.81038394311927864  0.82007871771794316  0.82888572650072689  0.83789229067456916
  0.84777581747676956  0.85775409289370141  0.86701442658681416  0.87624729554984004
  0.88622844403659806  0.89662748880159981  0.90708138013795381  0.91781241656845824
  0.92795973618442917  0.93758184903799091  0.94712081308337936  0.95744539347745217
  0.96848799649986628  0.97953077395480914  0.98999640298813318  1.00000000000000000
 -0.00186806872770688  0.01018389961683266  0.02052320529625799  0.03159599095828568
  0.04127206309121433  0.05129147334166730  0.06081397872226417  0.07081653526864584
  0.08077332259159491  0.09084202466351191  0.10146045576792892  0.11199522207821699
  0.12209953938280645  0.13208303497376425  0.14275367380313855  0.15391840599719009
  0.16467569674260271  0.17516074090920794  0.18577694120468705  0.19678428264622561
  0.20774896061544781  0.21883755067262647  0.23007201794212809  0.24162443885288695
  0.25316970267568834  0.26391907202921744  0.27415973155179874  0.28389953796366374
  0.29374068424193972  0.30370730783040728  0.31382411209823224  0.32336025466879836
  0.33267807528811966  0.34205845441977339  0.35157150300539675  0.36114249427454886
  0.37101748989340971  0.38146012915566441  0.39243190581852222  0.40419082988879312
  0.41585225933965858  0.42792128468642732  0.43957522231414403  0.45024508835231752
  0.46092908894543605  0.47139662553209638  0.48210897866600305  0.49356106857016374
  0.50602624523115047  0.51791330952023262  0.52958374567037414  0.54122531976099963
  0.55299642773475233  0.56456207160024807  0.57567191196873779  0.58640492444352632
  0.59699938646043527  0.60690476835422602  0.61606326525830335  0.62512494378365213
  0.63486767732311533  0.64634424827700054  0.65864161264740151  0.67041393695129781
  0.68178472609602525  0.69310692250712336  0.70458293766825775  0.71523352745394819
  0.72524817344547743  0.73584918133960575  0.74690184707992979  0.75819224164577115
  0.76900201452705730  0.77989833257252206  0.79062220241163605  0.79992710935060296
  0.80897189481130372  0.81856781986285199  0.82844214741031241  0.83768741667136004
  0.84620669980532248  0.85561276787585538  0.86678797151840892  0.87867524097754757
  0.88950080902268702  0.89995943893723929  0.91055042186118462  0.92111887073600640
  0.93084224441792585  0.93987957011500922  0.94892101296592046  0.95820446327858888
  0.96782675877821012  0.97757141277436665  0.98831202035533738  1.00000000000000000
 -0.00472012285791057  0.24623273990080860  0.32725508145908977  0.38628666765705888
  0.43248545929227372  0.46923981453659086  0.49866751807920889  0.52594383779718967
  0.55124810361226728  0.57358523292499852  0.59353583866028126  0.61226147347015514
  0.62944382733626547  0.64512501584240722  0.65908955919617651  0.67196105396293271
  0.68396851432913008  0.69506387665731317  0.70575143705508403  0.71587488717136893
  0.72512404747585812  0.73374361491833484  0.74193596398058415  0.74980422571564542
  0.75698780690983336  0.76374857185362999  0.77043537374597171  0.77713115137809974
  0.78374831898065567  0.78998384144212941  0.79588246812559427  0.80133481069799062
  0.80658599792748986  0.81166399890705732  0.81702253055051666  0.82269901931454881
  0.82833614808007217  0.83375578047246623  0.83870656490712425  0.84322497908533423
  0.84787770347829328  0.85244222444063655  0.85672177716004916  0.86079287416761341
  0.86473017418104747  0.86842257339677986  0.87231697076415493  0.87613624696699688
  0.87965550157756223  0.88321696915060377  0.88674973389451850  0.89026485021513257
  0.89377178313020267  0.89718569554220318  0.90040312869557371  0.90333225076923596
  0.90631791026880049  0.90916677742600815  0.91217457041011107  0.91522986362730852
  0.91808678581546788  0.92079815155720102  0.92344361970193278  0.92607707439901987
  0.92871652214042322  0.93124583727281574  0.93374012604279144  0.93623857830041879
  0.93860650719188454  0.94089859240746510  0.94320759530076603  0.94555516981074661
  0.94791682140051647  0.95043682151854592  0.95285713122187099  0.95516171695590180
  0.95723424152291892  0.95927027842393708  0.96138278271185162  0.96342171440679314
  0.96551584396095858  0.96758241725548777  0.96961917949321030  0.97167701765714121
  0.97369779718077210  0.97567647634099686  0.97766352857517502  0.97973560755133438
  0.98197277252699122  0.98422337344544986  0.98650404530986624  0.98883364860652712
  0.99120374409080314  0.99386222036896266  0.99679851721011969  1.00000000000000000
 -0.01299308214324656  0.10449787367685784  0.14955290505464758  0.17474349991492985
  0.19449096237666319  0.21112747749934552  0.22558728253127217  0.23823595354725630
  0.24937967214441550  0.25988258354010302  0.26990301770294678  0.27997354579574374
  0.28993815793216654  0.29934174768504906  0.30775804535528850  0.31569801074024983
  0.32356017306619789  0.33136951470331544  0.33816583698013786  0.34425222443717679
  0.35049567976765944  0.35742966893686912  0.36428445613366467  0.37086870880461775
  0.37707426572013192  0.38296148109742173  0.38871471878515745  0.39443867646342579
  0.40051321950462881  0.40684412620737120  0.41301343585191785  0.41897800455868728
  0.42493256133427199  0.43080336920857670  0.43655869058418001  0.44287586654038824
  0.44935832385726199  0.45558846199683595  0.46170805735712711  0.46748577084998605
  0.47328191974161266  0.47911451566203839  0.48472631891388562  0.49015242676575083
  0.49563427566846568  0.50135193177857129  0.50742796733490425  0.51366610123399992
  0.51987961567939112  0.52589127857843931  0.53157126791937737  0.53674930192055759
  0.54226184914264752  0.54832981164607608  0.55453313781603364  0.56070634299822986
  0.56627862048210287  0.57143350080649591  0.57651630837419965  0.58179064721357410
  0.58748818578875661  0.59370386421228616  0.60008301988965729  0.60638566087791679
  0.61247424288314956  0.61848667141456171  0.62480918021154741  0.63154133236887366
  0.63823382800197814  0.64450570469808854  0.65039742602555561  0.65589954887796531
  0.66129687774103396  0.66709298404879991  0.67392848208250666  0.68121660611889334
  0.68883813698682028  0.69666114135443913  0.70496448935005895  0.71337672546525288
  0.72193453235941096  0.73079059641192745  0.74009610974966100  0.75008406890674073
  0.76043474268199318  0.77172986746516381  0.78185676044066510  0.79262023532598369
  0.80240729248005860  0.81362205054324055  0.82646993995502782  0.84175961118801845
  0.86160164870687739  0.88652777341700550  0.92198090231448782  1.00000000000000000
   2.4286519797889929E-010  -1.0000000000000000     
 F F F F F F F F F F F F F F F F F F F F F F F F F F F F F F F F F F F F F F F F F F F F F F F F F F F F F F F F F F F F F F F F F F F F F F F F F F F F F F F F F F F F F F F F F F F F F F F F F F F F F F F F F F F F F F F F F F F F F F F F F F F F F F F F
  <DiscreteSampler_grid>
  grouped_processes
  1 # 1 for a reference and 2 for a running grid.
  10 # Attribute 'min_bin_probing_points' of the grid.
  1 # Attribute 'grid_mode' of the grid. 1=='default',2=='initialization'
  0.0000000000000000 # Attribute 'small_contrib_threshold' of the grid.
  0.5000000000000000 # Attribute 'damping_power' of the grid.
 # binID   n_entries weight   weight_sqr   abs_weight
    79   10   3.409730529841202E+000   6.901666395471248E+001   3.409730529841202E+000
    80   10   3.409730529841188E+000   6.901666395471192E+001   3.409730529841188E+000
    82   10   1.822098469308541E-001   1.970867978050268E-001   1.822098469308541E-001
    83   10   1.822098469308533E-001   1.970867978050250E-001   1.822098469308533E-001
    85   10   6.380699222333006E+001   2.416853871739258E+004   6.380699222333006E+001
    86   10   6.380699222332978E+001   2.416853871739237E+004   6.380699222332978E+001
    88   10   3.409730529841202E+000   6.901666395471248E+001   3.409730529841202E+000
    89   10   3.409730529841188E+000   6.901666395471192E+001   3.409730529841188E+000
  </DiscreteSampler_grid>
