  0.00009839730297372  0.00010584963406112  0.00010946672129005  0.00011192473479304
  0.00011397673926437  0.00011535705280484  0.00011667434353041  0.00011779636447224
  0.00011886311646515  0.00011989523921319  0.00012110219192061  0.00012225638235801
  0.00012338304806892  0.00012448828109231  0.00012557578744488  0.00012664907509673
  0.00012779392106506  0.00012901535381470  0.00013034364925293  0.00013182997111169
  0.00013330837161107  0.00013479605060108  0.00013636447647786  0.00013807438655068
  0.00013977017839271  0.00014157135224742  0.00014338402379762  0.00014516037731080
  0.00014676664199730  0.00014815188609536  0.00014946673243474  0.00015088273766672
  0.00015241220583233  0.00015396894992335  0.00015571297597662  0.00015753567991597
  0.00015936956925210  0.00016108372960787  0.00016272789057766  0.00016436297113721
  0.00016603531656169  0.00016778628628710  0.00016967562678466  0.00017109486533777
  0.00017251974924534  0.00017386589629421  0.00017528043494999  0.00017678177724616
  0.00017876733982631  0.00018119590508743  0.00018377285450933  0.00018631686597787
  0.00018863421649718  0.00019132071597220  0.00019434645159687  0.00019722785267298
  0.00020025919242813  0.00020387493197355  0.00020833898008676  0.00021312149451830
  0.00021801854477886  0.00022280924406833  0.00022821226302135  0.00023390274975736
  0.00023940240184607  0.00024543488802073  0.00025240020783531  0.00026022770532703
  0.00026870501244289  0.00027653394272528  0.00028535931137404  0.00029504547155318
  0.00030579038518651  0.00031794889918983  0.00032979981609493  0.00034160798546204
  0.00035328945051833  0.00036614990787193  0.00038086899776391  0.00040113986659704
  0.00042496971596350  0.00045140200514008  0.00048100761478459  0.00051581266585969
  0.00055604229910693  0.00060283896196047  0.00066066650515288  0.00072177115394340
  0.00080056935482981  0.00090210252848093  0.00102906220730125  0.00118412540915249
  0.00140223294491396  0.00178809613274790  0.21551075444024123  1.00000000000000000
 -0.00002053743581201  0.00033274953621498  0.00103147525999875  0.00210429558719365
  0.00342166708878071  0.00516898402357690  0.00736686278961016  0.00976652957335217
  0.01296834278987255  0.01687065826578578  0.02096926870591955  0.02501853535438497
  0.02892914749288825  0.03335652931213254  0.03881932125183685  0.04436147892469917
  0.04944658899744981  0.05503253234413166  0.06150927091400647  0.06752100376346033
  0.07334630637668468  0.07816541137647953  0.08326550567484055  0.08860223028914471
  0.09405262864456969  0.10009517448359470  0.10535559684062006  0.11050216446284611
  0.11598358160431677  0.12197525282780537  0.12884411795854891  0.13608554740402282
  0.14317829677000951  0.15065275424726748  0.15831877190210247  0.16664625795541629
  0.17418735623284701  0.18175400465720989  0.18939884841908250  0.19733851906728667
  0.20659499749240290  0.21653359965530661  0.22664093572370347  0.23655018779250880
  0.24665402136499842  0.25708834284094506  0.26696239916446396  0.27605488458189525
  0.28484605767720184  0.29310604732409246  0.30342885674193620  0.31537687700563555
  0.32926431242392540  0.34573628186949995  0.36294491598280160  0.37763851966025769
  0.38986944321462541  0.40012044843789379  0.40992755133914055  0.41941499481096317
  0.42858129547334023  0.43821160705788714  0.44863004569155124  0.45923194704122283
  0.46976325053742629  0.47977680436918457  0.48949208159908236  0.49948618805908090
  0.51060581394080518  0.52123689437387166  0.53149827220837509  0.54245760924627195
  0.55348321735168382  0.56395026039039264  0.57381198777465681  0.58474881470047135
  0.59713836645582863  0.61141687558605684  0.62271538070427435  0.63175435115233980
  0.64165434326587523  0.65132019938604080  0.66829224296425083  0.68407581014949859
  0.70540433740057529  0.72930435307769870  0.75340175235234386  0.77793697832560327
  0.80561137875190247  0.83269971346844751  0.85940593746153582  0.88648533092147985
  0.91445054638609569  0.94330979756757416  0.97209694045784245  1.00000000000000000
 -0.00360649176138734  0.01001103070605674  0.02181508809990746  0.03340390271247393
  0.04618525925630246  0.05875446768141789  0.06930921871587666  0.07864497657748178
  0.08765787473056795  0.09737857139912609  0.10789055252187460  0.11745094971384402
  0.12690175846156687  0.13607831469444839  0.14499985631271384  0.15482909000945949
  0.16513369306336192  0.17616231043627717  0.18746107678382459  0.19839520273879999
  0.21023937427657341  0.22086677167334781  0.23034157961523694  0.23759080438965088
  0.24384714361666301  0.25012819742827624  0.25723723864424730  0.26449383118889075
  0.27182258673726928  0.27997246027571954  0.28668269802449353  0.29394059162497865
  0.30410752117051182  0.31479379917993983  0.32580810746747324  0.33549560132278267
  0.34509676856780741  0.35445468280694131  0.36631369322016871  0.37880749777057987
  0.39250570775697641  0.40335044551783650  0.41187497460217010  0.42010722709997383
  0.42824081070902870  0.43579354766630757  0.44382592569943491  0.45384399325547520
  0.46566555870376097  0.47822530457640883  0.48810226432189108  0.49648099830783199
  0.50579416203666683  0.51567413242472149  0.52629243152773464  0.53754994572613446
  0.54923154121097062  0.55960684712046960  0.56984785064685461  0.58080695921805681
  0.59317376959800472  0.60526856735341050  0.61658424056299677  0.62789646317378589
  0.63995678353830010  0.65116755466829879  0.66162796200919038  0.67278572475735410
  0.68468198350149190  0.69557207304076774  0.70554330570544876  0.71568963807697750
  0.72612924329090334  0.73917273782021475  0.75506642794025280  0.77096165497121105
  0.78429428399624668  0.79692115748562942  0.80896000631802722  0.82163230713395430
  0.83412764652095861  0.84640509702257105  0.85841059309758816  0.86901239312198353
  0.88084681622101413  0.89263695202715154  0.90398477748505834  0.91496395969328825
  0.92605235090553673  0.93664334334317323  0.94619269592410504  0.95592599081946306
  0.96695812609484599  0.97827194000568141  0.98923244919289133  1.00000000000000000
 -0.00407641302379283  0.05873763299855367  0.10080543663332010  0.14379933887983687
  0.17976224718286826  0.20001602339441907  0.21894730119813607  0.23756877667145979
  0.25369823104786843  0.26647774504473476  0.28071525650756773  0.29513230533958373
  0.30960562019120547  0.32766701486716315  0.34371955951347366  0.35679458834966260
  0.36979003390798421  0.38205360938111954  0.39533844271256668  0.41073253068427079
  0.42615906330841247  0.44175479826058128  0.45654040122653722  0.47074101677282648
  0.48419268984836961  0.49613491826349132  0.50709420064999511  0.51776147176340026
  0.52764841566276155  0.53743769360845084  0.54990602482017825  0.56276320479303177
  0.57428397992922775  0.58279954597058026  0.59146904107499110  0.60076566779656360
  0.61161392336121734  0.62212598542138242  0.63241702946917633  0.64240737254735869
  0.65175771208590438  0.66173272947408790  0.67214664348823228  0.68091541128894895
  0.68933027028366944  0.69740933011866391  0.70524687028772370  0.71318386655793042
  0.72082175586192410  0.72758418952149440  0.73369110617551081  0.73932297783870837
  0.74498158447844753  0.75136866357268861  0.75883130416255129  0.76691247591260781
  0.77559633400317962  0.78439054884370885  0.79325438583359498  0.80238587359366853
  0.81160416373851751  0.81797605233263282  0.82445569156697229  0.83070838285718529
  0.83693484021519460  0.84210318238133186  0.84868723926504597  0.85680821263133955
  0.86514986834079843  0.87266290093262988  0.87929515969130090  0.88657247158167185
  0.89301791290119581  0.89881651831928289  0.90425084692290514  0.90969777217607373
  0.91620207305706325  0.92162131420314763  0.92638541011545006  0.93010033525987545
  0.93296150599345551  0.93573080328915204  0.93875232466730607  0.94207527415094439
  0.94549375545587577  0.94871788322466244  0.95160396163059369  0.95460508660111398
  0.95797361220209509  0.96205319956988999  0.96709140495318058  0.97216631976580836
  0.97707789478602436  0.98336027002506066  0.99193846126024865  1.00000000000000000
 -0.00267867981139109  0.01300846313250197  0.02681309535656945  0.03980734534835796
  0.05003388710578233  0.06005489905783042  0.07283867824874456  0.08616151064614593
  0.09818325140477094  0.10871766588632141  0.11950013833450311  0.13000031667129816
  0.14051541684833310  0.15112570977695641  0.16170241420111267  0.17179160073759039
  0.18240674953522906  0.19403940130833067  0.20581282668238762  0.21726515964355447
  0.22883506081295990  0.24068501446034257  0.25320194506420490  0.26433884896058935
  0.27512695814489102  0.28662654837931706  0.29922376818094815  0.31086439216155298
  0.32068961461369638  0.32969343689861225  0.33887794561557882  0.34831750231826497
  0.35821663888661887  0.36849542940320995  0.37893920197206882  0.38949258002629433
  0.40066011612255437  0.41334077212287440  0.42696943814134675  0.43889829505948574
  0.44945182357277702  0.45941815257541568  0.46898653772820337  0.47944872481306711
  0.49111745303873711  0.50464898406989378  0.51792015672396197  0.52863268927381213
  0.53860787681491729  0.54845693846662324  0.55746095459075451  0.56676072055297944
  0.57716219969551685  0.58992765011471271  0.60442014603555350  0.61857721779109220
  0.63036938074718707  0.64034741201041079  0.65000112302934976  0.66067914006880146
  0.67338916153323569  0.68405559859277087  0.69361914451837847  0.70233976599210257
  0.71329180501164824  0.72272230003409443  0.73309656853427074  0.74394527043958181
  0.75478857012246658  0.76798364121266582  0.78177380509746974  0.79637068313535175
  0.81032980649649222  0.81980406642579828  0.82734856394751088  0.83380516689916273
  0.83975317937507543  0.84641845415638917  0.85404021822150844  0.86126456507074833
  0.86761456015606409  0.87441692700590823  0.88236231851471802  0.89128198619270183
  0.90101368317091890  0.91027360777481159  0.92059343674310634  0.93028668557504901
  0.93817238558069338  0.94526367717948356  0.95289969907489191  0.96134972903853810
  0.97150458606682377  0.98247734467200998  0.99208669758704437  1.00000000000000000
  0.03121367478663237  0.26495635554376307  0.32807619578439778  0.34624839964444054
  0.35939716641536573  0.36778306483348394  0.37351772818812440  0.37781874749259042
  0.38147607277914936  0.38552346282914934  0.38957297375473082  0.39388275514259774
  0.39894000743579489  0.40361235947821061  0.40862293389056725  0.41342464787582395
  0.41753420042676853  0.41994985388396494  0.42242471889116184  0.42437879106422216
  0.42611791198852172  0.42795750007700367  0.43023427540185005  0.43323615559699108
  0.43684088912602553  0.44027543715487572  0.44347072106938729  0.44658562196831408
  0.44940969770201178  0.45221861828447679  0.45441197791056970  0.45661260288680239
  0.45889912827831003  0.46173340157203879  0.46515666262494793  0.46841317237260516
  0.47135746372748610  0.47419772234157231  0.47667414275946968  0.47995190605111465
  0.48414041235526467  0.48874145720646572  0.49374543235452750  0.49870980838335738
  0.50368623081838526  0.50815020872095040  0.51234159576352878  0.51674821759641543
  0.52066314379290546  0.52434549969690891  0.52858370346061045  0.53328537793524433
  0.53797946246243966  0.54307593004259458  0.54779177521440570  0.55317488183918495
  0.55859604193471546  0.56464619454994669  0.57201112428151579  0.57941190907368434
  0.58556466859395961  0.59080917807446065  0.59571452827838467  0.60114972674540812
  0.60725759802218038  0.61333384426869797  0.61939294213511598  0.62603585080564261
  0.63312513153204475  0.64018887860368268  0.64783586022030848  0.65700150313927752
  0.66647848905096951  0.67496196580485901  0.68336730310815219  0.69162268159629314
  0.69964404979502903  0.70825270337586632  0.71745743414305596  0.72842164668561415
  0.74072392328403314  0.75268955877913157  0.76475264775259122  0.77378567133270260
  0.78178210865286391  0.78998683847528550  0.79927074599931514  0.81166004767956257
  0.82625648659903494  0.84087432500747938  0.85661860070723617  0.87347231303194539
  0.89115960876861910  0.91217013348135834  0.94342652235352764  1.00000000000000000
 -0.01508764686595414  0.12067834720664131  0.16701739839036972  0.19601530429237418
  0.22055525193664341  0.24413480375306218  0.26582615238873858  0.28528094793564740
  0.29904837543077850  0.31109747266341764  0.32207443976678490  0.33562329321418677
  0.35049130657842509  0.36335245075559180  0.37540545875798281  0.38777132081278393
  0.40047860019251019  0.41317358485847222  0.42572300526839324  0.43613988585721614
  0.44466723969636707  0.45271517428016739  0.46093465032152664  0.46995350141781717
  0.47844800047071978  0.48639080894183878  0.49368064345993073  0.49971384762761706
  0.50516885885024354  0.51063138720247825  0.51656039767436468  0.52351222636689099
  0.53141605819098003  0.53973850015115254  0.54915591964753185  0.55700660059846530
  0.56311955030590910  0.56883093721736555  0.57549398785841954  0.58103392963735689
  0.58536872307796983  0.58954917579356991  0.59408637382150564  0.59922822189232738
  0.60450204414939301  0.60979493461217815  0.61579189907974707  0.62134496375872628
  0.62715548192323700  0.63401172949629814  0.63992871294543430  0.64536679071045167
  0.65060241846578970  0.65570320672061189  0.66023507358652489  0.66443713668714777
  0.66869378361756482  0.67321398801139443  0.67833387195225059  0.68585280219711253
  0.69345192780841791  0.70048705659491428  0.70726692757967846  0.71418696558230710
  0.72113387399609519  0.72777492381946884  0.73453060621970834  0.74077772788632656
  0.74681521264959838  0.75252281924334785  0.75649823658684034  0.76112000070340713
  0.76517496234488636  0.76903889947903104  0.77279925386128678  0.77661796687470019
  0.78123154253884064  0.78586480003666137  0.78991218946609376  0.79352536478744062
  0.79719857541452199  0.80153501489119039  0.80666142415804165  0.81202163631728330
  0.81793929414203626  0.82391253762463001  0.82976531957640576  0.83555864455506146
  0.84299496925995399  0.85098333931680481  0.86153857662030187  0.87354221435593982
  0.88790120833049935  0.90592546448102007  0.93300301396594887  1.00000000000000000
   4.4288360463488299E-009  -1.0000000000000000     
 F F F F F F F F F F F F F F F F F F F F F F F F F F F F F F F F
  <DiscreteSampler_grid>
  grouped_processes
  1 # 1 for a reference and 2 for a running grid.
  10 # Attribute 'min_bin_probing_points' of the grid.
  1 # Attribute 'grid_mode' of the grid. 1=='default',2=='initialization'
  0.0000000000000000 # Attribute 'small_contrib_threshold' of the grid.
  0.5000000000000000 # Attribute 'damping_power' of the grid.
 # binID   n_entries weight   weight_sqr   abs_weight
    31   10   7.208976437143687E-002   1.723212213806171E-002   7.208976437143687E-002
    32   10   7.208976437143691E-002   1.723212213806172E-002   7.208976437143691E-002
    34   10   1.349030662210187E+000   6.034415273242788E+000   1.349030662210187E+000
    35   10   1.349030662210187E+000   6.034415273242790E+000   1.349030662210187E+000
    43   10   3.852346927841419E-003   4.920875013321753E-005   3.852346927841419E-003
    44   10   3.852346927841420E-003   4.920875013321757E-005   3.852346927841420E-003
    46   10   7.208976437143685E-002   1.723212213806169E-002   7.208976437143685E-002
    47   10   7.208976437143690E-002   1.723212213806170E-002   7.208976437143690E-002
  </DiscreteSampler_grid>
