  0.00000298285383537  0.00000309381098918  0.00000321330548765  0.00000338501583035
  0.00000356414464133  0.00000374817975054  0.00000395763537475  0.00000420710376362
  0.00000449835034022  0.00000478173895125  0.00000506976649388  0.00000535961730309
  0.00000565133349760  0.00000598787792394  0.00000632160939213  0.00000665829093018
  0.00000700568269585  0.00000736361668264  0.00000772864251626  0.00000812658439270
  0.00000855600459709  0.00000901216836682  0.00000955516541508  0.00001012053057273
  0.00001069576624997  0.00001133960570396  0.00001203814787145  0.00001276670540781
  0.00001348488025501  0.00001411111916711  0.00001475380101232  0.00001549678819536
  0.00001633068183609  0.00001725069733214  0.00001818389515518  0.00001905239645829
  0.00001990260534844  0.00002083679607520  0.00002177719800483  0.00002276655634412
  0.00002379534800243  0.00002491024721036  0.00002618007221383  0.00002745776047218
  0.00002868211492890  0.00002986984704493  0.00003103515142725  0.00003221802368415
  0.00003347646190402  0.00003480473508479  0.00003627439828229  0.00003788516679143
  0.00003972385354377  0.00004167892033779  0.00004386036854943  0.00004622235382920
  0.00004871365368893  0.00005109959875244  0.00005347159415353  0.00005615590041414
  0.00005897103358235  0.00006189713041827  0.00006494934580946  0.00006810652489349
  0.00007136783938924  0.00007468110497436  0.00007862402130705  0.00008369207645842
  0.00008947563067017  0.00009551939849731  0.00010170675567015  0.00010921826037798
  0.00011832084504179  0.00012938744178479  0.00014012733630747  0.00015332201485581
  0.00016901049421786  0.00018520871148503  0.00020126519841951  0.00021773430253417
  0.00023633180420472  0.00025808053014216  0.00028443524379842  0.00031845243915544
  0.00035034341331483  0.00038526724810381  0.00042174867280098  0.00047649931336598
  0.00055906978352639  0.00065564238131200  0.00078738591053441  0.00100431270050344
  0.00143586303727861  0.00331814358185984  0.03325753691772599  1.00000000000000000
  0.00000234905587182  0.00000281364234959  0.00000311368597187  0.00000345661497667
  0.00000382061641688  0.00000417795505507  0.00000456572053577  0.00000497815582033
  0.00000539921987786  0.00000582603638045  0.00000627055705243  0.00000673742125365
  0.00000721152910229  0.00000768337801607  0.00000817875561759  0.00000868959558645
  0.00000921312178973  0.00000976240402505  0.00001030767694787  0.00001093619572560
  0.00001161319469327  0.00001231412323106  0.00001302085178798  0.00001373562058471
  0.00001448281010577  0.00001522663587690  0.00001601421537323  0.00001679277227958
  0.00001758516448411  0.00001841532276616  0.00001930610626014  0.00002024216386777
  0.00002134317778008  0.00002243746930486  0.00002344268082470  0.00002441227849642
  0.00002531411029400  0.00002625159850014  0.00002736063744039  0.00002852684499448
  0.00002975482612944  0.00003097424978735  0.00003218877879241  0.00003346637221385
  0.00003487859575577  0.00003653212843904  0.00003838974345388  0.00004006474370071
  0.00004170526698266  0.00004347265806439  0.00004538137862032  0.00004741870623964
  0.00004950819914898  0.00005152543697979  0.00005337410323906  0.00005496445544772
  0.00005675878354716  0.00005863131715559  0.00006068223919965  0.00006301668272950
  0.00006595364508836  0.00006933063240238  0.00007258315756581  0.00007576442986289
  0.00007925911397486  0.00008285125608209  0.00008641569786492  0.00009060981606433
  0.00009506040380073  0.00010030677297670  0.00010607591631418  0.00011267455518702
  0.00012015667399492  0.00012848716337765  0.00013803626226797  0.00014895898587257
  0.00015998376015730  0.00017103310893043  0.00018301333542955  0.00019641822580876
  0.00020912774447242  0.00022239568147703  0.00023705832248064  0.00025376894262683
  0.00027371913094558  0.00029854830545220  0.00033053738963575  0.00036998459413464
  0.00042269235128101  0.00049974405946532  0.00063389880906075  0.00084441820547120
  0.00121982052911873  0.00181739806730839  0.16777761763862481  1.00000000000000000
 -0.00277827646807243  0.00882736756376207  0.01875981517254358  0.02847743612609651
  0.03818378109463994  0.04762231405913459  0.05922052551690300  0.07143647901322256
  0.08484763344938183  0.09592146236459491  0.10664407740846335  0.11689188545560826
  0.12717655570823375  0.13528129631610264  0.14290064818715448  0.15192570102471159
  0.16069983337262631  0.17002735900264862  0.18045755451282258  0.19089947139270910
  0.20124693296040885  0.21300934043824155  0.22479394640583819  0.23637840634663884
  0.24665187379601550  0.25568206765723517  0.26517586163902040  0.27588977417483695
  0.28800897806233000  0.29774473119933292  0.30701828202691256  0.31587808965652153
  0.32617062390129414  0.33760134993785290  0.34879246406765596  0.35965115761726063
  0.37038990798348698  0.38074758707707990  0.39042643658359127  0.39934909928447188
  0.40832308909434911  0.41718232746107337  0.42536705749901493  0.43293128525896141
  0.44145029480938930  0.45154934042672057  0.46256781187673340  0.47334491792781869
  0.48321880840317738  0.49338528842545692  0.50459495464068393  0.51498180867166676
  0.52452953263351576  0.53398371265123223  0.54387223730357670  0.55537359521415530
  0.56755620273063434  0.58194892955145350  0.59515685890922509  0.60788644536195080
  0.61904884680821981  0.63034015240158447  0.64088622539776752  0.65188875905939370
  0.66308451437613236  0.67511390833557250  0.68803658334340323  0.70141482236035346
  0.71450742437977366  0.72713169264925370  0.73920803847950400  0.75029465848120824
  0.76115166891233021  0.77259481022014775  0.78547617827643412  0.79850187680770024
  0.80870976432588448  0.81780068947884954  0.82615680573522376  0.83416599491944288
  0.84246675802014559  0.85063916684759799  0.85908493376288708  0.86794778515710069
  0.87836356714826791  0.88988562237476232  0.90143156315792505  0.91378850943066448
  0.92669620790047602  0.93781504200187149  0.94726156474154943  0.95644272536397923
  0.96626097494055463  0.97719469637744183  0.98855676775808254  1.00000000000000000
  0.00001959803403600  0.00038874676203638  0.00061958820952099  0.00076438597402629
  0.00089858639774678  0.00102917161756963  0.00115654783818895  0.00129208845114814
  0.00143092279096585  0.00156743767120586  0.00170744529814728  0.00185125187905243
  0.00200392576864024  0.00216060753376948  0.00232283801397710  0.00248336582421389
  0.00264363327815611  0.00280387652919013  0.00296974034864197  0.00314002371370178
  0.00331330005114928  0.00348745379235606  0.00365914076786959  0.00383063591966172
  0.00400359601487027  0.00418048116334204  0.00437023685384212  0.00456990827796958
  0.00477550167169289  0.00498575286398413  0.00519929704134596  0.00541459336629578
  0.00559822751788940  0.00579146875161502  0.00598510243149165  0.00617015637046554
  0.00634839072273513  0.00653173334445108  0.00671291189747008  0.00689937718848868
  0.00708672733959898  0.00728926628213596  0.00751405788170259  0.00773739824199032
  0.00794762773665878  0.00821743576671618  0.00848668760332737  0.00877026078577659
  0.00907164092772902  0.00935228764138358  0.00965757439060424  0.00996952328206259
  0.01030029610147119  0.01063308535235263  0.01094899743144136  0.01124040421406315
  0.01151629895998586  0.01182730707892191  0.01216405920687462  0.01264401428517065
  0.01303453067426087  0.01344046855498960  0.01389277379509572  0.01428468674822310
  0.01472897847070810  0.01520527316200006  0.01563780574408017  0.01610452634760020
  0.01659891565274474  0.01707066105046234  0.01754964270495936  0.01803975541291859
  0.01869387515676407  0.01917466340591273  0.01955109865388507  0.01996174946974909
  0.02039135361931091  0.02103521763531130  0.02160113388655135  0.02215651627955159
  0.02280547725774068  0.02371324291110227  0.02438101982820893  0.02524777696334109
  0.02629937417386805  0.02882935013135601  0.03009544372119607  0.03109163094599137
  0.03435034249451476  0.03674279469654944  0.03848980092691402  0.04054519299387947
  0.04253901145932991  0.04997087957571675  0.44187648256318013  1.00000000000000000
 -0.00235690236101164  0.00805157899958310  0.01822626620907951  0.02857050139015876
  0.03957799691670915  0.05149311224928627  0.06234664251178273  0.07289591674571924
  0.08316662381240011  0.09305763126592086  0.10303242151602165  0.11115467006766948
  0.12028067386836745  0.13085196616776973  0.14129319477659177  0.15143728122207722
  0.16152391320654402  0.17256320230325695  0.18355949572241009  0.19319373861177513
  0.20231053949903266  0.21150052118950108  0.22223291844857920  0.23350028589491215
  0.24673715472272956  0.25571071293501013  0.26432083538563106  0.27221882668540087
  0.28077782378749572  0.29045348137219462  0.30071310427775672  0.31115416559888137
  0.32179670129000709  0.33340508963695226  0.34577936470195519  0.35821476052427659
  0.37130622079955744  0.38321956811088831  0.39390909865591761  0.40394112464848697
  0.41324289483489862  0.42288207300305808  0.43229457280281181  0.44223858988546866
  0.45255359510351267  0.46491647863327218  0.47790658054138840  0.48962169931331978
  0.50099816564310951  0.51301025471320905  0.52417057777456599  0.53487270046953284
  0.54562542196680663  0.55632280357279618  0.56663532228854252  0.57676150580635455
  0.58864771707178665  0.60223748835888358  0.61641290456683240  0.63003911714636174
  0.64144738584552441  0.65139962706890020  0.66077412875152641  0.66990323415209629
  0.67965116842841811  0.68959077132448021  0.70105389473698421  0.71329036402676582
  0.72581010306934979  0.73643566425297258  0.74600363175316742  0.75615718183697367
  0.76716304508529698  0.77948260607454911  0.79162647056464253  0.80433701690470227
  0.81651353039697683  0.82843172668088461  0.84024560052807062  0.85159860723458181
  0.86070642326956515  0.86892146429338046  0.87720763853461714  0.88640061111647461
  0.89638720925303661  0.90645168306050150  0.91699788475551869  0.92692733298833963
  0.93636687315113676  0.94579872691094335  0.95513896840653367  0.96403381551425205
  0.97322374685145319  0.98210954674004292  0.99105508747680016  1.00000000000000000
  0.10702868150596975  0.20702499341907266  0.28362680499199894  0.34285002779589235
  0.38710950232887154  0.41707735123751233  0.43097975838227914  0.43832071646025245
  0.44614332440377252  0.45574254405382475  0.46214939085906875  0.46642609673681756
  0.47227139155020459  0.48091915782097505  0.48979904071655689  0.49670831382895536
  0.50303687166774147  0.50846956285378875  0.51481015664990293  0.52270715259862488
  0.53194994561798503  0.54236411575225318  0.55341846435056419  0.56531003678750724
  0.57518290890681967  0.58348140300751905  0.59113303749305202  0.59830920535316778
  0.60533898109351858  0.61312507802336402  0.62124574788319553  0.62957482384702335
  0.63875953161715160  0.64787965793330216  0.65784701103278675  0.66859003934985883
  0.67878419752951458  0.68934292211054771  0.70037663675051309  0.71059464276435924
  0.72024676041915925  0.72970195261859483  0.73954308102926647  0.74872380924823589
  0.75657337264865510  0.76375800825657980  0.77064132426981957  0.77815175399709424
  0.78582920558750002  0.79385480183405144  0.80177155465644312  0.80954402706351514
  0.81721407018056558  0.82432413038696972  0.83140979585824637  0.83817952313241906
  0.84486004379391255  0.85136148478445306  0.85738222852184842  0.86304566548430262
  0.86810414788764934  0.87340109482582540  0.87849127039793018  0.88309815986113160
  0.88772322522637248  0.89247803778021462  0.89724288362601701  0.90195606779390869
  0.90729134693922997  0.91215283730899877  0.91658109237079011  0.92061816613555481
  0.92447411357928599  0.92847387530888836  0.93236484615450088  0.93596259422118055
  0.93955870837813182  0.94306946933604274  0.94648400510816189  0.94990090189878362
  0.95341038555672841  0.95664531408527720  0.95981709113830727  0.96293354431997491
  0.96599248339548438  0.96877616795914423  0.97160481382901198  0.97450290494260727
  0.97743063770871186  0.98031094669066399  0.98334794639050704  0.98629622211343804
  0.98926683010237115  0.99244349871273441  0.99599035733179520  1.00000000000000000
 -0.01790015644258367  0.11018368987364877  0.14572635598716888  0.17286180442498664
  0.19063943873355418  0.20391574519022274  0.21501836263208121  0.22584316550151906
  0.23657925651036199  0.24704855640109341  0.25723629944946125  0.26814821840405084
  0.27678927186974989  0.28539722700416176  0.29358759102425469  0.30273795416396188
  0.31178600824608993  0.31960084449355547  0.32646811856209651  0.33283084206047059
  0.33965384182444935  0.34696917049959997  0.35471299475972906  0.36199704083928680
  0.36904708859782775  0.37493322881284452  0.38207829556106510  0.38908695023285639
  0.39614345258242406  0.40314635088511147  0.40974488527697062  0.41583975974523790
  0.42174020519792577  0.42677974081195613  0.43222174813307579  0.43712927524100109
  0.44173231647038580  0.44648068818735648  0.45172308007513601  0.45771488485885203
  0.46409998650669165  0.47050068350115370  0.47602761637996494  0.48117399480842826
  0.48607724212102404  0.49098333332821986  0.49598208051473897  0.50114975570546372
  0.50665651974318193  0.51275361442647616  0.51937194053506874  0.52381108485689887
  0.52771631594413204  0.53174417122941764  0.53569864136324397  0.54024263131760775
  0.54563768174808125  0.55067232292335400  0.55558964782929166  0.56028164941890435
  0.56506694575000260  0.57001142207893374  0.57501313006492993  0.58081940907508156
  0.58667193563355891  0.59332202176185178  0.59889617911256632  0.60444148840275735
  0.61023091283406972  0.61631557975908879  0.62249770474941779  0.62995629194312286
  0.63663946653515180  0.64364237100221289  0.65103983814157618  0.65875887925015231
  0.66674079886371607  0.67472634325422376  0.68279597519578805  0.69117020606470847
  0.70001779248676899  0.70938383348746747  0.71880778287295455  0.72782888806210078
  0.73707665842410686  0.74639288373748491  0.75609108366293842  0.76723382697580178
  0.77945961004541642  0.79203274489906672  0.80671093205897171  0.82168448202904876
  0.83839049401667032  0.85749533150487178  0.88920460644644717  1.00000000000000000
   4.2479355048005715E-008  -1.0000000000000000     
 F F F F F F F F F F F F F F F F F F F F F F F F F F F F F F F F
  <DiscreteSampler_grid>
  grouped_processes
  1 # 1 for a reference and 2 for a running grid.
  10 # Attribute 'min_bin_probing_points' of the grid.
  1 # Attribute 'grid_mode' of the grid. 1=='default',2=='initialization'
  0.0000000000000000 # Attribute 'small_contrib_threshold' of the grid.
  0.5000000000000000 # Attribute 'damping_power' of the grid.
 # binID   n_entries weight   weight_sqr   abs_weight
    16   10   3.566044728393203E+003   1.130373760715400E+008   3.566044728393203E+003
    19   10   7.113223080274149E+003   4.493930566506747E+008   7.113223080274149E+003
    20   10   7.113223080274060E+003   4.493930566506628E+008   7.113223080274060E+003
    22   10   3.566044728393203E+003   1.130373760715400E+008   3.566044728393203E+003
    28   10   3.566044728393203E+003   1.130373760715400E+008   3.566044728393203E+003
    34   10   3.566044728393203E+003   1.130373760715400E+008   3.566044728393203E+003
  </DiscreteSampler_grid>
