  0.00951858465333921  0.01605705053192663  0.02574492211463932  0.03583492126110192
  0.04609570038408136  0.05589083301878058  0.06601067829088898  0.07630954738701309
  0.08708213485158928  0.09791479623868218  0.10935630344014491  0.12089866010865280
  0.13224795301115649  0.14341650605456929  0.15436850939580038  0.16480883649395198
  0.17535697995536217  0.18576664243761470  0.19663738420809354  0.20674472432652241
  0.21647572357961711  0.22598532540985064  0.23681501137572550  0.24703457095314355
  0.25731873649446041  0.26761871187719583  0.27831307544739969  0.28870586843541940
  0.29840395639552786  0.30805778831659336  0.31841110580213944  0.32934599206111065
  0.33984663253640063  0.35015029817270221  0.36030718216041130  0.37053464569789529
  0.38087579480308614  0.39145608160573342  0.40384492400986949  0.41631322498419837
  0.42838430327605326  0.43987231777408953  0.45113582770981370  0.46190698985795875
  0.47239904873865646  0.48292411711267924  0.49310949673945431  0.50304635857175994
  0.51288111508264722  0.52177889064546468  0.53073825266080499  0.53944413610924613
  0.54862300322075375  0.55996358890104769  0.57099839978788569  0.58207809204552763
  0.59311217107128400  0.60414626477747169  0.61512446011658628  0.62603135398426624
  0.63679860544433087  0.64735572733359903  0.65809857922600046  0.66904102911539121
  0.67998418682940587  0.69087486285396627  0.70219945816973095  0.71366963096368063
  0.72515556235238232  0.73617761846823981  0.74688648253208612  0.75730746190961040
  0.76773331667267342  0.77851630518435277  0.78935388432588294  0.80009903015597250
  0.81099166181116522  0.82218948331565822  0.83311842482254539  0.84337397671230929
  0.85377398505749413  0.86450371634556133  0.87532433190282100  0.88566223847922132
  0.89595864769760314  0.90645324954508855  0.91762474675598638  0.92850926513862453
  0.93922725803127938  0.95003086649326973  0.96015501615918630  0.96953716791167943
  0.97837943271746741  0.98653216114753939  0.98986785537924016  1.00000000000000000
  0.00000259365808835  0.00000274302323688  0.00000283591427261  0.00000292385574977
  0.00000300731681311  0.00000311092951764  0.00000322864916190  0.00000335622100460
  0.00000349054641270  0.00000362986993536  0.00000377961152071  0.00000394811678656
  0.00000413542668463  0.00000433854972923  0.00000458880317831  0.00000483867349777
  0.00000510699915512  0.00000539767467315  0.00000570703745122  0.00000605004323884
  0.00000640886672523  0.00000678490110334  0.00000716807356200  0.00000756470152323
  0.00000799065418291  0.00000844209289267  0.00000891629523654  0.00000942224984434
  0.00000996040494998  0.00001052543237182  0.00001115198492998  0.00001178290848360
  0.00001244901423753  0.00001311277754057  0.00001379835829858  0.00001451341749792
  0.00001526181232665  0.00001603350790009  0.00001685086577607  0.00001774070770898
  0.00001867924066247  0.00001967001579959  0.00002075307917324  0.00002184913205790
  0.00002308935348288  0.00002441630715790  0.00002578031420853  0.00002717120936504
  0.00002859423102507  0.00003007267060295  0.00003162101295475  0.00003322726079236
  0.00003492901768704  0.00003680670263874  0.00003856458721314  0.00004047155902580
  0.00004257972840849  0.00004480783902626  0.00004709267956487  0.00004950631623133
  0.00005205874483834  0.00005474104254038  0.00005784827588106  0.00006147674903919
  0.00006534583376094  0.00006945657009051  0.00007395412654522  0.00007877307451271
  0.00008379954039449  0.00008900573689349  0.00009482217416578  0.00010093927588057
  0.00010717413111679  0.00011358710686026  0.00012099163532968  0.00012982334415900
  0.00013992483111709  0.00015094466208533  0.00016356113627229  0.00017900104016244
  0.00019743845362442  0.00021835664482279  0.00024209774756967  0.00027048452949807
  0.00030550668548253  0.00034652741024267  0.00039805084860853  0.00046709912723669
  0.00056265670417812  0.00069335643267719  0.00088514941203356  0.00128365107763821
  0.00213114368672690  0.00661934077373585  0.24832313393595973  1.00000000000000000
  0.00000237700244391  0.00000267073307498  0.00000294962656794  0.00000322250383398
  0.00000350508252082  0.00000379716235119  0.00000409427629380  0.00000439478980066
  0.00000470312067481  0.00000502195242105  0.00000537677363435  0.00000574447449963
  0.00000618745875977  0.00000667301972063  0.00000715912321373  0.00000766300747205
  0.00000818080592330  0.00000870510458320  0.00000926407224327  0.00000985177630200
  0.00001046464585540  0.00001110483769174  0.00001175671499953  0.00001243277988843
  0.00001314261518936  0.00001383425285817  0.00001459139013514  0.00001537622978037
  0.00001618450301384  0.00001701731704637  0.00001785155280636  0.00001868511960741
  0.00001953773490601  0.00002040654889597  0.00002129327011987  0.00002224098311828
  0.00002322378248662  0.00002427604387713  0.00002529981298502  0.00002642012091857
  0.00002769491266822  0.00002906983756890  0.00003051882162922  0.00003202004540931
  0.00003354410575651  0.00003508924762049  0.00003670425861280  0.00003837086066526
  0.00004020000801265  0.00004221164467719  0.00004434102680403  0.00004652062565952
  0.00004875848206893  0.00005110934841681  0.00005353148444028  0.00005582772701050
  0.00005821994965030  0.00006073086430132  0.00006340986069961  0.00006624590379178
  0.00006972158686095  0.00007329176677988  0.00007695117682790  0.00008096915134731
  0.00008522335143764  0.00008973203225911  0.00009471410183781  0.00009940911414263
  0.00010442264065610  0.00011006058864202  0.00011641831239350  0.00012371334590695
  0.00013185457911147  0.00014072680412032  0.00015021228366611  0.00016047679198680
  0.00017214685130597  0.00018545492739053  0.00020109293265589  0.00021900027476908
  0.00023945692765246  0.00026219012605348  0.00028765300087576  0.00031615853296911
  0.00034767965292119  0.00038304796657576  0.00043686320581293  0.00051444092256198
  0.00061563385634461  0.00075743152842574  0.00095983140082850  0.00129870702709677
  0.00196933946114482  0.00457748935860607  0.07572939298922540  1.00000000000000000
 -0.00218446800563129  0.00774017773088215  0.01741423908942570  0.02671624887656892
  0.03737615603123953  0.04869898849356761  0.05981229731666268  0.07048225813897772
  0.08087468969655187  0.09165629527114405  0.10270569816209661  0.11397649507388742
  0.12498457407815187  0.13583993688916804  0.14699070656278773  0.15837166283422402
  0.17001020053113022  0.18163996381611550  0.19231983917345152  0.20239849370770624
  0.21292603135042790  0.22376948314275139  0.23392869537059516  0.24369359179539957
  0.25372871487755067  0.26422359375105720  0.27501226046275751  0.28570494774099670
  0.29636646170612330  0.30712129562123530  0.31761304202019641  0.32773926491249661
  0.33809655870791050  0.34884384821680814  0.36003181894311986  0.37151394656946046
  0.38284930401486844  0.39332527510641874  0.40272472071956605  0.41197542486747879
  0.42209281139488791  0.43325287256188616  0.44459043729389641  0.45582042247043475
  0.46771846385768218  0.47957401716149828  0.49085359100261949  0.50200429897475440
  0.51346900403387974  0.52497383143784038  0.53584748929416459  0.54580617915199314
  0.55520735266921006  0.56476837193742591  0.57487046255275032  0.58516239454363195
  0.59506789100860524  0.60450461293826807  0.61385923756709404  0.62299145008363721
  0.63234693465115199  0.64182483211984886  0.65198530420506462  0.66314994818844397
  0.67387399689560701  0.68460480878708796  0.69501851936479175  0.70529164339699890
  0.71580280942844354  0.72654242502650090  0.73758625609685680  0.74868118395117123
  0.75975294797714088  0.77046106274424164  0.78118460066497664  0.79190843181938242
  0.80247947579164303  0.81272200325371291  0.82310387530513363  0.83388179541167118
  0.84454262760118770  0.85459419122381752  0.86442736202948700  0.87393822535721422
  0.88356264348509039  0.89333585742657706  0.90369008967984521  0.91356403674406572
  0.92409447340238104  0.93455082174869197  0.94534884957588650  0.95577843713999966
  0.96697620430440467  0.97818871378416483  0.98930233470587903  1.00000000000000000
 -0.00242909164166562  0.00848600193160285  0.01926178665786881  0.03017440791312767
  0.04138936836789768  0.05279688293929269  0.06394684669573658  0.07508671338791613
  0.08577345334659411  0.09555369030820432  0.10516320586299696  0.11539428831009757
  0.12589674583769372  0.13520319268507150  0.14391477842404413  0.15253225918407429
  0.16163948688439467  0.17092647673571262  0.18034207060906982  0.19045959432305878
  0.20147142607263130  0.21224623884926955  0.22209902772144030  0.23197936802985014
  0.24236901732624150  0.25366519215629590  0.26515167446148141  0.27616557031134165
  0.28657733823743275  0.29699706400475490  0.30697086571400484  0.31761231324396222
  0.32812071415027200  0.33914174850117457  0.35007269939880886  0.36037500671459038
  0.37062350942350614  0.38137529932714065  0.39258411722367820  0.40398154860534313
  0.41538889911571197  0.42663866196816536  0.43782132078601887  0.44907004428353281
  0.46065012532130739  0.47210584320406301  0.48310418808814942  0.49394093448346499
  0.50507578866976899  0.51657285424487553  0.52795949175161150  0.53898410507351791
  0.55010698617644216  0.56145124316507689  0.57286638239978671  0.58412232122880592
  0.59484918995964775  0.60499631866319137  0.61500542966911453  0.62532297709973794
  0.63587510451185603  0.64646401008782284  0.65709477525774107  0.66759410839547584
  0.67701763400604797  0.68585452281181225  0.69489705318233774  0.70412431461645142
  0.71386631696731717  0.72375862722056850  0.73504303795551706  0.74690378007951774
  0.75810769349325990  0.76851989608756011  0.77867701101764086  0.78861474032712364
  0.79865619303640090  0.80893692764815384  0.82006959217339670  0.83029059494645308
  0.84094152807751577  0.85190940968696038  0.86345237547870990  0.87419774521964189
  0.88468533355602630  0.89443970961437236  0.90400485347316761  0.91380973650705855
  0.92453731763033165  0.93572379313161158  0.94631749540753130  0.95666495311332289
  0.96755464026791749  0.97851141577686096  0.98917179530806676  1.00000000000000000
 -0.00178321340368637  0.00770433047949761  0.01698511116576258  0.02817981616586267
  0.03939249653390046  0.04974536500936584  0.06057735212823116  0.07143072353539485
  0.08284486214677492  0.09378147382160849  0.10413420468913469  0.11395356484572802
  0.12336391837517341  0.13274107292267051  0.14286892758219516  0.15423626173132610
  0.16546084591184040  0.17644621385991038  0.18767458973959453  0.19789541081601736
  0.20896391744393503  0.21917658081999153  0.23018376791179154  0.24070008895870632
  0.25116419976898707  0.26174105421726940  0.27216426053407500  0.28087867087506835
  0.28968868904242073  0.29837161456525657  0.30794201352550171  0.31870784585992290
  0.32973337547947806  0.34039900936698009  0.35101444489316874  0.36130104509906630
  0.37163017484629962  0.38179681187313053  0.39223596114381226  0.40288053960797077
  0.41358617411213217  0.42410034289499249  0.43530251848799861  0.44612284672474750
  0.45729981710422712  0.46820816101064888  0.47884314650773901  0.48881983543092794
  0.49858685725051460  0.50827468822624877  0.51836351248450241  0.52853507455533677
  0.53859963281730616  0.54888448576386539  0.55949437599674023  0.57022615655677134
  0.58101677641971794  0.59156968905952223  0.60229634119072606  0.61319998652126873
  0.62393279579164285  0.63438695343632578  0.64470875034117114  0.65546240670287648
  0.66663419150331549  0.67729894785021683  0.68736182932732726  0.69758408776281267
  0.70798421634828146  0.71963512229674276  0.73144591150501892  0.74375177401646730
  0.75444029194571449  0.76463227321726712  0.77486653963612229  0.78523136504063051
  0.79530976646587725  0.80552065688569929  0.81631005772943399  0.82814983112059171
  0.84020272849921396  0.85219242707929488  0.86381954083877699  0.87502831888365229
  0.88617826154904178  0.89706389131842701  0.90678891452533383  0.91616373676786145
  0.92543404593581036  0.93464133136610927  0.94412117789033867  0.95424143433391129
  0.96541044362039397  0.97753796334728182  0.98881271177261332  1.00000000000000000
  0.00004621946254906  0.00011888223228282  0.00038705330557030  0.00077414738914136
  0.00127105041277209  0.00164675889426549  0.00197925641971503  0.00234168599183517
  0.00272624395316921  0.00312070269251740  0.00352365453646433  0.00393523344212983
  0.00436080753148267  0.00479599745047231  0.00524429758016027  0.00570296710262607
  0.00616713352819782  0.00664004869424608  0.00712051286169867  0.00761475367579720
  0.00810453060703534  0.00859538350017561  0.00909675737451909  0.00961076283631170
  0.01014427814433255  0.01069748196891680  0.01125489025565842  0.01182797184832604
  0.01241596496386813  0.01301234724390603  0.01361684697169794  0.01423007918633618
  0.01483887899766600  0.01543847812400098  0.01604545621531826  0.01665716992425102
  0.01729416117599166  0.01795227281796654  0.01862375321553132  0.01930075548539416
  0.02000867352807958  0.02072826817955242  0.02144181476318215  0.02214454113361581
  0.02288279508856462  0.02363135241493850  0.02439138059134791  0.02515516004294959
  0.02591692957206423  0.02664227112772533  0.02741543071836313  0.02819636691802926
  0.02901770960978301  0.02986587935203575  0.03086596111151398  0.03188575365795308
  0.03284346573061952  0.03377349012816797  0.03469206004205789  0.03568544215192723
  0.03669206972552203  0.03772079772487490  0.03876181190608710  0.03988067136171440
  0.04101853605790835  0.04209168986524657  0.04320935342978014  0.04443776678423109
  0.04580425519533726  0.04736208697698099  0.04891253881849922  0.05041801212968542
  0.05196739858700405  0.05362723472807474  0.05530596459333284  0.05700296298913544
  0.05870488095242596  0.06033729181246605  0.06216571642645952  0.06430556864042242
  0.06642382898697864  0.06847920102441031  0.07071304631551725  0.07322998227387015
  0.07596257305332260  0.07862113222630150  0.08173944377665578  0.08565457343229804
  0.09036786074711183  0.09573596906798437  0.10769245431136396  0.12708186688495646
  0.13965690815626766  0.16662378748123410  0.64357283703763235  1.00000000000000000
 -0.00266994946250524  0.01127957509135903  0.02251321568856413  0.03425781810155265
  0.04545662768790255  0.05729857371202556  0.06858685115366192  0.07997369544539090
  0.09203907443879651  0.10286535101172939  0.11348156712072748  0.12394531788263209
  0.13539704699902505  0.14705223502332601  0.15848959679601871  0.16965227412627490
  0.18042469007931755  0.19091375144605641  0.20141380195636319  0.21189455218561726
  0.22276260744795984  0.23339570667102796  0.24413371198563552  0.25456783641242203
  0.26485144783172326  0.27475734581798400  0.28468330835702910  0.29498035351346946
  0.30567567942427959  0.31687516434386270  0.32814485036389224  0.33907919571402972
  0.34930527226690444  0.35923864205892209  0.36929365969632361  0.37943601813944711
  0.38941029001258143  0.39914322612810682  0.40897860081515092  0.41853026705935592
  0.42845085391439258  0.43886032285141036  0.44949157200838363  0.45990685678365661
  0.47008521007982534  0.48021188175230561  0.49054923201501383  0.50114708247997752
  0.51154558314454224  0.52171625231470808  0.53199664866006424  0.54198515961265281
  0.55197455423181230  0.56187714224536389  0.57202710912978882  0.58232599827175813
  0.59267140436266763  0.60277877995591156  0.61281865048562190  0.62271552450217538
  0.63220565935859274  0.64148076529792719  0.65041824028618789  0.65888621744402942
  0.66711277263249114  0.67559018890477907  0.68460693434955400  0.69491665645367751
  0.70643044592822746  0.71778437345995538  0.72829674046512194  0.73768142414026061
  0.74667929624207541  0.75630198209412514  0.76632962672999716  0.77657060863519034
  0.78670845975565229  0.79678993822960065  0.80718234795636923  0.81778134933969837
  0.82853961793410191  0.83942229991975703  0.85053933330578879  0.86178209365282754
  0.87300281791107692  0.88412965224311912  0.89568301728879862  0.90775462106902238
  0.91984201414645050  0.93149545272493783  0.94242697049606661  0.95295881988724673
  0.96312210726957981  0.97393960042053784  0.98584846532721637  1.00000000000000000
  0.03560364932983064  0.23089273594985232  0.33568675143934457  0.40108463266009720
  0.44259795542590519  0.47215651235844780  0.49748545270965677  0.51911896997308393
  0.53817719645062290  0.55392377707486984  0.56861663651282235  0.58387844412023615
  0.59745700299185256  0.61160375003849254  0.62725686314243845  0.64458416361893456
  0.66200903208866502  0.67785950510415072  0.69258878105489652  0.70700508420838060
  0.72159272223269788  0.73540815700695750  0.74862778927468832  0.76144477044764414
  0.77397760069690302  0.78606104175522895  0.79770912914414616  0.80881784639072596
  0.81906390816675412  0.82845569732755298  0.83713495712780417  0.84525385152203447
  0.85300589398477633  0.86035445691171553  0.86733347486960166  0.87393767772039832
  0.88000678081609285  0.88561933685618777  0.89090952407798341  0.89587491623144444
  0.90050974962057373  0.90495412725987623  0.90928211754436217  0.91340404087352411
  0.91723575651456191  0.92081956015663435  0.92423749901112118  0.92754451073793809
  0.93077157804689914  0.93391968230326972  0.93695767043829437  0.93974989925673680
  0.94245706812515084  0.94515720930642078  0.94779622981184697  0.95039796512678876
  0.95291195616070379  0.95528563644125253  0.95751647215491331  0.95960674377016641
  0.96152606604991164  0.96332655098023412  0.96512359585595753  0.96686663200196343
  0.96853570139607348  0.97014167604743717  0.97169504522867800  0.97312709063899483
  0.97456093349113437  0.97591886454198040  0.97720687272289375  0.97843025107486270
  0.97959688476612861  0.98072388191033799  0.98182394222755709  0.98291057126909753
  0.98396202634051733  0.98497505806513064  0.98595083085139157  0.98689323650060257
  0.98779872463081564  0.98867919556520611  0.98954915791970988  0.99041015387239717
  0.99126702312259651  0.99209705537909310  0.99288448090740744  0.99363383699030883
  0.99436012761684744  0.99507384337150606  0.99580008907135553  0.99651892419909716
  0.99726014896983473  0.99806533863401015  0.99897852674285592  1.00000000000000000
 -0.02332385563930308  0.11570564379267081  0.15992497428124877  0.18837292300717784
  0.21137438948994058  0.22983398620409584  0.24590061257095072  0.26036198417978096
  0.27370050992909195  0.28627678524366645  0.29865415546659385  0.31061832780336418
  0.32137978690924507  0.33050507957646014  0.33963008535261857  0.34848103902236255
  0.35725122485098210  0.36606228304828636  0.37485400292846960  0.38296754712495307
  0.39064513957321140  0.39842124936004919  0.40607627217551612  0.41330155473940822
  0.42005139363485339  0.42686264079220743  0.43375842965593359  0.44051424121847343
  0.44689971717337729  0.45308680707983268  0.45897984371502420  0.46509453721241317
  0.47119180674463407  0.47784912069853480  0.48443289551908397  0.49040634507870512
  0.49605553483507375  0.50174796857552806  0.50749995818627580  0.51402654707872775
  0.52101528617920245  0.52793665712050886  0.53462874513653569  0.54086512200480430
  0.54688181989192719  0.55272290438612215  0.55852264145393493  0.56459540897668614
  0.57080200344156062  0.57682604320389552  0.58270976233781424  0.58856986312490900
  0.59435554225773302  0.60022889721288708  0.60627677174155559  0.61198216334133837
  0.61758130194801297  0.62321986425352127  0.62882949781858488  0.63452926457422687
  0.64052557968484658  0.64657824762626126  0.65265821849140093  0.65886617951811599
  0.66511502706627634  0.67133925198504052  0.67747086365646847  0.68353856505887312
  0.68974438021157125  0.69622008777352284  0.70293291218159171  0.70961619897424810
  0.71624716772782715  0.72276272478833914  0.72911459860156091  0.73535871583379353
  0.74162545861753693  0.74794832631984665  0.75435115549761211  0.76076294403404032
  0.76739535524930214  0.77430532365151306  0.78120429334573227  0.78812139147974480
  0.79543061939398152  0.80329689170559915  0.81161041831141256  0.82069141157776559
  0.83046006473125245  0.84077857646344578  0.85192512906965012  0.86444766140828078
  0.87932551059089215  0.89807768628779450  0.92733007932956368  1.00000000000000000
   9.2644872933159845E-008  -1.0000000000000000     
 F F F F F F F F F F F F F F F F F F F F F F F F F F F F F F F F F F F F F F F F F F F F F F F F F F F F F F F F F F F F F F F F F F F F F F F F F F F F F F F F F F F F F F F F F F F F F F F F F F F F F F F F F F F F F F F F F F F F F F F F F F F F F F F F
  <DiscreteSampler_grid>
  grouped_processes
  1 # 1 for a reference and 2 for a running grid.
  10 # Attribute 'min_bin_probing_points' of the grid.
  1 # Attribute 'grid_mode' of the grid. 1=='default',2=='initialization'
  0.0000000000000000 # Attribute 'small_contrib_threshold' of the grid.
  0.5000000000000000 # Attribute 'damping_power' of the grid.
 # binID   n_entries weight   weight_sqr   abs_weight
    112   10   1.170645334995757E+004   5.860483057484314E+008   1.170645334995757E+004
    113   10   1.170645334995756E+004   5.860483057484310E+008   1.170645334995756E+004
    115   10   6.324587276362823E+002   1.701050043804206E+006   6.324587276362823E+002
    116   10   6.324587276362824E+002   1.701050043804205E+006   6.324587276362824E+002
    118   10   6.324587276362823E+002   1.701050043804206E+006   6.324587276362823E+002
    119   10   6.324587276362824E+002   1.701050043804205E+006   6.324587276362824E+002
    121   10   3.951732790934635E+001   4.293023395592447E+003   3.951732790934635E+001
    122   10   3.951732790934636E+001   4.293023395592444E+003   3.951732790934636E+001
    193   10   1.170645334995756E+004   5.860483057484313E+008   1.170645334995756E+004
    194   10   1.170645334995756E+004   5.860483057484310E+008   1.170645334995756E+004
    196   10   6.324587276362822E+002   1.701050043804205E+006   6.324587276362822E+002
    197   10   6.324587276362822E+002   1.701050043804205E+006   6.324587276362822E+002
    199   10   6.324587276362822E+002   1.701050043804205E+006   6.324587276362822E+002
    200   10   6.324587276362822E+002   1.701050043804205E+006   6.324587276362822E+002
    202   10   3.951732790934635E+001   4.293023395592447E+003   3.951732790934635E+001
    203   10   3.951732790934636E+001   4.293023395592443E+003   3.951732790934636E+001
    232   10   1.157994617862624E+004   5.732767857370279E+008   1.157994617862624E+004
    233   10   1.157994617862623E+004   5.732767857370272E+008   1.157994617862623E+004
    235   10   6.226634298846940E+002   1.711708416998741E+006   6.226634298846940E+002
    236   10   6.226634298846936E+002   1.711708416998740E+006   6.226634298846936E+002
    238   10   6.226634298846940E+002   1.711708416998741E+006   6.226634298846940E+002
    239   10   6.226634298846939E+002   1.711708416998740E+006   6.226634298846939E+002
    241   10   1.362061795541845E+002   6.618847547199011E+004   1.362061795541845E+002
    242   10   1.362061795541848E+002   6.618847547199056E+004   1.362061795541848E+002
    268   10   1.157994617862624E+004   5.732767857370279E+008   1.157994617862624E+004
    269   10   1.157994617862623E+004   5.732767857370270E+008   1.157994617862623E+004
    277   10   6.226634298846940E+002   1.711708416998741E+006   6.226634298846940E+002
    278   10   6.226634298846936E+002   1.711708416998740E+006   6.226634298846936E+002
    289   10   6.226634298846940E+002   1.711708416998741E+006   6.226634298846940E+002
    290   10   6.226634298846939E+002   1.711708416998740E+006   6.226634298846939E+002
    292   10   1.362061795541845E+002   6.618847547199014E+004   1.362061795541845E+002
    293   10   1.362061795541848E+002   6.618847547199056E+004   1.362061795541848E+002
  </DiscreteSampler_grid>
