  0.00918929224820968  0.01789072243947347  0.02915638948508113  0.04094015700036154
  0.05341329683336809  0.06868321372221978  0.08348258807344273  0.09560059077378190
  0.10383086571449891  0.11100856602779856  0.11871638662037320  0.12715643126077589
  0.13658638046550767  0.14843512482485796  0.16014018403797081  0.17330236261090584
  0.18611887921068504  0.19612156573600134  0.20568502645189790  0.21601730509764688
  0.22689358293593043  0.23846518614858764  0.25081823197885633  0.26442151404901254
  0.27727627413492839  0.28895773668256869  0.29788888985956369  0.30564036793524174
  0.31335595509950098  0.32289161239960551  0.33083173039495056  0.34037905513909378
  0.35107799250721816  0.36124172876491678  0.37081760415438442  0.37935927547680348
  0.38857853094489320  0.39920128166348434  0.40834095804750181  0.41680637949057670
  0.42536759848097722  0.43414977082646228  0.44275051989314312  0.45161936316441725
  0.46036921542754061  0.46957595532055368  0.47957258236858513  0.49247266774752607
  0.50525479138315210  0.51640403044796224  0.52664730940701709  0.53651590250231918
  0.54704188948445154  0.55773840148813825  0.56635727699308924  0.57467920037969489
  0.58332794500280727  0.59346106415483235  0.60674880740198545  0.62008474423792292
  0.63456473352758824  0.64686884441693171  0.65718608943832080  0.66651430338078110
  0.67440868369134122  0.68253271099215551  0.69221733875521285  0.70246092765888302
  0.71291866609645083  0.72478163951669194  0.73547455814154861  0.74541433918386280
  0.75563779195309777  0.76679027708861591  0.77863338861531406  0.78935440603197127
  0.79927935448408471  0.81011820264220391  0.82162302668848586  0.83363848668606988
  0.84389369212600562  0.85287574268936706  0.86076818694602286  0.86966867953548643
  0.87887886374542079  0.88841412611896065  0.89848651172077520  0.90951825284357057
  0.92121161537177876  0.93231236039560250  0.94276750110244290  0.95246309780279104
  0.96312385233221087  0.97430490194420893  0.98669313611858078  1.00000000000000000
  0.00000322623812549  0.00000343152766518  0.00000366471304309  0.00000391841161287
  0.00000421197261690  0.00000455497680555  0.00000485495810877  0.00000512752823143
  0.00000541212028140  0.00000571583751258  0.00000609541945653  0.00000663007663539
  0.00000715954924878  0.00000769317186522  0.00000825113059158  0.00000879730282324
  0.00000936291341400  0.00000998137628163  0.00001070272440081  0.00001169017916022
  0.00001272620433458  0.00001366855598181  0.00001457995722854  0.00001550120827177
  0.00001638897479566  0.00001728799502439  0.00001823533565519  0.00001926367403192
  0.00002039861846326  0.00002163626264463  0.00002299158554076  0.00002444913553284
  0.00002602975013880  0.00002768851077666  0.00002927708348228  0.00003080365850143
  0.00003247788698359  0.00003424673721195  0.00003610747758244  0.00003823874728533
  0.00004074502810396  0.00004349580737848  0.00004645462825555  0.00004942483212388
  0.00005220479127364  0.00005465242162999  0.00005712080469870  0.00005970732484327
  0.00006230312269373  0.00006489739724106  0.00006760407802118  0.00007054702582275
  0.00007424435780100  0.00007857229804937  0.00008341307835753  0.00008685089547793
  0.00008998751935719  0.00009336330578952  0.00009711542714972  0.00010120285878020
  0.00010582619479978  0.00011132734067203  0.00011736664571842  0.00012257411335583
  0.00012710047809132  0.00013129447022781  0.00013701402132958  0.00014326510926769
  0.00015028006487258  0.00015847116672773  0.00016681704522445  0.00017431771143102
  0.00018165386762661  0.00019063003185333  0.00020204690750172  0.00021450382485590
  0.00022742801688861  0.00024029694111176  0.00025849871572187  0.00028207761590330
  0.00030760944568799  0.00033775380406788  0.00037435226601140  0.00041649231444823
  0.00046338547583705  0.00052310129886565  0.00060411358179143  0.00070246271526460
  0.00082215282759872  0.00099021132750054  0.00122291632860446  0.00163476990910060
  0.00233551836127794  0.00485306171832569  0.03123304287408260  1.00000000000000000
  0.00000260914669867  0.00000287614113468  0.00000322022574638  0.00000361759772851
  0.00000408542852924  0.00000454287216564  0.00000496545092385  0.00000535102017879
  0.00000579910103742  0.00000623856123244  0.00000667711024890  0.00000712681974273
  0.00000768060111791  0.00000841063020683  0.00000922650472043  0.00001000422746466
  0.00001075974796316  0.00001150079625030  0.00001224388831828  0.00001301133479656
  0.00001382267009467  0.00001467465676703  0.00001560078066511  0.00001663615164259
  0.00001769077343464  0.00001875964108078  0.00001989059108359  0.00002109983483135
  0.00002231890434672  0.00002354105610582  0.00002478876240292  0.00002605581907729
  0.00002754115691617  0.00002913089752739  0.00003085025890560  0.00003260357398037
  0.00003434435855848  0.00003604320280833  0.00003783235703443  0.00003973458326007
  0.00004174497477868  0.00004387700589887  0.00004606805323274  0.00004837285504235
  0.00005071161601768  0.00005279746278922  0.00005481948622017  0.00005713432010097
  0.00005982259883965  0.00006333250996445  0.00006573635352729  0.00006788620804039
  0.00006995316866320  0.00007230724113900  0.00007498507852464  0.00007826996436134
  0.00008225023300626  0.00008646992332932  0.00009043571919550  0.00009388950103210
  0.00009690649551106  0.00009985461984740  0.00010323144972565  0.00010747725679189
  0.00011172727929628  0.00011650858101270  0.00012276350043038  0.00013016591630204
  0.00013734985763912  0.00014452790002885  0.00015139976721485  0.00015883246231298
  0.00016544620111341  0.00017369630409866  0.00018427226861828  0.00019701964898968
  0.00020920769663723  0.00022273278112812  0.00023893727488006  0.00025784071761812
  0.00028071446531492  0.00030777118157603  0.00033454621042528  0.00036755233324492
  0.00040899441190702  0.00046706845375114  0.00054949687409315  0.00064760573989637
  0.00076991771452397  0.00093441805182707  0.00116897835201663  0.00148812652816897
  0.00221548936963304  0.00522947431490441  0.02919855930916464  1.00000000000000000
 -0.00198259968620551  0.00932300979107691  0.01810637055020019  0.02722583360448980
  0.03584139919302641  0.04515081017668916  0.05576639248936397  0.06631321737398163
  0.07730369506420247  0.08898788290141610  0.10244238760350262  0.11464007335952567
  0.12420792514792034  0.13276612547711875  0.14280439665819639  0.15385582498103087
  0.16662885118072723  0.17991703645354357  0.19288301628123192  0.20555443576321569
  0.21779086356643607  0.22942004190299956  0.24114703546457850  0.25442323123290944
  0.26806592006985441  0.28019650655792067  0.29198336993642693  0.30303497478022778
  0.31417886823401314  0.32539464518761291  0.33669128409704224  0.34808665016762425
  0.35946624626384122  0.37156014161573298  0.38294834746301110  0.39331796659079038
  0.40263785365780824  0.41215646880836793  0.42243271939343990  0.43432459642750620
  0.44312808436265216  0.44878628963795064  0.45435548500257955  0.45987567771770543
  0.46619236252470597  0.47703910810473066  0.48861741715092066  0.49984773456894915
  0.51104794011065324  0.52160995075258132  0.53213406507383676  0.54357365028352767
  0.55522248029214161  0.56671312572227039  0.57579695186615742  0.58570833821443213
  0.59555519644013599  0.60622205199782120  0.61908798707038548  0.63187719863369118
  0.64323049960266976  0.65303313776838512  0.66196833056596782  0.67083698561727945
  0.67960560744339160  0.68853315525762604  0.69766629334280916  0.70681558306883530
  0.71577773898789909  0.72481074963500280  0.73467026319292794  0.74388877318851587
  0.75347154194597665  0.76464196767498727  0.77496465231118639  0.78296655805046789
  0.79026238873788923  0.79789082333353534  0.80573520780547236  0.81348547470656762
  0.82589047293592210  0.83726516061719791  0.84685314698991798  0.85682879043593563
  0.86774645480424462  0.87822644527945337  0.88792209711208947  0.89726152796950953
  0.90768473921156101  0.91921710764735487  0.93150998938457319  0.94426660943924812
  0.95644804583371046  0.97005256746869351  0.98423361322432068  1.00000000000000000
 -0.00358114265549577  0.01193337208746596  0.02451107730543920  0.03548723344021014
  0.04566651731691281  0.05606880044596071  0.06763123964555424  0.07905766817698544
  0.08904879667401371  0.09875760088235057  0.10793448906830116  0.11739671457772405
  0.12649305325088708  0.13667806614934383  0.14834156340905855  0.16064239446266002
  0.17301830092490555  0.18513600620591472  0.19804128848899302  0.21080928956057843
  0.22357553617245068  0.23658383411165104  0.24787971521187516  0.25729767182178320
  0.26649643123982308  0.27662758363005691  0.28879744373297778  0.30044896264628562
  0.30953346011724103  0.31850787070289260  0.32707948478405374  0.33405297121366101
  0.34088872651963908  0.34996992498629254  0.36178911210534570  0.37358758274499881
  0.38236290232072434  0.38960143528354690  0.39644420167954558  0.40352721398112001
  0.41245647914904171  0.42331549114315420  0.43430353888100814  0.44545320921913545
  0.45679400582041357  0.46856756127149374  0.48128649301780652  0.49520646864321366
  0.50871321377151357  0.52054976359214822  0.53153173265166465  0.54238980262262404
  0.55314233799671864  0.56351796063460902  0.57371186532556995  0.58216386173793166
  0.58967622780169060  0.59750744501359976  0.60641493359594345  0.61754901424185327
  0.62938502063945945  0.64081235397131964  0.65145422825940336  0.66123889493495847
  0.67159761821332298  0.68377712565560644  0.69419911944426427  0.70389256494066099
  0.71380619838299408  0.72175639467129338  0.73412416669595970  0.74420678448615496
  0.75427684276873852  0.76469480001085521  0.77564633947772055  0.78656153513655713
  0.79679676215151285  0.80666800282289808  0.81753383061897211  0.82906466348677565
  0.84053558250479976  0.85035197632930259  0.85859132335630362  0.86717807330681129
  0.87795521183566783  0.88817277142511963  0.89675372948068899  0.90640200310856578
  0.91828991555373896  0.93021219383785403  0.94126422662659659  0.95173580676359415
  0.96208714160621001  0.97361675111381429  0.98622713869655521  1.00000000000000000
 -0.00215378292981496  0.00681581165137520  0.01607007723109394  0.02568163882548301
  0.03618330662091396  0.04765209346472890  0.05886938802212847  0.07162230784944673
  0.08435291467139236  0.09719642848173625  0.10975736620979619  0.12100304176954951
  0.13185506303536204  0.14337669825702029  0.15514329675421668  0.16616576312012271
  0.17585264990015087  0.18714226368839151  0.19765730746825394  0.20894635105279244
  0.22132423642180019  0.23438202176511108  0.24820437048530555  0.26248298174898743
  0.27413248509369897  0.28260391022957165  0.29058342122017206  0.29837219884096838
  0.30635646225713475  0.31707500587101495  0.32812499312772742  0.33991320031880762
  0.35284968356707647  0.36633531531044194  0.37975572129655261  0.39321935718064205
  0.40671219959907851  0.42000556960842306  0.43138274555481282  0.44067590440346810
  0.44909838841015071  0.45879468086173314  0.46907980292919771  0.47864013653023252
  0.48834624845258523  0.49675143263206667  0.50462118879177509  0.51260385140376086
  0.52121507072914597  0.53336393224165668  0.54597935167873146  0.55836386100826851
  0.57014651464738220  0.58117884964159672  0.59159014191798587  0.60180048941496656
  0.61138598911211495  0.61985687011977386  0.62712056022008866  0.63569981891136962
  0.64564086202596593  0.65583403298133736  0.66553744828729389  0.67483827439867838
  0.68408096491864623  0.69456574081105860  0.70597809571037951  0.71843822984893091
  0.72938453555851779  0.73836685289541104  0.74655978653144883  0.75450830927429624
  0.76342689991872981  0.77370223179088826  0.78399707134893348  0.79237718838523452
  0.80077698508734252  0.80891547742466530  0.81839669301752316  0.82935467887211234
  0.83911120278062556  0.84760819709955371  0.85669808931802249  0.86634912305759038
  0.87579408928054681  0.88523932794742433  0.89595182178800736  0.90720455346142770
  0.91833516031144957  0.92840770791768090  0.93886616716132976  0.94966280424874261
  0.96142572200355825  0.97415266758414620  0.98732750204735631  1.00000000000000000
  0.00000458244382638  0.00033941783077094  0.00068464758920095  0.00102584429940642
  0.00134509551434558  0.00159814727977673  0.00185771248259310  0.00212250067556970
  0.00239012756545655  0.00266761935762788  0.00296010104380352  0.00327314604856312
  0.00358580507574440  0.00387867842166431  0.00416888401928123  0.00443186131574434
  0.00467431416734661  0.00491668435960085  0.00516710690015513  0.00541977290896183
  0.00567957315399745  0.00594228931031459  0.00621834033814331  0.00647814535411186
  0.00675169586212354  0.00701310441831415  0.00727439509151520  0.00754559136858858
  0.00783527495857409  0.00816656775549467  0.00849535920819086  0.00880237988451335
  0.00905904490905699  0.00929823495808764  0.00954484895784920  0.00979976547209705
  0.01006214227354394  0.01032999855001746  0.01059812789925590  0.01085279696706760
  0.01109845459526874  0.01133381481879314  0.01158037653069355  0.01181905368727664
  0.01208124475757181  0.01239688215362602  0.01275140230718832  0.01316417622562813
  0.01362903709855526  0.01405513907796878  0.01449700715203722  0.01495215107368054
  0.01546184936326243  0.01598119525581564  0.01650192404034372  0.01695380190518231
  0.01742818962164898  0.01790107440677012  0.01844868773312987  0.01893018264386067
  0.01941416802379144  0.02001936253534898  0.02078400214019920  0.02145796614024791
  0.02196392182698567  0.02240088246145797  0.02294157033901300  0.02323421652265692
  0.02349356807023018  0.02439446819021409  0.02568053518668949  0.02688703267575725
  0.02790193669631178  0.02835390784230549  0.02893032459643050  0.02976793126476664
  0.03061318845887022  0.03135828050555669  0.03210952593416887  0.03289415042113529
  0.03373580646775629  0.03499600037535546  0.03666253667131553  0.03813997650537954
  0.03959034727969991  0.04189074908556846  0.04390943567441330  0.04518170577407787
  0.04629864785541659  0.04737593527796227  0.04992078249517359  0.05264002475070555
  0.05553227163383364  0.06257057917910204  0.39719634514942914  1.00000000000000000
 -0.00238166329876507  0.01099490428887205  0.02189656570494211  0.03380640742569886
  0.04608318463601478  0.05715580613491114  0.06839201530472826  0.08163299448213764
  0.09483642616460476  0.10631268045855012  0.11548852611434930  0.12400890653302904
  0.13275398391236434  0.14341011380583599  0.15584626841431279  0.16944615121342788
  0.18309808550489728  0.19633457248945768  0.20894846006295067  0.22141348597570540
  0.23500327444250532  0.24999797605014540  0.26463390595538766  0.27550088947294926
  0.28395385495023834  0.29357163322353924  0.30354181361678861  0.31558728569794431
  0.32455880189554565  0.33210805682433553  0.34043343706668222  0.35030654137297168
  0.35987140342237750  0.36718490371428480  0.37350143200088626  0.38002085936414048
  0.38789667018150686  0.39745934663973137  0.40824681170171845  0.42050742504287975
  0.43487951488674548  0.44849284121715777  0.46207912794324368  0.47937923472200228
  0.49754321453515632  0.51156820140321746  0.52413693832863750  0.53528882371550679
  0.54641502302127964  0.55778685442990794  0.57008974985901650  0.58183631793091728
  0.59121447617626188  0.59976518244684740  0.60855000516622160  0.61917323865274954
  0.63174496411008207  0.64359075923497933  0.65373613862141167  0.66255606857308647
  0.67174718148184631  0.68161583640905576  0.69126723403293500  0.70035020902407141
  0.70928369950280901  0.71855754284572793  0.72813646595729220  0.73810237699096204
  0.74839746334060231  0.75888771035015945  0.76884953217727758  0.77812730490619919
  0.78695225547305525  0.79611396167493931  0.80559168651968249  0.81473370188083682
  0.82249595502198081  0.83038562255762716  0.83916607368635865  0.84902746858081635
  0.85765833283445858  0.86537180831641936  0.87379252609017510  0.88469386329319599
  0.89549544842655038  0.90467369275686538  0.91327675274904008  0.92152998108581707
  0.93267420224402053  0.94270111367314313  0.95200643934611773  0.96015340947240380
  0.96821488683007562  0.97728268153026732  0.98836420950613302  1.00000000000000000
 -0.01740663237165667  0.20663737755148615  0.31066681590924783  0.37066380789242331
  0.39565098190088421  0.40769606223935728  0.41979084945382300  0.44334283272320313
  0.46042755721585005  0.47078211831339889  0.47976534506312785  0.48571787252265758
  0.49594749467203592  0.50602488748948526  0.51516499695674600  0.52320728750427703
  0.53187443550526647  0.54176780538441172  0.55330730704859765  0.56548364169509802
  0.57679892081865369  0.59150647474540818  0.60304466063775830  0.61388876180704244
  0.62305796127193858  0.63087573255399843  0.63867944112667907  0.64831653277519963
  0.66023296632265971  0.67313553975624896  0.68261129447123436  0.69082317116127245
  0.69978475308199561  0.70657340091838261  0.71345930029575044  0.72052916668086053
  0.72753217888142374  0.73716005073494273  0.74819626337189560  0.75577509077347493
  0.76240262981063200  0.76653291431232562  0.77052992544069210  0.77574611179435660
  0.78117227575379611  0.78734401860329972  0.79366915366855417  0.80068654932983940
  0.80926178415317607  0.81795340474282874  0.82526906840619796  0.83357385499844061
  0.84299422146712233  0.85219308549829387  0.86080128746374784  0.86883237152874337
  0.87651714624207056  0.88361258059281933  0.89021541776466662  0.89623738092725136
  0.90197530228123179  0.90771372080863355  0.91326065468463546  0.91827409820592476
  0.92283993780616858  0.92713410557074794  0.93177181319235536  0.93662452961703535
  0.94131292891372220  0.94571080026403254  0.94979806022542723  0.95357737939365472
  0.95716704006311426  0.96050161751450525  0.96309514628887671  0.96558977295163329
  0.96784766711896286  0.97005018518656339  0.97227799245762780  0.97451104003139621
  0.97672079782332710  0.97885808882138758  0.98076007741963511  0.98252255048082549
  0.98428234292164019  0.98602096301409958  0.98770804315619343  0.98930709448159937
  0.99068585296893141  0.99203066916785454  0.99334398711825944  0.99458684683726917
  0.99587727345393873  0.99721414545326703  0.99859492202004441  1.00000000000000000
 -0.02464026056298998  0.12150808408613784  0.16314550863459573  0.18811172020677960
  0.20802137017173955  0.22578586452788313  0.24124781351397337  0.25729227564460733
  0.27346788860072568  0.28848040164957928  0.30334936392911260  0.31705475611444778
  0.32744471989835772  0.33765957547917053  0.34915509797977035  0.36053815863713456
  0.37147319697730985  0.38073622777000155  0.38837071314527027  0.39598943884060556
  0.40421190417406971  0.41290657204962078  0.42312715426054098  0.43339278574867812
  0.44436264258233549  0.45395274494444443  0.46269118878062282  0.47019230133248419
  0.47594973442367200  0.48229953713173290  0.48858346019860388  0.49428159704595265
  0.50060671460575701  0.50686657352272202  0.51301872736107323  0.51946417644745557
  0.52847851583784045  0.53783868686220160  0.54499024252619110  0.55101832998869460
  0.55710044190859065  0.56312898705330106  0.56957550264262380  0.57680334219900309
  0.58391343239579963  0.59082838294549289  0.59728934190265082  0.60333586453308519
  0.60897883888430060  0.61428640249726718  0.61979551813900080  0.62629221002475177
  0.63310943203394077  0.63911980218567166  0.64390281875914801  0.64837877691429757
  0.65283678213356522  0.65739045846780197  0.66221845014641589  0.66714022931112360
  0.67168813406399586  0.67606983966436296  0.68068039678806458  0.68632988857323196
  0.69262530510327536  0.69911714354696308  0.70558133265225320  0.71194924228894341
  0.71826952474803640  0.72383401808191006  0.72926768241400930  0.73541029784698708
  0.74200000741716887  0.74803659684772339  0.75375386688913304  0.75967548312917255
  0.76622266107706449  0.77305271495237871  0.77972314638939944  0.78628879381556860
  0.79334423003584165  0.80071982947268205  0.80767543785225426  0.81469139506892008
  0.82258873649933295  0.83071334167092314  0.83875733831142418  0.84665929912275650
  0.85400397738631217  0.86147648414993361  0.86983956104031401  0.88117606333222687
  0.89507860368408487  0.90937299583073294  0.92890801172741688  1.00000000000000000
   4.3795586348007801E-007  -1.0000000000000000     
 F F F F F F F F F F F F F F F F F F F F F F F F F F F F F F F F F F F F F F F F F F F F F F F F F F F F F F F F F F F F F F F F F F F F F F F F F F F F F F F F F F F F F F F F F F F F F F F F F F F F F F F F F F F F F F F F F F F F F F F F F F F F F F F F
  <DiscreteSampler_grid>
  grouped_processes
  1 # 1 for a reference and 2 for a running grid.
  10 # Attribute 'min_bin_probing_points' of the grid.
  1 # Attribute 'grid_mode' of the grid. 1=='default',2=='initialization'
  0.0000000000000000 # Attribute 'small_contrib_threshold' of the grid.
  0.5000000000000000 # Attribute 'damping_power' of the grid.
 # binID   n_entries weight   weight_sqr   abs_weight
    109   10   5.331358416967808E+003   1.714049367998389E+008   5.331358416967808E+003
    112   10   1.350876538009661E+004   1.118776275652312E+009   1.350876538009661E+004
    113   10   1.350876538009721E+004   1.118776275652435E+009   1.350876538009721E+004
    121   10   1.360326782384971E+004   1.125961648900116E+009   1.360326782384971E+004
    122   10   1.360326782385030E+004   1.125961648900239E+009   1.360326782385030E+004
    124   10   1.156938262060685E+004   6.845522664928515E+008   1.156938262060685E+004
    125   10   1.156938262060731E+004   6.845522664929254E+008   1.156938262060731E+004
    139   10   1.434806154737309E+004   1.102114310294866E+009   1.434806154737309E+004
    140   10   1.434806154737369E+004   1.102114310294987E+009   1.434806154737369E+004
    148   10   1.346282168552058E+004   1.106232921498406E+009   1.346282168552058E+004
    149   10   1.346282168552118E+004   1.106232921498528E+009   1.346282168552118E+004
    151   10   8.808834261769358E+003   4.663926015877223E+008   8.808834261769358E+003
    154   10   1.749561153634780E+004   1.857946023112806E+009   1.749561153634780E+004
    155   10   1.749561153634855E+004   1.857946023113005E+009   1.749561153634855E+004
    157   10   1.434806154737310E+004   1.102114310294868E+009   1.434806154737310E+004
    158   10   1.434806154737369E+004   1.102114310294987E+009   1.434806154737369E+004
    166   10   1.930075951666286E+004   1.853122118182505E+009   1.930075951666286E+004
    167   10   1.930075951666362E+004   1.853122118182704E+009   1.930075951666362E+004
    175   10   1.723976618302377E+004   1.814480852812601E+009   1.723976618302377E+004
    176   10   1.723976618302454E+004   1.814480852812800E+009   1.723976618302454E+004
    181   10   1.346282168552059E+004   1.106232921498407E+009   1.346282168552059E+004
    182   10   1.346282168552118E+004   1.106232921498528E+009   1.346282168552118E+004
    190   10   5.331358416967806E+003   1.714049367998388E+008   5.331358416967806E+003
    193   10   1.350876538009661E+004   1.118776275652313E+009   1.350876538009661E+004
    194   10   1.350876538009721E+004   1.118776275652435E+009   1.350876538009721E+004
    202   10   1.360326782384971E+004   1.125961648900116E+009   1.360326782384971E+004
    203   10   1.360326782385030E+004   1.125961648900239E+009   1.360326782385030E+004
    205   10   8.808834261769358E+003   4.663926015877225E+008   8.808834261769358E+003
    208   10   1.749561153634780E+004   1.857946023112806E+009   1.749561153634780E+004
    209   10   1.749561153634856E+004   1.857946023113006E+009   1.749561153634856E+004
    214   10   5.331358416967808E+003   1.714049367998389E+008   5.331358416967808E+003
    256   10   8.808834261769358E+003   4.663926015877223E+008   8.808834261769358E+003
    295   10   5.331358416967805E+003   1.714049367998387E+008   5.331358416967805E+003
    310   10   8.808834261769358E+003   4.663926015877225E+008   8.808834261769358E+003
  </DiscreteSampler_grid>
