  0.00000040209871960  0.00000191766252308  0.00000327068538004  0.00000492437229528
  0.00000685465447337  0.00000911000772185  0.00001187864415944  0.00001497979176439
  0.00001858466964632  0.00002229600059343  0.00002608811714619  0.00002929639632414
  0.00003202607227510  0.00003433550767692  0.00003611938829626  0.00003770988945202
  0.00003919242542656  0.00004042597182866  0.00004133269649565  0.00004209992402304
  0.00004280322114356  0.00004347494173192  0.00004411486941661  0.00004468608904425
  0.00004517596843139  0.00004560473464794  0.00004598301519644  0.00004628186846805
  0.00004656366744357  0.00004681191865295  0.00004703414655143  0.00004725048411790
  0.00004744988252327  0.00004763966741461  0.00004781168815599  0.00004798142121386
  0.00004814830944317  0.00004830528229304  0.00004845744682495  0.00004858815991551
  0.00004871565324934  0.00004883655634833  0.00004895758762550  0.00004907967532201
  0.00004920147970758  0.00004932206119756  0.00004944105581016  0.00004955585661924
  0.00004967084470224  0.00004978624479800  0.00004990192972677  0.00005001811956756
  0.00005014204064198  0.00005027654656076  0.00005041709595689  0.00005056057207947
  0.00005071670076785  0.00005087434468102  0.00005103355820816  0.00005122708905375
  0.00005145024324250  0.00005169740030877  0.00005194700878045  0.00005226722857809
  0.00005263334454960  0.00005305021076254  0.00005355736951034  0.00005410572143956
  0.00005468873160511  0.00005534729975805  0.00005605995302482  0.00005691208065604
  0.00005793602999264  0.00005902760020412  0.00006019285045390  0.00006149212047648
  0.00006309523767954  0.00006493543375967  0.00006689884570718  0.00006985049009316
  0.00007425974521542  0.00007936227840775  0.00008878599797375  0.00010115854801543
  0.00011605914957279  0.00013422594349692  0.00015797720088460  0.00018981430012499
  0.00023524665793837  0.00029151606988241  0.00036100844855003  0.00048891911461474
  0.00079835108470201  0.00234964345025451  0.02972261801349720  1.00000000000000000
 -0.00000102565074332  0.00001115047218604  0.00001593893423214  0.00001960671828759
  0.00002305411871529  0.00002611712129933  0.00002841821004087  0.00003008689430945
  0.00003210335364323  0.00003455602163984  0.00003718960872689  0.00003979781441597
  0.00004241807736566  0.00004549687859715  0.00004833492087642  0.00005077135857342
  0.00005339831478469  0.00005578847203772  0.00005788359738813  0.00006006958654413
  0.00006220331908004  0.00006463966311112  0.00006705105527985  0.00006952361200250
  0.00007209733224778  0.00007496875325925  0.00007808815511652  0.00008155592233260
  0.00008539258783628  0.00008893375782687  0.00009245712179880  0.00009638167247145
  0.00010075845742675  0.00010542616895019  0.00011031814594467  0.00011549802822044
  0.00012078505687375  0.00012648460537734  0.00013278094140689  0.00013852408965184
  0.00014431905154652  0.00015056997102435  0.00015662938355208  0.00016294891649492
  0.00016965972577449  0.00017645750146349  0.00018376750305664  0.00019225715120976
  0.00020344349478577  0.00021671995964465  0.00023158173040582  0.00024721872348568
  0.00026121775668352  0.00027377942295258  0.00028511811020787  0.00029506687536914
  0.00030629589192219  0.00031916328637679  0.00032993073980051  0.00034041666787303
  0.00035048836095050  0.00036180907383676  0.00037221499117915  0.00038113748790502
  0.00038986856172417  0.00039842267087062  0.00040802006143169  0.00042056240285195
  0.00043419021542594  0.00044724824805777  0.00045712073460889  0.00046621093310122
  0.00047880112697924  0.00049212964476796  0.00050464066183724  0.00051876048101855
  0.00053775237187563  0.00056026812614030  0.00058614907085770  0.00062066719929783
  0.00066356149180813  0.00070793857990767  0.00074964689967911  0.00079321754754534
  0.00083887889620793  0.00089258174430586  0.00094893654608740  0.00101010080236340
  0.00110209915409726  0.00125219787135074  0.00139223880479296  0.00150749974116385
  0.00164886277612896  0.00200298061982481  0.02903505270102459  1.00000000000000000
 -0.00461845384614898  0.01617587694388110  0.03593919983712707  0.05800026088835585
  0.08537437142529845  0.11605202082754733  0.14134285833038976  0.16354790470026945
  0.18441588248288179  0.20325935211351329  0.21941878795346326  0.23282269503073189
  0.24488986921378830  0.25778100726061570  0.27239436300007380  0.28394183262527384
  0.29535553567610828  0.30649890484533704  0.31689947159001053  0.32682602215196188
  0.33731713430937771  0.34853581396237232  0.35988343187974448  0.37120505010544685
  0.38262176560004035  0.39327886176556992  0.40299345144744342  0.41369555774247568
  0.42320781598840762  0.43164077379197541  0.43961985790407621  0.44705024236268953
  0.45473289052721194  0.46283201555836329  0.47146613813921961  0.48100325680965972
  0.49216486859791231  0.50381366460290289  0.51269543877731449  0.52135678859014212
  0.53068610124765669  0.54112084965444751  0.55256054935461996  0.56350722091004102
  0.57423177245761903  0.58324370489886923  0.58951497887779558  0.59546435958752453
  0.60161911388175515  0.60892450761491335  0.61595610927904243  0.62227778935999467
  0.62810148828698442  0.63396972404364049  0.64026464467430244  0.64844918883187286
  0.65956115928080461  0.67003689241193076  0.67875203254177074  0.68831395159370778
  0.69700916323837425  0.70767413364067433  0.71584080994147392  0.72437686029423531
  0.73180117195837879  0.73904722997270722  0.74711496449895998  0.75490505311872125
  0.76202853429396566  0.76899881445713314  0.77581331931295205  0.78252426299681477
  0.78858741542073663  0.79518480667219837  0.80221347801118059  0.81093368483147288
  0.82304313618205072  0.83625941191266118  0.84814452587625733  0.85856059517408778
  0.86861024797013786  0.87737570266113174  0.88685918035766731  0.89514251676105339
  0.90307165260484090  0.90934143039899151  0.91632259214160283  0.92402865534237988
  0.93227647321450247  0.94312201591649170  0.95482686470658817  0.96478743659591903
  0.97342709517698967  0.98182982605496372  0.99114582512455818  1.00000000000000000
 -0.00169757945388488  0.00832339938459348  0.01812320947172921  0.02753797521112508
  0.03861107855144685  0.05059212264494955  0.06303877702936017  0.07594387236300852
  0.08875853086076158  0.10146817053223196  0.11473613326938985  0.12669581562179252
  0.13693533608929434  0.14645985704838552  0.15588309273641165  0.16568719502055881
  0.17675485417345821  0.18885908471884311  0.20100261437869132  0.21291655317515112
  0.22641123332852084  0.23770387958870548  0.24840483776648090  0.25648590218167761
  0.26506654468569629  0.27451434765737437  0.28588139302366056  0.29730129612393119
  0.30785615426418400  0.31926430037895054  0.33257539771667993  0.34545402143260417
  0.35730207816713194  0.36861275078114275  0.37894572802556659  0.39036585911747779
  0.40071875323731571  0.41032267392770960  0.42017348005443234  0.42961189513401127
  0.43923681820624344  0.44918941263550888  0.45795816922203947  0.46468387170843789
  0.47213299857367452  0.47994233702804479  0.48750467964225330  0.49499309881004616
  0.50130430652229907  0.50816329225201073  0.51482044668583382  0.52175086378389035
  0.52956544729557953  0.53806300819558495  0.54779926078788488  0.56115123583445969
  0.57293338637965818  0.58649567837452865  0.60058675223030644  0.61451314789768485
  0.62741340005678237  0.64021578393159462  0.65362341636495369  0.66548195092286866
  0.68029241691847264  0.69331975923540290  0.70685122556500968  0.72015498344328099
  0.73261388457894427  0.74410812877382559  0.75509111301141141  0.76498215634465350
  0.77463269309214411  0.78405078108960424  0.79273468825040339  0.80167370517580472
  0.81012516440356985  0.82013601920103985  0.83063114322241882  0.84127509864357897
  0.85169760506415393  0.85985625137774868  0.86602109411732564  0.87292075721475892
  0.88075516134990228  0.88975333542312862  0.89720809241941923  0.90400748698529421
  0.91126781814534252  0.92212151012193344  0.93685941176713028  0.95141544146302282
  0.96503429742949187  0.97776184606231809  0.98921926564373486  1.00000000000000000
 -0.00323747165631728  0.01312500918908723  0.02849255490695249  0.04143811547560800
  0.05293915610982963  0.06377440393537059  0.07470345839957944  0.08593599428526777
  0.09604111483039290  0.10534100096893501  0.11379323290998887  0.12267292353887288
  0.13136017849532994  0.14162641847484581  0.15162673699663065  0.16030190424345114
  0.16841824690712387  0.17522713010236585  0.18186751764781214  0.18939983857650119
  0.20004988695485035  0.20936239505158016  0.21773910262276674  0.22507784646298407
  0.23264584825765258  0.24157999425564988  0.25180786316930470  0.26062771753178660
  0.26820544223913467  0.27615977265530228  0.28475756158696525  0.29401448857977586
  0.30276079819381191  0.31173816264113813  0.32142029010948403  0.33250131737207145
  0.34442863866959900  0.35585091009324560  0.36862739872426864  0.37872977315362166
  0.38626301366420218  0.39350468553093315  0.40193229389620844  0.41245715069819455
  0.42359910520076788  0.43159813425394938  0.43875024397739121  0.44600929290754487
  0.45557224369579619  0.46732963208323058  0.47904923879752431  0.49034093887798791
  0.50106330108079666  0.51237165109072258  0.52516203991839250  0.53608074110313719
  0.54464752884922474  0.55294010849599673  0.56124032141905822  0.57038133525876222
  0.58183997544232180  0.59355184812555062  0.60641027146465620  0.61850605544938109
  0.62895520191756882  0.63724495311006613  0.64655297095729702  0.65796199379173692
  0.66993827277132534  0.68327377983602033  0.69732512371694255  0.71104131421985073
  0.72265101046502345  0.73355989590817483  0.74357296815178919  0.75241579126062197
  0.76125681805286971  0.77079810195127185  0.78133772530486190  0.79028421018136596
  0.80323915511354571  0.81701647980165881  0.82956897861318446  0.84407449113612887
  0.85891258850861840  0.87294692048635258  0.88616245739185517  0.89841334005892337
  0.90922866644784162  0.91944508765740562  0.93020883545509137  0.94127638747976061
  0.95313518427059329  0.96760907229472182  0.98325122087655514  1.00000000000000000
  0.07452721995768108  0.17340898047865308  0.25100864346492208  0.30802998776782270
  0.35685265988943399  0.38881040302582492  0.40533345788171748  0.41611753242127369
  0.42362896158684205  0.42948302385722054  0.43471341932642626  0.43954778911051218
  0.44454481922041073  0.44964247564782539  0.45376075795496446  0.45783165368263468
  0.46236304317217031  0.46723721492078746  0.47179000516856162  0.47595529784346219
  0.48052567516906730  0.48528432536316285  0.49008938323571805  0.49451972222908003
  0.49940283169297500  0.50476840721090377  0.51049072941903550  0.51629763271542561
  0.52295448847851367  0.53004038532958453  0.53685452233740893  0.54296942390347469
  0.54848063155293991  0.55436945231704382  0.56000743346412141  0.56557039635855744
  0.57119758903471340  0.57680935882408346  0.58238525531505425  0.58799932838209579
  0.59386212740081001  0.59999707224913534  0.60605147951780902  0.61202886508336318
  0.61814963530105216  0.62448180747536952  0.63085362172788262  0.63697231428122847
  0.64244445977057529  0.64762655832358018  0.65350573443744731  0.65952853445940751
  0.66538926601358250  0.67099573384639311  0.67831846963083386  0.68575544538965449
  0.69275051445667968  0.69978408421281224  0.70740533067509137  0.71493049843180922
  0.72189420756859124  0.72940541183816388  0.73532120634054032  0.74035737246130795
  0.74530111906831287  0.75044889480825139  0.75582732722451296  0.76153076280735033
  0.76694469587252201  0.77246373994950523  0.77849626505317882  0.78527468019525726
  0.79105279002001572  0.79754945537274324  0.80442761789376171  0.81194120311316131
  0.81923588482488385  0.82614099606653413  0.83263419120936866  0.83854464156642949
  0.84438838964089524  0.84919405320120067  0.85426201211224140  0.85933455941205705
  0.86421191782101092  0.87008795023735586  0.87694299747770532  0.88413603401291341
  0.89207706388193631  0.90043851115460527  0.91099062655275642  0.92205611280254418
  0.93295622327524330  0.94651405777581898  0.96652893451257005  1.00000000000000000
 -0.01923077663185340  0.11455823240601634  0.15361309575009308  0.17613772595259547
  0.19403968504912811  0.20720156955932453  0.22093535256872965  0.23401419986379393
  0.24811970776322401  0.26187069837231453  0.27250992155638676  0.28132514069969555
  0.28917925931628830  0.29645606183308809  0.30374623275079760  0.31112045129360832
  0.31761589803371859  0.32362595590523952  0.32926750964814511  0.33463723778456939
  0.33999407848288404  0.34552048024599852  0.35057378824470925  0.35557185452991169
  0.36077780173908391  0.36631130370216242  0.37266134813202834  0.37977085682121503
  0.38709685614764305  0.39425889819518861  0.40168028279360746  0.40943900487710710
  0.41686441201313607  0.42485704812653735  0.43212499860292242  0.43834449453466579
  0.44382218120855599  0.44975384359714421  0.45635351243837979  0.46258368284160994
  0.46829704095251179  0.47421946095044287  0.48075122866622017  0.48771543040349347
  0.49423371317969284  0.50008555226125018  0.50535556873458876  0.51002018831409546
  0.51421293402105039  0.51831757907110565  0.52258997997324463  0.52707225435985416
  0.53171761311255650  0.53613138277620798  0.54043096552870518  0.54498397723233227
  0.54999311570468967  0.55542547257689512  0.56045531067049970  0.56616752902602685
  0.57241115650686358  0.57995871689623335  0.58623140656487460  0.59219176287942488
  0.59758704827851561  0.60257558293859914  0.60745450680654356  0.61226667352937381
  0.61707073204215590  0.62234304281085140  0.62874015962093133  0.63598813051995862
  0.64325522583523553  0.65056111166649677  0.65730087640840151  0.66492605038797337
  0.67295135734488387  0.67995390180387605  0.68672174137884012  0.69335187650024632
  0.69993211451285531  0.70703640448883087  0.71563401281786265  0.72530405766214667
  0.73460296284491311  0.74306317687182355  0.75098583548786635  0.75934583126352184
  0.76973104413731852  0.78309749706915421  0.79855770953301686  0.81592952478527148
  0.83427122461104175  0.85858284359237091  0.89271603264439192  1.00000000000000000
   3.0530065490220588E-009  -1.0000000000000000     
 F F F F F F F F F F F F F F F F F F F F F F F F F F F F F F F F
  <DiscreteSampler_grid>
  grouped_processes
  1 # 1 for a reference and 2 for a running grid.
  10 # Attribute 'min_bin_probing_points' of the grid.
  1 # Attribute 'grid_mode' of the grid. 1=='default',2=='initialization'
  0.0000000000000000 # Attribute 'small_contrib_threshold' of the grid.
  0.5000000000000000 # Attribute 'damping_power' of the grid.
 # binID   n_entries weight   weight_sqr   abs_weight
    19   10   2.668536926948609E+000   1.746875795265494E+001   2.668536926948609E+000
    20   10   2.668536926948611E+000   1.746875795265496E+001   2.668536926948611E+000
  </DiscreteSampler_grid>
