  0.00000044533457415  0.00000119501648823  0.00000196113917246  0.00000277578709244
  0.00000376773901323  0.00000483816091686  0.00000598257328592  0.00000711485761686
  0.00000824585516528  0.00000938758571191  0.00001050172873350  0.00001154540959373
  0.00001256803344414  0.00001354092595189  0.00001450870931443  0.00001548735528779
  0.00001640653102699  0.00001725398071469  0.00001805017009536  0.00001882138074715
  0.00001958144343827  0.00002029845995241  0.00002095534176892  0.00002159082811673
  0.00002219727066216  0.00002275872394044  0.00002328871631885  0.00002380337491267
  0.00002430969859066  0.00002479958334454  0.00002526312900679  0.00002570942535612
  0.00002611940705775  0.00002652188957404  0.00002691620048265  0.00002730032414676
  0.00002767270292392  0.00002805453028192  0.00002842737645272  0.00002877397755057
  0.00002922680282327  0.00002975931902920  0.00004365059565621  0.00004751238463169
  0.00004828273345522  0.00004890546153211  0.00004939670867394  0.00004989858698185
  0.00005039973388837  0.00005089425447430  0.00005139091887590  0.00005189180548765
  0.00005240150587396  0.00005304130081388  0.00005372212967894  0.00005442377378039
  0.00005521489823317  0.00005602979262441  0.00005687346340798  0.00005775485408655
  0.00005870578973897  0.00005968179060882  0.00006069043461300  0.00006175408531159
  0.00006289250448383  0.00006411147584069  0.00006540532455508  0.00006671873568482
  0.00006815701283433  0.00006989503943491  0.00007167530791230  0.00007356995751754
  0.00007562611633744  0.00007779911701256  0.00008002397115684  0.00008310443181651
  0.00008669747513273  0.00009052152014241  0.00009443798586122  0.00009991882220486
  0.00010618651302970  0.00011365317289827  0.00012293584668072  0.00013438525367016
  0.00014756955651979  0.00016309973979450  0.00018300605607175  0.00020757286791804
  0.00023956221299881  0.00028085163960924  0.00034545665517417  0.00046417929476646
  0.00065602339525010  0.00118723656326993  0.04665521467410749  1.00000000000000000
 -0.00002102212642045  0.00023191633277961  0.00063775717134825  0.00127178694993973
  0.00215939461126822  0.00314912711625421  0.00449099944210996  0.00594074302545923
  0.00756368722538531  0.00936755520400321  0.01153118057176734  0.01408871565995555
  0.01660186332165637  0.01932249350414742  0.02218910384947237  0.02512243114439998
  0.02829740747592879  0.03179747501421989  0.03528373577051615  0.03884208874705303
  0.04239644859671578  0.04603232283221208  0.04965791294687701  0.05351396134919559
  0.05766351386851639  0.06199873833301152  0.06639612707098697  0.07071799239175940
  0.07508685782286159  0.07932933686402734  0.08386286770883561  0.08805960778060164
  0.09201715401173848  0.09616244301477093  0.10057517533721516  0.10524876913348022
  0.11101407402507116  0.11743054215633311  0.12415213076748806  0.13099214287604025
  0.13766956541288683  0.14392855699010978  0.15059991467060296  0.15728662667681734
  0.16398084040505298  0.17081814648714400  0.17795598940210647  0.18544331233825392
  0.19318902233351462  0.20075886812975768  0.20869417334099261  0.21634029542033301
  0.22398419558255658  0.23195843634727092  0.24024720405732197  0.24805060089205946
  0.25595943258445164  0.26335728763971999  0.27165209316892763  0.28043654832855464
  0.28917051097479851  0.29798197071095267  0.30702166837006761  0.31582278835416361
  0.32487672677358059  0.33416928300909177  0.34385764006058567  0.35428083125827059
  0.36605828361269072  0.37754370163761924  0.39111194830977314  0.40508087371804263
  0.41885490115859186  0.43206484343966500  0.44466812882110984  0.45710853724038258
  0.46992110491999173  0.48324911811305382  0.49855441201189071  0.51478336297059457
  0.53215031047995787  0.55105640197523731  0.56962458123223036  0.59010027608849092
  0.61361876262461612  0.63906964762462903  0.66608575874312703  0.69314171940859626
  0.72202651161286802  0.75297965891687846  0.78704317598495022  0.82583685640233873
  0.86723059580909845  0.90998390264867091  0.95567402692509973  1.00000000000000000
 -0.00332076731311689  0.01138063650609084  0.02183513424610269  0.03071807372376770
  0.03943608133739866  0.04843943554097465  0.05775174827866954  0.06665247322780768
  0.07512670940878587  0.08375433973388251  0.09315884707582575  0.10209761216650183
  0.11054689113754572  0.11857902014583052  0.12647743620301063  0.13488172123699221
  0.14404654106802631  0.15368170194715194  0.16310768928031327  0.17378958685828269
  0.18520412822788676  0.19551734702269399  0.20510117781884554  0.21456449306066097
  0.22420503899145761  0.23460212372626599  0.24565943478678096  0.25726279813630804
  0.26846594130117729  0.27924836379260282  0.29020432928246570  0.30197280477745342
  0.31354127167527424  0.32458380497636863  0.33488790326195012  0.34490130168717331
  0.35455343439784553  0.36379342391602848  0.37275625767592174  0.38179206048741116
  0.39107259193839372  0.40002369280366384  0.40914804399984178  0.41873984376541701
  0.42942951067777435  0.43988454419604284  0.45047644638674561  0.46134752423002545
  0.47322995889079122  0.48522751054023838  0.49681807263813244  0.50914680638503240
  0.52218678209995273  0.53520581491742658  0.54750789186054560  0.55875480866364724
  0.57007779337469899  0.58183447428366264  0.59322913539289701  0.60444453932254227
  0.61569332002639554  0.62697466545881664  0.63761881483664906  0.64917523883235140
  0.66149482962544170  0.67338107383474199  0.68524201164610898  0.69557495112605572
  0.70511624761581815  0.71487384386579089  0.72442229862285701  0.73527533195716577
  0.74750682508079436  0.75892149747976012  0.76954356374076915  0.77945787995787708
  0.78882352904663988  0.79799823927959324  0.80706264008797035  0.81725546724901821
  0.82861362636860370  0.84058730945531068  0.85301620122354394  0.86539153690250414
  0.87854319995483998  0.89183519661193333  0.90493083662016705  0.91799556797838611
  0.93226167813216343  0.94373225019201723  0.95435387884545475  0.96370837920168395
  0.97351355216155366  0.98294057064209084  0.99161152051133894  1.00000000000000000
 -0.00191434861097399  0.00070317684963585  0.00332070231024569  0.00793863978753914
  0.01519643254810100  0.02350197154498490  0.03428417569286212  0.04407434166644977
  0.05336737853555989  0.06288628108323241  0.07295862437287690  0.08390895763648669
  0.09692428160610163  0.10887767603088239  0.12009142068851643  0.13171641874039422
  0.14286601964771875  0.15231909758582424  0.16141877329372112  0.17124564202636255
  0.18166454161577106  0.19257587089010755  0.20381278144859591  0.21487647648921790
  0.22540035852450885  0.23551951950644970  0.24531748422041649  0.25563119487627473
  0.26538868277911754  0.27500854274727837  0.28460236752092083  0.29480578476652175
  0.30528089975995398  0.31640418204080240  0.32769005575125237  0.33799726076533460
  0.34805743908253278  0.35860129930896895  0.36960042400366472  0.38002361394487255
  0.39033294906226684  0.40117978374166086  0.41211049206106315  0.42279174996938107
  0.43377445479622329  0.44503567421949497  0.45655963817452094  0.46744914323516418
  0.47823472896483105  0.48921687823272403  0.50003814940935642  0.51021478806397003
  0.52032966401641934  0.53139555874975231  0.54364820454342389  0.55725190688693560
  0.57174292176434727  0.58606949139690068  0.59967715808850386  0.61151340651622355
  0.62126396967075082  0.63144084673918444  0.64230188922603304  0.65372361628027709
  0.66493529409584240  0.67619863801353242  0.68772848554162558  0.70009546376672527
  0.71323958127917864  0.72735135564634479  0.74200290110447931  0.75630723586495041
  0.76990371826392290  0.78149498088193847  0.79201577433994752  0.80221674498252693
  0.81235042992155970  0.82234582206762630  0.83258222732434517  0.84331377807501251
  0.85394349233906508  0.86427525329111232  0.87501677623977581  0.88702393029951632
  0.89866071607999265  0.90869198656191652  0.91834539698327688  0.92820238139570654
  0.93785715489732169  0.94699559332595706  0.95559554764061883  0.96415000715843879
  0.97309963905822427  0.98231851589322405  0.99129129060873644  1.00000000000000000
 -0.00264731042072250  0.01123627381948184  0.02220184427407338  0.03228333226128095
  0.04183856029493183  0.05198357355871593  0.06218839457603690  0.07284837923611789
  0.08294630963470966  0.09597661231708948  0.10800072283898041  0.11948028362125690
  0.13015970813000527  0.14029623051157522  0.15076447389041295  0.16199803156209716
  0.17370764043878581  0.18515804397615893  0.19615804191461361  0.20700413065269774
  0.21818642984644629  0.22972245879793132  0.24007890179149421  0.25065887907269518
  0.26191498173915251  0.27308346315799326  0.28372739390660284  0.29436407909629747
  0.30416785971914068  0.31384227650062840  0.32337812497229712  0.33372932650434112
  0.34509797051714525  0.35635292582571187  0.36767871017023718  0.37984079419722044
  0.39179217571321462  0.40332064244679605  0.41417102016119356  0.42496129054378101
  0.43603091524731874  0.44748557488649743  0.45910711202098986  0.47101283104505609
  0.48242792605359175  0.49342155098520202  0.50396546694828037  0.51406115284083043
  0.52477482579513379  0.53546278357657939  0.54576339704707644  0.55545256697267453
  0.56581066499142041  0.57632127469490635  0.58677666907683002  0.59746115347662510
  0.60877549129645070  0.62036873537223169  0.63228464068660695  0.64443689690170669
  0.65487203485004963  0.66490720298687522  0.67454322414560430  0.68409445975060523
  0.69308416562351771  0.70132916463815720  0.70979964278520624  0.71959125633084386
  0.73032473804820008  0.74261166427939818  0.75497527865403624  0.76543671213329079
  0.77463761392499231  0.78299259252137532  0.79207265754722878  0.80196378758949471
  0.81193030004735101  0.82196477537993884  0.83287808593550583  0.84545588309881570
  0.85796950307772379  0.86925931610531160  0.87976810980889664  0.88947916569203755
  0.89914606037595557  0.90832277895996771  0.91676347536902414  0.92465623979713851
  0.93267299834989603  0.94130433752457410  0.95061175670888043  0.95950542503204528
  0.96878234772100125  0.97809547497881377  0.98881630099408224  1.00000000000000000
  0.07744052603722532  0.10279958103923252  0.14030649105071435  0.16880121754701363
  0.19015864656538450  0.21008836641498405  0.22862839382858080  0.24754027561104175
  0.26415872352193226  0.27796885590774723  0.29014807024405409  0.30075131328369686
  0.31054942997602508  0.31994783784101599  0.32852693302349595  0.33711491971072199
  0.34626154291628797  0.35603153461447867  0.36682976112410925  0.37793872755783325
  0.38889424431979114  0.39994482973124235  0.41081740019531376  0.42128119513575951
  0.43170459610665252  0.44195537790469952  0.45168657504834780  0.46033572541213086
  0.46784272512925568  0.47560518920940636  0.48426395728396449  0.49335407937003273
  0.50146660323121006  0.50863547053869995  0.51536499840796157  0.52189519139122975
  0.52862543800145190  0.53520317120369432  0.54210623105242395  0.54811424695554556
  0.55404709813877839  0.55989954037036727  0.56582212203412274  0.57243394925302715
  0.57912231011533810  0.58536211911246128  0.59165807966089812  0.59802378891569685
  0.60426797005453814  0.60969956544225390  0.61519365353830913  0.62113903519635916
  0.62660281097607884  0.63193612208432004  0.63717712404097504  0.64251456652503203
  0.64784237166650638  0.65333413735969981  0.65888077806058143  0.66382694548509724
  0.66881524924665259  0.67386589898230798  0.67908533063285792  0.68471682506262010
  0.69057171378613769  0.69645203442349624  0.70220535621843316  0.70791189416456157
  0.71362083550888911  0.71943410338130565  0.72553724690518229  0.73198462139970655
  0.73850689701302741  0.74492046595419048  0.75135516436991212  0.75803450302522157
  0.76517616562597390  0.77254697224404811  0.78104428090867795  0.78968706431121660
  0.79829336536639672  0.80634202262639798  0.81517826133786253  0.82492235665223612
  0.83503659052018497  0.84478950487619064  0.85442559247704286  0.86421806544563107
  0.87420612936167041  0.88463689350105046  0.89599845179658155  0.90969205675230824
  0.92667997730566420  0.94627165920457212  0.96914210532795986  1.00000000000000000
 -0.01829576591505904  0.11961018578136808  0.16317025268040838  0.19154854629778673
  0.21565109984360342  0.23700486456771885  0.25351985643350983  0.26984518695266413
  0.28623375680627605  0.30198353610626022  0.31676794444539658  0.33085068845275301
  0.34459468488380735  0.35845961580526836  0.37157444228877468  0.38297575168805503
  0.39297215483697268  0.40277098657486715  0.41223332804330215  0.42114342084455364
  0.42933527724287807  0.43810957296741909  0.44680144230466873  0.45510126151390634
  0.46342712840835365  0.47131673153678699  0.47806535668143785  0.48653711858848858
  0.49629578738674907  0.50488070080905645  0.51259535415174962  0.52074882517690568
  0.52828928804077824  0.53572524907007923  0.54327477272340519  0.55010518360851690
  0.55738442450657444  0.56388740676023541  0.56970873819790924  0.57534485534013602
  0.58095951838311233  0.58614119936933406  0.59145024939884083  0.59648128831164005
  0.60182406089932361  0.60648213358038627  0.61086592637209380  0.61533062759797674
  0.62004322059290584  0.62485792642522164  0.62987490420997827  0.63473386681094213
  0.63942065518411939  0.64382842202577195  0.64831976243690859  0.65320938531337136
  0.65831476628873353  0.66362029498033792  0.66899051626509221  0.67460614221937909
  0.68022463527105581  0.68591604116525740  0.69151775684029870  0.69695683468567904
  0.70228057813599443  0.70766155065677738  0.71335801935371490  0.71946157853927384
  0.72617143314828569  0.73265208322063802  0.73875600045735101  0.74488619940203626
  0.75102970131346625  0.75703336925614872  0.76278608574323103  0.76830505224457268
  0.77375864594123034  0.77922031969117356  0.78508988388176615  0.79093851437589202
  0.79706626736595443  0.80374286785657478  0.81070861002223393  0.81757344859756842
  0.82415476972769319  0.83079233383843198  0.83764604228815376  0.84509228207587939
  0.85245999717802823  0.86125457562498242  0.87100463530067784  0.88252065027501536
  0.89619611112007480  0.91231147588773687  0.93694565811025410  1.00000000000000000
   1.0461721522931477E-007  -1.0000000000000000     
 F F F F F F F F F F F F F F F F F F F F F F F F F F F F F F F F
  <DiscreteSampler_grid>
  grouped_processes
  1 # 1 for a reference and 2 for a running grid.
  10 # Attribute 'min_bin_probing_points' of the grid.
  1 # Attribute 'grid_mode' of the grid. 1=='default',2=='initialization'
  0.0000000000000000 # Attribute 'small_contrib_threshold' of the grid.
  0.5000000000000000 # Attribute 'damping_power' of the grid.
 # binID   n_entries weight   weight_sqr   abs_weight
    31   10   1.888764207352462E+001   1.334478213829435E+003   1.888764207352462E+001
    32   10   1.888764207352462E+001   1.334478213829436E+003   1.888764207352462E+001
    34   10   3.534483503476604E+002   4.673130593448714E+005   3.534483503476604E+002
    35   10   3.534483503476604E+002   4.673130593448718E+005   3.534483503476604E+002
    43   10   1.009321511181694E+000   3.810790363278008E+000   1.009321511181694E+000
    44   10   1.009321511181694E+000   3.810790363278012E+000   1.009321511181694E+000
    46   10   1.888764207352462E+001   1.334478213829437E+003   1.888764207352462E+001
    47   10   1.888764207352462E+001   1.334478213829437E+003   1.888764207352462E+001
  </DiscreteSampler_grid>
