  0.02532933074114237  0.02949598234907587  0.03665043104321689  0.04442042592701372
  0.05330118852818479  0.06303821123233337  0.07327249093373457  0.08337204580860845
  0.09370671091355248  0.10400473449566539  0.11396447150493819  0.12351286853137007
  0.13354950089817053  0.14362058161445115  0.15338389706330252  0.16367473792931272
  0.17394519724993568  0.18340449147063168  0.19238084664389388  0.20096959072648735
  0.21007216889352423  0.21929088519542736  0.22802600960220695  0.23664385907571744
  0.24594395345434947  0.25604847294311373  0.26730959852695113  0.27886933048434864
  0.28997413449988790  0.30074571621691110  0.31159967984808085  0.32262143329940385
  0.33389709065690648  0.34319789339977846  0.35257553092190247  0.36080605831044471
  0.36920909067755331  0.37755650033572025  0.38643486912769226  0.39542229445351562
  0.40494015748718598  0.41443420541515735  0.42436217363759110  0.43448241867683929
  0.44455381572242947  0.45458665915105217  0.46430261626260377  0.47380579940203210
  0.48363064776720921  0.49414289084597529  0.50554923024141962  0.51705729623599650
  0.52790479807319723  0.53788740570567661  0.54726860629433693  0.55641684109754030
  0.56560726215392010  0.57491738641001888  0.58445319709442856  0.59463149806089277
  0.60538226355519609  0.61741546615205145  0.63063513301858665  0.64416538833521464
  0.65760267284888585  0.66998370044842803  0.68183102165004628  0.69329948897318350
  0.70382356585572226  0.71444314016800703  0.72469183943505311  0.73574797169836925
  0.74707156432686395  0.75793960052043630  0.76857302022184659  0.77874584797700475
  0.78867098711222461  0.79835010411390339  0.80813477557445579  0.81824576928895842
  0.82865918273771511  0.83946296408403431  0.85028798516747128  0.86128143279299929
  0.87295807821738924  0.88461152493977835  0.89549921444488190  0.90528604013264735
  0.91503990881679687  0.92484904317943117  0.93422022360807688  0.94408167189315906
  0.95448239505502630  0.96470492773799155  0.97063570033195679  1.00000000000000000
  0.00934183168410302  0.01800895704473268  0.02934560426800169  0.04105652969969022
  0.05199769015638072  0.06249582615015963  0.07288138343905377  0.08334448608452014
  0.09348533551712727  0.10435357591190098  0.11649966121416852  0.12882615626136504
  0.14110065766328678  0.15243007391728253  0.16410605933489852  0.17551929791194321
  0.18636619413006902  0.19671333396894528  0.20709174765263347  0.21805986031934912
  0.22901418349309391  0.23958291894473155  0.25086755808281663  0.26338981941825179
  0.27601538481743632  0.28748367564261484  0.29782708230209920  0.30808167967611400
  0.31891552302743198  0.32954979337200196  0.33948162610876581  0.34940198375114073
  0.36005490002470314  0.37090445938213507  0.38236840722154958  0.39372070022653655
  0.40509444074847312  0.41573656725100921  0.42705405764935961  0.43697254205414976
  0.44811307833084058  0.45935594976175120  0.47140780130293769  0.48308136036086430
  0.49334905678777163  0.50355823071629957  0.51303866236142348  0.52286667645193563
  0.53307575249831196  0.54357311711430101  0.55362924301418404  0.56326824228592109
  0.57274478040281851  0.58223279342208112  0.59143984558163731  0.60016014456061573
  0.60909703941794857  0.61841216200874582  0.62688385278170777  0.63522028644065454
  0.64353247813255132  0.65279912698512121  0.66178781220877658  0.67061785497244297
  0.67936477896040925  0.68822166454825684  0.69752445842146860  0.70789806721442305
  0.71968861446921850  0.73144574216807123  0.74189966782160555  0.75226779455263471
  0.76268662773652696  0.77296801891558353  0.78262391610463822  0.79231012514047328
  0.80227035037793004  0.81288654822427309  0.82373328294721881  0.83421335984308931
  0.84462349452283780  0.85605705696909473  0.86858583618806673  0.88123785755590267
  0.89319937816718253  0.90448146344214575  0.91519887809530531  0.92522753255407186
  0.93471606250328299  0.94381429382348381  0.95305688304211245  0.96324625059756463
  0.97386593349506945  0.98320077748840051  0.99118487083998652  1.00000000000000000
 -0.00004352897169454  0.00043617540208890  0.00110615854768534  0.00217646462881841
  0.00351396009523265  0.00523171742654061  0.00745268175503838  0.01014600714496155
  0.01278855824112962  0.01540873358568962  0.01874270548674736  0.02240818588305472
  0.02587976578197798  0.02958232020194194  0.03349034005024987  0.03790739257899827
  0.04260048720370285  0.04760806353169543  0.05288719648301441  0.05881977016783582
  0.06524211882120703  0.07163205632416794  0.07771248773897547  0.08337445080719737
  0.08869738438559643  0.09386559367262563  0.09953727339511903  0.10598012842596045
  0.11226469634463634  0.11955779757176806  0.12755168914832496  0.13637015780500431
  0.14519748854709386  0.15386632644212059  0.16187575133213231  0.16957531401818693
  0.17690341969603302  0.18439299593897290  0.19197656677501077  0.20009472557871966
  0.20902478742431477  0.21883569185548082  0.22892354037518772  0.23857981424843419
  0.24771065994060953  0.25671332426221016  0.26590861859232257  0.27527931564583924
  0.28488729628901532  0.29496009864547879  0.30525064438966371  0.31653644886112187
  0.32750087562685731  0.33804495317121758  0.34814935140993047  0.35869811043433047
  0.36880562070473205  0.38082643121840953  0.39316835467586397  0.40569097796405262
  0.41882529907351768  0.43324093200347757  0.44648334175599808  0.45918611560446343
  0.47094646870822265  0.48221884555673544  0.49431058881431905  0.50655247416655969
  0.52042229941674079  0.53397655488712870  0.54750405613505948  0.56087325931727638
  0.57386284912299201  0.58681872092987719  0.59948129230250269  0.61309612963407856
  0.62819609517908781  0.64386746454264066  0.65924328082015970  0.67476878193622303
  0.69160429147309677  0.70913622465776649  0.72708788688335924  0.74533414343413951
  0.76743139185330533  0.78910619132869042  0.81007841295835792  0.83005870307459040
  0.84826477986614102  0.86686066386478455  0.88714105914178654  0.90918194879942593
  0.93218371832614533  0.95487870643621042  0.97699922149603069  1.00000000000000000
 -0.00246655536697405  0.00951712640027579  0.02005139089595751  0.03091653443985889
  0.04111544606932280  0.05145449841990812  0.06181209675227165  0.07170575667571864
  0.08274464456984629  0.09470594454059232  0.10716422202309511  0.11988354130914124
  0.13235787607055494  0.14453093818197438  0.15655712258047272  0.16812600011899040
  0.17795830780453664  0.18704793323346586  0.19634507491786971  0.20610790421943434
  0.21582125963367149  0.22582516401534772  0.23674365385200141  0.24886892635676292
  0.26103696466208520  0.27265211505202619  0.28442872174928202  0.29694770564605943
  0.31016782568351309  0.32261945255327706  0.33402322489833253  0.34565301073687860
  0.35789946833214970  0.36904885285593386  0.38103377693217805  0.39323795234070341
  0.40567430244894820  0.41785149272075872  0.42989365752505554  0.44142580441142948
  0.45268665639130629  0.46365186302445166  0.47472514874229049  0.48656158589544379
  0.49792526603771070  0.50828854037359084  0.51811983303826303  0.52825407915197142
  0.53691681597478413  0.54495005334793056  0.55283399765752261  0.56099832762596491
  0.56987350958656202  0.57932412347349982  0.58940913965208497  0.59970034699853825
  0.60967865265915844  0.61961230610220874  0.62950808762489896  0.63967890818848117
  0.64903225851380231  0.65778893980682607  0.66699302127443993  0.67739354543902797
  0.68636116298652583  0.69529729680212438  0.70369358925220227  0.71334584094455955
  0.72429861566295084  0.73552432372405330  0.74688843415546347  0.75814110448331418
  0.76887712154537957  0.77951278870136731  0.79071786982252923  0.80322485725327930
  0.81584822095863518  0.82594456826294471  0.83641486035844537  0.84585143581130273
  0.85544848943525509  0.86422751583260404  0.87265944995287681  0.88108252041932089
  0.88984796037391711  0.89869742738597191  0.90767622776060342  0.91624614870040733
  0.92547533449858299  0.93474925841802892  0.94558480346688489  0.95696597904883951
  0.96744491760805895  0.97785577063783258  0.98859409546267385  1.00000000000000000
 -0.00204915708543738  0.01009992802040016  0.01959020487561415  0.02981160795650534
  0.04087654598306113  0.05248004003763508  0.06526117507805787  0.07748887059286849
  0.08832412893779167  0.09798679655310395  0.10809957175943959  0.11957641457832467
  0.13188752345651314  0.14461904906763651  0.15598881091996419  0.16672032160758318
  0.17767183030703829  0.18893083809296637  0.19989181347783197  0.20988666318447227
  0.22024094395735314  0.23044745562840280  0.24077529750870597  0.25199813676032318
  0.26421565383246015  0.27654934911835116  0.28657012779052249  0.29629113025947301
  0.30632854498091966  0.31676559513643976  0.32710713007273506  0.33730486503232521
  0.34888784621374108  0.36072993486914340  0.37404049731685296  0.38468725250452190
  0.39500423646523447  0.40392972941872307  0.41281319591310695  0.42199887786522094
  0.43114672855980285  0.44062768545102715  0.45056488617432794  0.46108036466255342
  0.47208000628382907  0.48304709071548424  0.49387767295325552  0.50431493493608426
  0.51397237215314706  0.52349933342193034  0.53365940772815545  0.54394538322356800
  0.55340926869135987  0.56268209115510992  0.57153087078393350  0.57997192633939043
  0.58864016487863458  0.59788750629530940  0.60770805121498395  0.61858481315107439
  0.63138874933447353  0.64314102960312736  0.65342672648511890  0.66332930305348159
  0.67389487967137518  0.68525257682537399  0.69537049035381870  0.70495099313034471
  0.71431991008599494  0.72330286977192060  0.73215174260521765  0.74098024446103017
  0.75023557843687294  0.75964887770670098  0.76835384853560729  0.77714596168863137
  0.78624348864747706  0.79561441135247080  0.80512053302636610  0.81409794340494934
  0.82285846885807190  0.83170294903261510  0.84170277757897327  0.85169212698339070
  0.86344260436990039  0.87356566786835532  0.88778549091046222  0.90023321422187930
  0.91286960881482271  0.92526461920199943  0.93738438491304610  0.94976548869707200
  0.96219097243493790  0.97507040743681728  0.98748821769777484  1.00000000000000000
 -0.00315804563293980  0.01226047085430674  0.02471088629020491  0.03668167272362766
  0.04903348082915399  0.06127753525095527  0.07114796179242754  0.08040886840743572
  0.08966496858483507  0.09960464234996555  0.10899677424463966  0.11768856904884702
  0.12606105813054991  0.13498764587913673  0.14455738808597182  0.15439052490528374
  0.16471463782871876  0.17393235921133435  0.18296801803921911  0.19318523377516733
  0.20444546524576898  0.21491629843708926  0.22433328746355810  0.23433010445964375
  0.24535605118603973  0.25724676744298619  0.27025193564186545  0.28236582353722728
  0.29380294714668431  0.30438041319268283  0.31475076612688835  0.32504477111488239
  0.33520984911869911  0.34547277214471012  0.35577379240584378  0.36585853220635506
  0.37586822714992635  0.38600010332597168  0.39669201778687629  0.40793368933467095
  0.41875588574003675  0.42976025133141821  0.44100718688286145  0.45217054639531784
  0.46364428445418476  0.47568622914704300  0.48765211190584901  0.49974490593854243
  0.51234699005305839  0.52385505338757554  0.53483558803763465  0.54497812087860265
  0.55490875226273917  0.56510304629415975  0.57551879716996701  0.58578466482039782
  0.59518694505957004  0.60441827639172607  0.61481762420215436  0.62619578439109902
  0.63816204344034599  0.65024941436802586  0.66219215469594239  0.67203070556973721
  0.68111343736937469  0.68975589266525372  0.69850825232472802  0.70823275673293595
  0.71807635657981006  0.72818382473308174  0.73906851237418436  0.75081952802156748
  0.76210070841411581  0.77338855884309887  0.78573878206333514  0.79647432814822439
  0.80546150661080851  0.81393529415746446  0.82307386158029694  0.83240907469111547
  0.84167676851105377  0.85118707461765197  0.86088735919399684  0.87039340545161503
  0.88039935020091697  0.89102158199793924  0.90137671334693559  0.91148048669762938
  0.92163510144544136  0.93211499465561909  0.94330071953778516  0.95551374488735596
  0.96705274625302240  0.97792673775429440  0.98919491573195029  1.00000000000000000
 -0.02278342764044733  0.17300714445304727  0.24441025197846161  0.29446677362122481
  0.32846162839994836  0.35514179756649999  0.37741047500769948  0.39693303100583843
  0.41530171067263832  0.43273701422149230  0.44787440914172982  0.46195180146292186
  0.47539095973078638  0.48759187561537359  0.49899141069763531  0.50965628067887170
  0.52045143967680374  0.53115689764903706  0.54143325349901172  0.54974276363694985
  0.55735111140051075  0.56503642952877231  0.57321595138578774  0.58094184473522803
  0.58803108998013420  0.59503916406560931  0.60233665913098067  0.60927669519707417
  0.61585226096287393  0.62236884268694082  0.62918246294662572  0.63609590031813934
  0.64244286260527317  0.64816497952909158  0.65357524195025607  0.65892240775414412
  0.66424780563453534  0.66976966866705911  0.67566431207290967  0.68170622425662097
  0.68739137756808122  0.69352290385277682  0.69948848466620972  0.70507442108438811
  0.71148236695145295  0.71795056718613759  0.72445892191516037  0.73065208832014372
  0.73643901292570968  0.74241220570840361  0.74843959796905524  0.75480523621053708
  0.76119229596731919  0.76729960296918631  0.77266699333790312  0.77699900537841782
  0.78158560468014482  0.78615151848984610  0.79078610174773578  0.79609419230306622
  0.80181038626122836  0.80724974568321894  0.81254464644125657  0.81771119531536418
  0.82274635495093262  0.82784226242010039  0.83319892301184706  0.83847975220478388
  0.84368746635335945  0.84894808631113050  0.85445418217438618  0.86005053309142954
  0.86609916542390375  0.87171068504513660  0.87677173062615121  0.88128696855676569
  0.88577278399577397  0.89038622399145395  0.89532542693747441  0.90063791619715705
  0.90629999373133585  0.91169948114847332  0.91755601561039202  0.92392440419940958
  0.93067491406805125  0.93725933530299288  0.94355153476338705  0.94986827848056110
  0.95626205953836385  0.96239506908679029  0.96852867909002183  0.97494251786069541
  0.98166882416153944  0.98761854265364457  0.99379702234246137  1.00000000000000000
 -0.00243825514955630  0.00865536530267173  0.01837653758774610  0.02837675869696495
  0.03923678271485932  0.05040696144410255  0.06216440515527383  0.07372549685999895
  0.08515477499149476  0.09684857279671397  0.10656448432625282  0.11549194772270029
  0.12471424358009367  0.13561969521721157  0.14636541910715972  0.15680116760010135
  0.16692957989392224  0.17761569056524146  0.18785675006613783  0.19726964631668095
  0.20672946848458679  0.21610752766033983  0.22525791273128873  0.23440962506943872
  0.24287952729728937  0.25177848548956722  0.26140743345939838  0.27145068147996815
  0.28168573193267632  0.29212552376580742  0.30316494058070004  0.31377129508121432
  0.32483204330623433  0.33508755473536722  0.34487959406267404  0.35407232321319981
  0.36433823753162814  0.37556255351463191  0.38710365593853591  0.39860362738070748
  0.40995670981217430  0.42038715636226132  0.43085847517248793  0.44202679346062151
  0.45337661583580247  0.46366423579137339  0.47365578461841185  0.48444318421873556
  0.49474421035233873  0.50479823807464574  0.51454612891019591  0.52472885005679160
  0.53535808767086668  0.54600880862086254  0.55666779956779233  0.56693254724236064
  0.57640963983369287  0.58632156270745461  0.59688181047099687  0.60772776784070848
  0.61879463528410095  0.63007259717260389  0.64177160777218334  0.65197084644741077
  0.66091227526448260  0.67066925182557702  0.68079061109410088  0.69138895028049430
  0.70082787676801872  0.71069292788327809  0.72157256420480698  0.73433258110822364
  0.74795116679185758  0.76068069460613297  0.77243773801364257  0.78423282046718001
  0.79585372981277736  0.80720242213336257  0.81868326159522109  0.83154594361818257
  0.84416588519168079  0.85568159831489232  0.86544839783681582  0.87429499847567860
  0.88268561971526849  0.89170567702187109  0.90176981156621283  0.91209865003284318
  0.92432494381264596  0.93661470045063711  0.94869957640873981  0.95970627568798528
  0.96988279807510536  0.98021852574774149  0.99010952742975000  1.00000000000000000
  0.04981331563411455  0.11273002606198665  0.14734284665503827  0.17299810321099363
  0.19272923090919339  0.20896883416465706  0.22443881869492757  0.24081787285870129
  0.25752262098026030  0.27338164266316822  0.28715674060036034  0.29984455057064452
  0.31154756286763841  0.32324987090899493  0.33488738697739440  0.34639129687303333
  0.35752374844893592  0.36965084734038633  0.38358433140438103  0.39780571720932101
  0.41144310885281354  0.42468039044576633  0.43667028315096307  0.44756202916713395
  0.45767207585920183  0.46762656317512291  0.47724524339920615  0.48594838775872240
  0.49405705539284517  0.50168901184525638  0.50939703036703321  0.51691415950211983
  0.52584816338108920  0.53464835576690295  0.54511922269641111  0.55620308961526588
  0.56776159214989130  0.57859056452996027  0.58763696663300402  0.59511264353935311
  0.60279490761572885  0.61062338540347305  0.61869431184802759  0.62700094973303433
  0.63520483968503749  0.64248818189077073  0.64928415984989130  0.65574537422636225
  0.66237014554546469  0.66930177535796165  0.67626497993595291  0.68303985826133762
  0.68968582861469907  0.69651061304009110  0.70363929584109841  0.71078390954989701
  0.71779599229016788  0.72458387146150283  0.73105622787397784  0.73717252375125131
  0.74387868857021322  0.75034298770226504  0.75658859057415040  0.76244329628337604
  0.76831491058178014  0.77424199794008075  0.78022505918508023  0.78639728349327187
  0.79263587875258434  0.79914018524539132  0.80493292446619236  0.81032023533981201
  0.81560898142932270  0.82100783819172141  0.82717988141445142  0.83334588745675398
  0.83925274604054323  0.84520679058530379  0.85138756283698491  0.85852069572579481
  0.86565758036722940  0.87223950679093354  0.87825568709799762  0.88400461874776715
  0.89019432508643204  0.89640802184904766  0.90286244246278680  0.90926510264029692
  0.91582480437477387  0.92244945484032248  0.92914210723391655  0.93646679941037914
  0.94510540445375568  0.95563279128306899  0.97229660274771301  1.00000000000000000
 -0.01426355625945702  0.08896996272265575  0.13521772608033772  0.16063780406440781
  0.17867543484588430  0.19381555923568233  0.20771330810061886  0.21966725060261039
  0.23128529784947169  0.24097566262538012  0.25007021656536005  0.25926164461588164
  0.26901462468075155  0.27949362436796871  0.28923727317648168  0.29716675060822662
  0.30405604573430323  0.31042023547489306  0.31657227116218883  0.32265788794043004
  0.32899096058743704  0.33560922470165788  0.34223588531853183  0.34896018762319425
  0.35564790636496624  0.36339892216629111  0.37113883705836992  0.37783165845991146
  0.38417936242098083  0.39037155756381597  0.39651013603174862  0.40235872209172352
  0.40800894947625593  0.41359460486413319  0.41860838826876423  0.42366183104757665
  0.42880067378131781  0.43397308414688185  0.43938329595668107  0.44492037479931146
  0.45043667153916078  0.45587032665107025  0.46187065096016305  0.46845300586215094
  0.47482340358769010  0.48073160523128206  0.48610093480823413  0.49097648167787517
  0.49579695203884261  0.50124468265687583  0.50639686583029431  0.51168663152531135
  0.51713994764828275  0.52253894632364084  0.52846203689396687  0.53442789330587426
  0.54013726050955346  0.54534097376699353  0.55035490004233123  0.55564483343898685
  0.56103069323739529  0.56677832734394484  0.57257095097195698  0.57858152652329964
  0.58418123983801040  0.58981266327290505  0.59538915287897143  0.60138471539315175
  0.60785208347915676  0.61462218177469341  0.62130114359570110  0.62789078668739307
  0.63422328132993544  0.64041907339174176  0.64659558060370403  0.65301560542040593
  0.65993210329746821  0.66719105769355336  0.67535951917572556  0.68335871334241560
  0.69101810017609999  0.70009353842365618  0.70901860399507033  0.71881473082659586
  0.72822811248928510  0.73815668408705037  0.74818181136058648  0.75818254475468461
  0.76885735068774796  0.78106045258330103  0.79507611603646400  0.81118274478749219
  0.82975983602040737  0.85320272568531585  0.88873779326867341  1.00000000000000000
   2.2445519655771325E-010  -1.0000000000000000     
 F F F F F F F F F F F F F F F F F F F F F F F F F F F F F F F F F F F F F F F F F F F F F F F F F F F F F F F F F F F F F F F F F F F F F F F F F F F F F F F F F F F F F F F F F F F F F F F F F F F F F F F F F F F F F F F F F F F F F F F F F F F F F F F F
  <DiscreteSampler_grid>
  grouped_processes
  1 # 1 for a reference and 2 for a running grid.
  10 # Attribute 'min_bin_probing_points' of the grid.
  1 # Attribute 'grid_mode' of the grid. 1=='default',2=='initialization'
  0.0000000000000000 # Attribute 'small_contrib_threshold' of the grid.
  0.5000000000000000 # Attribute 'damping_power' of the grid.
 # binID   n_entries weight   weight_sqr   abs_weight
    61   10   7.269745624602534E+000   3.829432758163399E+002   7.269745624602534E+000
    62   10   7.269745624602534E+000   3.829432758163401E+002   7.269745624602534E+000
    64   10   5.687671496629796E+002   1.035331643242432E+006   5.687671496629796E+002
    65   10   5.687671496629795E+002   1.035331643242431E+006   5.687671496629795E+002
    67   10   5.687671496629796E+002   1.035331643242432E+006   5.687671496629796E+002
    68   10   5.687671496629794E+002   1.035331643242431E+006   5.687671496629794E+002
    70   10   2.535382070793924E+003   4.890044168910219E+007   2.535382070793924E+003
    71   10   2.535382070793926E+003   4.890044168910228E+007   2.535382070793926E+003
  </DiscreteSampler_grid>
