  0.00902580243472286  0.01734711411575397  0.02742981312378084  0.03818638537595229
  0.04837191871340529  0.05846952847769063  0.06852872527695918  0.07898520146129642
  0.08970113921692791  0.10046367958733086  0.11113551528520080  0.12169881627685146
  0.13224051565962888  0.14285848801626577  0.15362823632952438  0.16438334481743147
  0.17507259455983193  0.18574721589359974  0.19642661581450083  0.20717597930394452
  0.21746845551292671  0.22779493235497050  0.23815272388141917  0.24903985667631645
  0.25999176663469231  0.27086828808664382  0.28164321216259491  0.29232757653483238
  0.30300140923836766  0.31372247476418330  0.32450131430623341  0.33526775709348183
  0.34596944016868553  0.35666626611115770  0.36741604035657338  0.37822330395804349
  0.38899355530150986  0.39973206527955218  0.41040998887705066  0.42105573330803692
  0.43166315704764191  0.44238204096738748  0.45313402736611408  0.46342434561201901
  0.47321458738806804  0.48282852231749079  0.49265292365611768  0.50325037334200917
  0.51418376956677891  0.52483142488556456  0.53502104415768048  0.54517648226509774
  0.55539827506404638  0.56586852125071418  0.57647261860844701  0.58659023832897605
  0.59660216791040410  0.60668129595242570  0.61674963980313147  0.62686202891559828
  0.63681270410316726  0.64702223952433313  0.65773468349074071  0.66848478352616469
  0.67906076496925982  0.68973110608224175  0.70044658750111843  0.71108132559602222
  0.72160664905275029  0.73215715009490079  0.74292379274722919  0.75382510657574275
  0.76477137274178475  0.77551128605690867  0.78616988005138377  0.79679897491518803
  0.80748669348471502  0.81813215892940294  0.82885397183612930  0.83953464949625867
  0.85016008762725614  0.86068683544904123  0.87127963946768749  0.88192517683000815
  0.89257810440563867  0.90327426398354616  0.91396998661987539  0.92469513416938665
  0.93493270049572363  0.94435126600037955  0.95360290416408355  0.96246534180455168
  0.97212591486480227  0.98293495139831577  0.99113905258433155  1.00000000000000000
  0.00000265434244238  0.00000289764567653  0.00000303476085552  0.00000320194786762
  0.00000338628369769  0.00000358520752099  0.00000379628156938  0.00000402177197921
  0.00000426170478125  0.00000451981543124  0.00000480010931084  0.00000509700978355
  0.00000541369241429  0.00000574794929559  0.00000609534816476  0.00000646046480385
  0.00000683334754315  0.00000722377838658  0.00000762182045111  0.00000803370208436
  0.00000846640459543  0.00000892975400492  0.00000941860501402  0.00000992147599613
  0.00001044010400914  0.00001097600675279  0.00001152829729945  0.00001209787576005
  0.00001269215892572  0.00001331342030991  0.00001395154950684  0.00001460640737905
  0.00001528586954947  0.00001599136698457  0.00001672295061443  0.00001749278475008
  0.00001827263284649  0.00001905597542624  0.00001986261560130  0.00002069221217306
  0.00002156288208514  0.00002243929806206  0.00002332853527938  0.00002426099789842
  0.00002526023384617  0.00002633782143565  0.00002747901014901  0.00002864771632843
  0.00002982118619883  0.00003101138233051  0.00003222345199285  0.00003346430993036
  0.00003479025047426  0.00003621021334108  0.00003775382013406  0.00003936687691106
  0.00004105645022220  0.00004287451225610  0.00004466303346435  0.00004658689122180
  0.00004862159264440  0.00005078372087020  0.00005311464912497  0.00005553934707604
  0.00005806208948925  0.00006078639251509  0.00006385545812160  0.00006709042859244
  0.00007052009651825  0.00007426342991268  0.00007836579016656  0.00008275753062207
  0.00008743732105334  0.00009246137055463  0.00009795277725948  0.00010400365175723
  0.00011071248535420  0.00011816310826194  0.00012643683293394  0.00013587922130610
  0.00014672112942465  0.00015912635377711  0.00017349135281693  0.00019054702350037
  0.00021145044391219  0.00023715747279365  0.00026934738545763  0.00031148352118033
  0.00037063988771797  0.00046066730511281  0.00062292356632916  0.00108114947181019
  0.00292385446966288  0.28412626754218906  0.57213289523657818  1.00000000000000000
  0.00000227962400268  0.00000279503637727  0.00000319541322908  0.00000357904522932
  0.00000395973698524  0.00000434591360343  0.00000473614632658  0.00000513554594208
  0.00000554542479571  0.00000596692162737  0.00000639857140913  0.00000684061863771
  0.00000729218850324  0.00000775601429857  0.00000823322874459  0.00000872131380347
  0.00000922264338108  0.00000974125923252  0.00001027972090800  0.00001083890867057
  0.00001142117578832  0.00001201113739417  0.00001262916227885  0.00001326791970021
  0.00001385497110611  0.00001444216022316  0.00001505599882198  0.00001569978668525
  0.00001642594915725  0.00001718140140961  0.00001795716119856  0.00001874565566268
  0.00001955781679693  0.00002040585515538  0.00002129200115791  0.00002220894866913
  0.00002315205247118  0.00002412289822243  0.00002512673882354  0.00002616932340873
  0.00002724920794261  0.00002835070480282  0.00002947495583170  0.00003063872409445
  0.00003185954290597  0.00003314061262622  0.00003446349082109  0.00003583018007485
  0.00003725854298677  0.00003871063156759  0.00004019100686620  0.00004175869755484
  0.00004339040107650  0.00004512939933225  0.00004695058846576  0.00004883877624504
  0.00005086981402300  0.00005300249510700  0.00005508132075183  0.00005698673503770
  0.00005888050488233  0.00006086761465708  0.00006320730605477  0.00006600239348412
  0.00006900352655472  0.00007212800921713  0.00007543749070790  0.00007898906602346
  0.00008282518676943  0.00008694406953912  0.00009124929278597  0.00009583833682157
  0.00010084297300122  0.00010636801735773  0.00011246281843951  0.00011906257049974
  0.00012631574245914  0.00013439832149458  0.00014345116486214  0.00015337282451765
  0.00016393425493665  0.00017562308097971  0.00018943264448865  0.00020625341329274
  0.00022620241445586  0.00025014756412911  0.00028021065017652  0.00031875717977466
  0.00037103451505371  0.00044774322294866  0.00056399925990558  0.00075999587374909
  0.00129139649051401  0.00460698664286344  0.09392713533931629  1.00000000000000000
 -0.00218888877644654  0.00883587624601444  0.01885499576836049  0.02946566213522585
  0.04023448208212808  0.04957076435867305  0.05943353821244998  0.06925313878205788
  0.07957177764552510  0.09053221292679885  0.10094802311411781  0.11111202941124526
  0.12142978177194740  0.13219521798755871  0.14333192254363883  0.15415485180337798
  0.16468541587841035  0.17532639416549817  0.18618629609701895  0.19708617400768669
  0.20792973200932716  0.21862323224847896  0.22936851737342617  0.23999169462425010
  0.25052435117482424  0.26072074275897822  0.27104969188638461  0.28141231952154311
  0.29216175685782891  0.30275760912140931  0.31325685889157978  0.32264984634797717
  0.33228410476245318  0.34223493239931480  0.35282819818734251  0.36370695637982825
  0.37450329806219779  0.38508718702790828  0.39518987112230380  0.40537375986872770
  0.41584886144607625  0.42683775192507495  0.43779216018105693  0.44875146510092262
  0.45960115006062180  0.47044134370052604  0.48129519515624225  0.49211615222618360
  0.50275017155897095  0.51338207336941477  0.52394718997874468  0.53457253306896291
  0.54479254673519539  0.55530047829181672  0.56589143529606711  0.57673214236297088
  0.58755142503686097  0.59844911434757986  0.60917430508935555  0.62001971643414133
  0.63152760527950558  0.64088333480435733  0.65003069707048089  0.65901316699099677
  0.66860170270691710  0.67974580855733269  0.69034603587808407  0.70078486983569888
  0.71143687244417231  0.72206054956099064  0.73286457494156798  0.74366682561194553
  0.75433965669111369  0.76488989919905437  0.77555418782327468  0.78622977614278833
  0.79693381258625662  0.80758302496841294  0.81836041253379266  0.82918991355113869
  0.84003690199765946  0.85111797670098099  0.86176213978557148  0.87213565810851512
  0.88270635938483799  0.89343672112923622  0.90446101734751017  0.91490025857651724
  0.92521665850599299  0.93558592981825806  0.94658126008584786  0.95767189287416121
  0.96858492444205468  0.97918065127287801  0.98978625837937340  1.00000000000000000
 -0.00221816733373902  0.00883402814061157  0.01977745164986339  0.02887368250494637
  0.03852655008255149  0.04808279768090383  0.05821090678255265  0.06922565478794025
  0.08003703778535334  0.09066443794301300  0.10102927641704096  0.11147687067917539
  0.12198872839968851  0.13283101175827458  0.14365114463601308  0.15463618039666988
  0.16560328921075029  0.17641010058162213  0.18690360968464656  0.19693867191349107
  0.20727322391886227  0.21778524740916932  0.22833326322169489  0.23865315383885269
  0.24905142028883814  0.25986260955418633  0.27040027724831134  0.28099007186707364
  0.29172273385739461  0.30276730020498333  0.31357610347649628  0.32389476781635795
  0.33423536565378037  0.34480998129300294  0.35566529359526383  0.36629480483067473
  0.37698326052361053  0.38775754862616180  0.39849017634504774  0.40903126122440980
  0.41972480138373663  0.43049346885059653  0.44137075638956913  0.45220659407620201
  0.46311428842142627  0.47371685461345370  0.48414534387231029  0.49457249696782835
  0.50489792399979039  0.51555474852157734  0.52626898737479988  0.53710998592756598
  0.54797724724422681  0.55872556239019910  0.56949297278193156  0.58022965016918671
  0.59097994521780461  0.60174208254463635  0.61267133662986084  0.62316022037806851
  0.63363755717560821  0.64393348639330350  0.65453466757698053  0.66514885367126453
  0.67569670891357203  0.68635439505606821  0.69707334475301086  0.70786468604789232
  0.71865293362562943  0.72951255582779473  0.74036271594066649  0.75115211794978110
  0.76224592559068916  0.77294580343358021  0.78204601853517430  0.79008345172896743
  0.79819550783338045  0.80747659343673905  0.81861713259846880  0.82971798778089223
  0.84072433155292281  0.85187963732969674  0.86288424998988456  0.87372354818719644
  0.88456827210323596  0.89545178638759870  0.90627654698826032  0.91704612167416677
  0.92769581633667131  0.93832528762077128  0.94916986540950399  0.96004536616203828
  0.97025301881538484  0.98007186069737662  0.98956476857515063  1.00000000000000000
 -0.00236684478607722  0.00924280612205767  0.01970127529632318  0.03007943448464117
  0.04071219227800989  0.05178114281911245  0.06196417422872733  0.07222589592817588
  0.08237103052409074  0.09309350029204967  0.10414186151024642  0.11514701575564423
  0.12645074952541041  0.13666742372666188  0.14631296629696297  0.15614766173852287
  0.16598867020715505  0.17692644448315920  0.18796763590635177  0.19920014543992820
  0.21002198712787531  0.22128662124954548  0.23206726972456651  0.24300945033000446
  0.25385920017421831  0.26472408755194260  0.27612887325983404  0.28570919461988975
  0.29543431855115398  0.30523858271310744  0.31509541101602340  0.32589410130535468
  0.33649641082910370  0.34710616000908573  0.35782661476518812  0.36862189903422471
  0.37957780479261943  0.39055146493853377  0.40124991161122614  0.41154528346219871
  0.42205621843805319  0.43242262805628368  0.44307639842903590  0.45336537955245931
  0.46378349162431620  0.47433341766970133  0.48507922361950917  0.49617952052379904
  0.50723368369748256  0.51820468007892806  0.52894960786747303  0.53885033024936069
  0.54824108932936721  0.55782984585429363  0.56765524857059513  0.57821436034948726
  0.58897155263421852  0.59962342248669720  0.61014395288201539  0.62044833371584340
  0.63083113278989600  0.64133070492691335  0.65181415725342740  0.66238507977167738
  0.67322111280845609  0.68412928724260402  0.69478448370876456  0.70533216329854442
  0.71605596692303797  0.72694756633186619  0.73781102165427159  0.74850791452447984
  0.75893812964772289  0.76929353394187683  0.77980460147840780  0.79055249992225773
  0.80111313039924337  0.81144671078619923  0.82166296712284603  0.83162520104888904
  0.84183615981128257  0.85173826619071358  0.86199736976591401  0.87237938225053457
  0.88276135422428692  0.89375943349882891  0.90460388976728234  0.91533467926488699
  0.92603104133023584  0.93664600709006096  0.94692446875738912  0.95722493599792480
  0.96709922007604254  0.97810655031203808  0.98889003726456781  1.00000000000000000
  0.00009434127630946  0.00011863053668826  0.00020583382922020  0.00028744898534211
  0.00036688509759333  0.00044607977809310  0.00052718988445237  0.00061174774420194
  0.00070230178552944  0.00079945539931859  0.00090313285855199  0.00101265585568749
  0.00112840051309650  0.00124644469876989  0.00136621203746736  0.00149048726433455
  0.00162479257827871  0.00176755160794252  0.00191893630216552  0.00207797231299811
  0.00224443019156167  0.00241859719928976  0.00260214237350708  0.00279584424175170
  0.00299779244871998  0.00320910723360175  0.00342881230076311  0.00365842740649356
  0.00389693921666956  0.00414492866963118  0.00440249137009143  0.00467032339588974
  0.00495163609629463  0.00524554645642630  0.00555134046078944  0.00586915306356196
  0.00619929827898366  0.00654121639502484  0.00689682218589182  0.00726841230285553
  0.00765566317357716  0.00805693719990895  0.00847011781240496  0.00889748420916849
  0.00934197552676325  0.00980563120180188  0.01029055677675347  0.01079567053233606
  0.01131713016959868  0.01185333539073068  0.01240628674255652  0.01297743821049508
  0.01357327714225777  0.01419627054654498  0.01484046181534427  0.01550789667356028
  0.01620217619104223  0.01692095966716258  0.01766763340029693  0.01844779841683592
  0.01926602427053398  0.02010899414922659  0.02098774166485513  0.02191275662906140
  0.02287978344439789  0.02389094944120429  0.02495209721737711  0.02606361623368956
  0.02719396004560590  0.02837526349576448  0.02961506866914305  0.03089678404590688
  0.03219958071174197  0.03355548111715115  0.03499398991128069  0.03652849503334742
  0.03820211309201224  0.03992355173331083  0.04166863680198066  0.04373084107384987
  0.04598251060722301  0.04831611641386349  0.05069074487684873  0.05324039100786832
  0.05609995527621352  0.05904013914895222  0.06239409369889189  0.06632734326971126
  0.07079893256681220  0.07584671990434531  0.08217617378421456  0.09046006303820457
  0.10114676142130394  0.11676710347545244  0.27133043522642097  1.00000000000000000
 -0.00279810725788220  0.01105781760496992  0.02248329885818083  0.03528762466168751
  0.04709742512566675  0.05960653534104211  0.07161055943997273  0.08389351561290866
  0.09624837742616969  0.10850971730944267  0.12069384999693214  0.13254358859913359
  0.14434245076197322  0.15599352965356300  0.16776908628028939  0.17801177940972790
  0.18805723438707261  0.19765356641450793  0.20764093573301481  0.21796880204200228
  0.22783802370808662  0.23745052058197527  0.24727643468389793  0.25768030599087921
  0.26828759712979694  0.27885760118273306  0.28948908533522488  0.30014742570493519
  0.31063968997472929  0.32091666113684958  0.33096376975426672  0.34082334892371735
  0.35059226576544750  0.36037327421664933  0.37019257211242207  0.37999707531729082
  0.38976206662143009  0.39952140444226891  0.40928765785622667  0.41899510519146621
  0.42867798334869173  0.43832393328003139  0.44800377702190225  0.45753080677511881
  0.46669114881233043  0.47574003991808078  0.48470357465738434  0.49409975845608617
  0.50346963692119517  0.51303665582977276  0.52272831937101738  0.53249357072366932
  0.54219819384198531  0.55173068358915378  0.56129370049108218  0.57088582448205671
  0.58013192856020590  0.58940716374238866  0.59887931805862615  0.60856876990678277
  0.61791302607065191  0.62705250926981493  0.63612002291523750  0.64582357624772513
  0.65587528024615305  0.66603965149257738  0.67625252042403994  0.68653742200317702
  0.69681280286379788  0.70663613074389364  0.71637362775675550  0.72616329984722328
  0.73649625310820288  0.74712761957661344  0.75781528572369861  0.76839515517009049
  0.77851749657353320  0.78874493352474651  0.79899997749287488  0.81002583961697283
  0.82132831903424786  0.83267931977283582  0.84428849337406875  0.85609957708482298
  0.86807044182330562  0.88005522856535801  0.89210472289703513  0.90441175954064790
  0.91655868865246715  0.92794482537776202  0.93911176667470420  0.95032861168935145
  0.96290260797310534  0.97538170071879116  0.98751618629418692  1.00000000000000000
 -0.01573375827743906  0.32398273303283998  0.42288436598707541  0.45624077971895344
  0.47471344173431640  0.49278875714179171  0.51551511523915694  0.54162805805514413
  0.57048870291922460  0.59673806048864242  0.61720520906992715  0.63183971954362927
  0.64829643028902817  0.66876320996393745  0.69120496236774143  0.70967972622110487
  0.72698322301312557  0.74346036424210249  0.75816758488840785  0.77193508577236070
  0.78531984758849904  0.79809066800553052  0.81001418699799899  0.82107803526495637
  0.83120120273893316  0.84047208876353752  0.84908457595730324  0.85711596262199985
  0.86459303862497960  0.87155730711806201  0.87802361905481341  0.88401640070628107
  0.88960602430338087  0.89485413713497552  0.89981391734979188  0.90453268346676019
  0.90902655673696908  0.91328501062959366  0.91730659050843755  0.92109557900410932
  0.92469346423594856  0.92813365704631068  0.93143260502012193  0.93458852875672438
  0.93757075051780026  0.94036285179804835  0.94300491176686563  0.94554990119245097
  0.94800540082131679  0.95035145315606662  0.95257140904768689  0.95467460093312262
  0.95670196069934166  0.95865633671934458  0.96051017551232887  0.96228408956179146
  0.96400472391077707  0.96566081749576627  0.96724256948403486  0.96875604563488349
  0.97021118022266772  0.97161382479779490  0.97296441079367124  0.97426140903084990
  0.97550948180996311  0.97671846382318783  0.97789532278020164  0.97903947401460367
  0.98013599031070597  0.98117956799773487  0.98217568557975277  0.98313421871974460
  0.98405147103932233  0.98492768958578214  0.98577023726249435  0.98658867032552100
  0.98738361330320767  0.98814796483561951  0.98888642289474715  0.98960603422080673
  0.99030296193941247  0.99097662180680812  0.99162916201553519  0.99226002341949449
  0.99287127571948930  0.99346497955512192  0.99404235200738000  0.99460644852520075
  0.99516087479020576  0.99570850243431908  0.99625331274251538  0.99680204429773422
  0.99736640027123291  0.99797350468976931  0.99883706425468000  1.00000000000000000
 -0.03434831023245720  0.14126460227642695  0.18628471137636532  0.21317288254069072
  0.23486810188949633  0.25331951095196897  0.26941162298994037  0.28383150602097168
  0.29711414461247354  0.30955718445807695  0.32131433524943986  0.33242884400334005
  0.34281626436526191  0.35247959571767234  0.36180934969584644  0.37087131212268198
  0.37984264017290198  0.38847164701234183  0.39687774434909862  0.40508900266384068
  0.41317031663105092  0.42117224336487252  0.42894446511489215  0.43646551153768515
  0.44391262303382106  0.45133059806429282  0.45849673287077325  0.46492606958250388
  0.47125240326975421  0.47760786502106090  0.48422898784108265  0.49086090243394132
  0.49719944091398660  0.50341916139946963  0.50956117223860364  0.51570838336239366
  0.52168957107896585  0.52744800485480481  0.53321836532289724  0.53898272616033593
  0.54494030658711301  0.55087705173584800  0.55677160119460667  0.56263356961654443
  0.56843562823892768  0.57413849749717760  0.57980476464729358  0.58522275357166709
  0.59065997790478664  0.59593139262178019  0.60073277972078942  0.60585223783545439
  0.61084745531502527  0.61612909590137432  0.62186644502334165  0.62716924261105234
  0.63211840521039153  0.63707706381929907  0.64166883444691225  0.64645963345855351
  0.65164244900998525  0.65704454796169498  0.66242207806693887  0.66773048438329485
  0.67303200800736096  0.67839305133679062  0.68393168079738575  0.68952029283022209
  0.69509100415517022  0.70062727257055668  0.70611869348363188  0.71159772499289531
  0.71725449849781453  0.72297064043119030  0.72878944469483398  0.73476600023906269
  0.74082831418661887  0.74695131569949058  0.75310007342879093  0.75954468251195251
  0.76623477780494853  0.77254505800631468  0.77907723091006498  0.78566881265340183
  0.79262030370232828  0.79969808244498630  0.80704541098555926  0.81473710810641886
  0.82336713524838545  0.83282848046811553  0.84331926226936982  0.85485899618937311
  0.86827919193448144  0.88491242538010706  0.91331183696320040  1.00000000000000000
   5.7928195497579460E-009  -1.0000000000000000     
 F F F F F F F F F F F F F F F F F F F F F F F F F F F F F F F F F F F F F F F F F F F F F F F F F F F F F F F F F F F F F F F F F F F F F F F F F F F F F F F F F F F F F F F F F F F F F F F F F F F F F F F F F F F F F F F F F F F F F F F F F F F F F F F F
  <DiscreteSampler_grid>
  grouped_processes
  1 # 1 for a reference and 2 for a running grid.
  10 # Attribute 'min_bin_probing_points' of the grid.
  1 # Attribute 'grid_mode' of the grid. 1=='default',2=='initialization'
  0.0000000000000000 # Attribute 'small_contrib_threshold' of the grid.
  0.5000000000000000 # Attribute 'damping_power' of the grid.
 # binID   n_entries weight   weight_sqr   abs_weight
    112   10   2.417386952625213E+007   5.806985308099141E+015   2.417386952625213E+007
    113   10   2.417386952624810E+007   5.806985308097202E+015   2.417386952624810E+007
    115   10   1.291816712694141E+006   1.658267189102792E+013   1.291816712694141E+006
    116   10   1.291816712693926E+006   1.658267189102238E+013   1.291816712693926E+006
    118   10   1.291816712694141E+006   1.658267189102792E+013   1.291816712694141E+006
    119   10   1.291816712693925E+006   1.658267189102238E+013   1.291816712693925E+006
    121   10   6.902968457468550E+004   4.735372542092415E+010   6.902968457468550E+004
    122   10   6.902968457467397E+004   4.735372542090828E+010   6.902968457467397E+004
    193   10   2.417386952625213E+007   5.806985308099141E+015   2.417386952625213E+007
    194   10   2.417386952624810E+007   5.806985308097202E+015   2.417386952624810E+007
    196   10   1.291816712694141E+006   1.658267189102792E+013   1.291816712694141E+006
    197   10   1.291816712693926E+006   1.658267189102238E+013   1.291816712693926E+006
    199   10   1.291816712694141E+006   1.658267189102792E+013   1.291816712694141E+006
    200   10   1.291816712693925E+006   1.658267189102238E+013   1.291816712693925E+006
    202   10   6.902968457468550E+004   4.735372542092415E+010   6.902968457468550E+004
    203   10   6.902968457467397E+004   4.735372542090828E+010   6.902968457467397E+004
    232   10   2.416252885767775E+007   5.801481410129390E+015   2.416252885767775E+007
    233   10   2.416252885767372E+007   5.801481410127449E+015   2.416252885767372E+007
    235   10   1.291202566171180E+006   1.656695481576877E+013   1.291202566171180E+006
    236   10   1.291202566170965E+006   1.656695481576322E+013   1.291202566170965E+006
    238   10   1.291202566171180E+006   1.656695481576876E+013   1.291202566171180E+006
    239   10   1.291202566170965E+006   1.656695481576322E+013   1.291202566170965E+006
    241   10   6.909843072188980E+004   4.730891549368394E+010   6.909843072188980E+004
    242   10   6.909843072187828E+004   4.730891549366810E+010   6.909843072187828E+004
    268   10   2.416252885767775E+007   5.801481410129390E+015   2.416252885767775E+007
    269   10   2.416252885767372E+007   5.801481410127449E+015   2.416252885767372E+007
    277   10   1.291202566171180E+006   1.656695481576877E+013   1.291202566171180E+006
    278   10   1.291202566170965E+006   1.656695481576322E+013   1.291202566170965E+006
    289   10   1.291202566171180E+006   1.656695481576876E+013   1.291202566171180E+006
    290   10   1.291202566170965E+006   1.656695481576322E+013   1.291202566170965E+006
    292   10   6.909843072188980E+004   4.730891549368394E+010   6.909843072188980E+004
    293   10   6.909843072187828E+004   4.730891549366810E+010   6.909843072187828E+004
  </DiscreteSampler_grid>
