  0.00838934394175662  0.01973291832504681  0.03351960642549985  0.04782635058656075
  0.05847066992412894  0.06771282584375055  0.07689272003339387  0.08598684213722070
  0.09511652459637469  0.10573384307447885  0.11673818375471884  0.12517507117223786
  0.13479938812545247  0.14683229526946812  0.16163434256714854  0.17645801106005554
  0.18958593070531296  0.20148940340102947  0.21189057277059287  0.22031715694277121
  0.22691621275235629  0.23322456600661323  0.24120328763954033  0.25007030800435026
  0.25953467630844040  0.27145224503149185  0.28340685907906793  0.29636594971964469
  0.31000873049472866  0.32452717255972613  0.33872133701031237  0.35033867188627255
  0.36046823471439926  0.37040890890003481  0.38071336599685740  0.39070097007222299
  0.40019022565610157  0.40479790576603458  0.40901463034846225  0.41413496282696116
  0.41901571770181878  0.42706317884130401  0.43456132054639030  0.44218625943233048
  0.45153487864338143  0.46181409027441811  0.47168422290944673  0.48247705883444819
  0.49601054507131032  0.51035789901001138  0.52433613927366518  0.53825232901794073
  0.55081202202057178  0.56229621497664828  0.57446650954666945  0.58653875760607344
  0.60115821816625636  0.61553953451900467  0.62900837337977433  0.63968385106235015
  0.64893641541975322  0.65676424312102333  0.66410666800144114  0.67204743484469731
  0.68155805001008074  0.69174477477744145  0.70055833028480996  0.71000609819701466
  0.72104522963486706  0.73323271954417035  0.74458141370114561  0.75392315165074242
  0.76165719868759707  0.76992807135910013  0.78064928545097878  0.79235615628080014
  0.80391078624221801  0.81532619442711796  0.82590643020266452  0.83414106064493054
  0.84239380630039618  0.85065675008349817  0.85763966106908729  0.86570264024699950
  0.87578930795584276  0.88631900721912171  0.89806128866905599  0.90978174841234338
  0.92110509822951137  0.93264856958972842  0.94568848681654938  0.95817788404396675
  0.96954737581148187  0.97856956558311270  0.99107864663982070  1.00000000000000000
  0.00000335246319038  0.00000350146272263  0.00000364333281015  0.00000381982856406
  0.00000408587550696  0.00000438088845802  0.00000466592333630  0.00000491555638421
  0.00000515787790282  0.00000540597794430  0.00000570521095682  0.00000608992803413
  0.00000646777941190  0.00000678253594410  0.00000709782970957  0.00000741790344465
  0.00000772310443495  0.00000804090528874  0.00000834600780379  0.00000865351433219
  0.00000897547026974  0.00000932545452874  0.00000971509183273  0.00001009537645120
  0.00001054891005268  0.00001106661577984  0.00001163686206534  0.00001216055884272
  0.00001255875725903  0.00001304425284074  0.00001354296201155  0.00001407800030987
  0.00001477506354755  0.00001562871911493  0.00001639052336261  0.00001715491122476
  0.00001786781613221  0.00001858748297703  0.00001931577715983  0.00001999502815177
  0.00002051577201494  0.00002102196830026  0.00002159985355654  0.00002200063702165
  0.00002241119561430  0.00002297369857194  0.00002345721775363  0.00002394114515341
  0.00002445500960798  0.00002511199875826  0.00002591494306576  0.00002674521280590
  0.00002755522507871  0.00002831853725624  0.00002920287375470  0.00003040641938752
  0.00003178533538683  0.00003327322701983  0.00003460506917515  0.00003576762134351
  0.00003687431465526  0.00003815417844555  0.00003966448802722  0.00004141631439447
  0.00004347465467772  0.00004569956656679  0.00004813177462201  0.00005116992326338
  0.00005453166949839  0.00005765024897741  0.00006088666392967  0.00006421993189442
  0.00006815705820288  0.00007264041894828  0.00007769323359746  0.00008359804356570
  0.00009027172892039  0.00009699887855206  0.00010360780010372  0.00011041016941831
  0.00011813978754961  0.00012735017373793  0.00013915902275342  0.00015316684443288
  0.00017109957467396  0.00019490561449847  0.00022478400770588  0.00025711874386599
  0.00029524245609889  0.00034943024489086  0.00042258139056566  0.00055074421045218
  0.00077162431491286  0.00143749122872304  0.08735551521266355  1.00000000000000000
 -0.00000010120860732  0.00000781083668227  0.00001271373788107  0.00001593347591921
  0.00001830703371115  0.00002017016559362  0.00002180385592435  0.00002349081621032
  0.00002527503455799  0.00002709457960188  0.00002893111229085  0.00003044279386778
  0.00003170761305077  0.00003290116093384  0.00003413343712100  0.00003528181737937
  0.00003629874432162  0.00003748973164789  0.00003925310953689  0.00004137210773217
  0.00004358624050449  0.00004594207613902  0.00004842366752998  0.00005080725769199
  0.00005317575662948  0.00005550852187899  0.00005778695474474  0.00006003662095963
  0.00006227826192633  0.00006426745174823  0.00006641976927400  0.00006919750634358
  0.00007157875453685  0.00007382372612061  0.00007579152360710  0.00007793697342842
  0.00008038077585381  0.00008325932874298  0.00008619463150695  0.00008892968186552
  0.00009185587742187  0.00009520642403733  0.00009871277328670  0.00010224993925432
  0.00010610114615858  0.00011073155922684  0.00011597091609834  0.00012147974012129
  0.00012748680831406  0.00013417991057848  0.00014148306984590  0.00014878457169508
  0.00015622574491884  0.00016487793560193  0.00017394904233660  0.00018191167611309
  0.00019068179330018  0.00020099017313404  0.00021281274123246  0.00022411446829655
  0.00023531175146631  0.00024498646721810  0.00025284373560960  0.00026168922595081
  0.00027112462651002  0.00028151308604447  0.00029230556631824  0.00031025356364103
  0.00032740637052782  0.00034507844105794  0.00036270374430904  0.00038085866271761
  0.00040288840117951  0.00042939071793370  0.00046087191161790  0.00049963584920637
  0.00054365044455185  0.00058797214081176  0.00063260254592607  0.00068238814881091
  0.00072823839933422  0.00078861443489008  0.00086622574134922  0.00098632775982136
  0.00112322513405468  0.00131023022298274  0.00144909338714039  0.00157757477049789
  0.00169058603184483  0.00180121120942703  0.00191422646263287  0.00209427438299174
  0.00235543928700213  0.00285200074361059  0.01117249782327046  1.00000000000000000
 -0.00350406734516762  0.01143439667066691  0.02554128734916531  0.03914001301981622
  0.05189373414470292  0.06341220551634941  0.07441503178527720  0.08637482501294730
  0.09755746516406542  0.10550668771067993  0.11387688677605369  0.12176618982496334
  0.12842984354382855  0.13594289541727322  0.14569551608884601  0.15967130980073166
  0.17530802183992872  0.18711229766598428  0.19569968203785801  0.20305169352977728
  0.21085740848607901  0.22065479023573573  0.23152119549598610  0.24197585074630459
  0.25294406348218101  0.26584801370751054  0.27722282878954246  0.28821937180414209
  0.30005601516617875  0.31183094415320584  0.32720066166375505  0.33968418445810777
  0.35038814853630945  0.36065614227941539  0.37068991588722427  0.38163845516180012
  0.39363482382115789  0.40538367757682936  0.41546059975057925  0.42680491789638997
  0.43759266270625896  0.44841636774583893  0.46006938294060579  0.47047271704436727
  0.47822265283924337  0.48499721184003358  0.49250332330260665  0.49867020013115332
  0.50416656592378528  0.51096771503323724  0.51944138938508788  0.53003531514685798
  0.54327177799402204  0.55508261915065171  0.56589909610123224  0.57716191891243351
  0.58978647869413681  0.60189806474443663  0.61238377114202958  0.62054195136463175
  0.62876751754352811  0.63600297005865192  0.64319732079121528  0.65145732435600723
  0.66140641269724709  0.66990883445314742  0.67716991603623122  0.68468800815149244
  0.69127862163371034  0.69844161274009475  0.70771826694303175  0.71821614827310343
  0.73110965796686223  0.74552016370623997  0.75797436419154651  0.76929945980975978
  0.78055626561419789  0.79217905892999774  0.80354475620337540  0.81507459884868705
  0.82872967355399785  0.84126057145484401  0.85267959424093998  0.86267516035511171
  0.87101609046357964  0.87783716424501712  0.88449314433471782  0.89433975430113599
  0.90543286591755590  0.91780389291376840  0.93319295641048250  0.94725130318377360
  0.96116433654005795  0.97490988204943430  0.98829263171173043  1.00000000000000000
 -0.00234633012386193  0.00920681406130454  0.01938825940271022  0.02536287311588420
  0.03044705027314392  0.03572598895292941  0.04074692884054043  0.05027996814279523
  0.06138291511735391  0.07323406453702816  0.08566392350530946  0.09942901019007033
  0.11074256743907696  0.12002093816350362  0.12492171296899662  0.13040060618793090
  0.13637913806319271  0.14313142137141505  0.15477624153700670  0.16917966775903448
  0.18377229308965581  0.19797033127578639  0.21318101491683222  0.22735810079351779
  0.24187612922509116  0.25674398424114980  0.27105353123953041  0.28096598684958368
  0.28823156688717982  0.29371990464417963  0.29920750931044043  0.30439214725769576
  0.31556009652397321  0.32818771629896532  0.33925198606995582  0.35060946998311276
  0.36141918216865937  0.37231951778684125  0.38192803061461156  0.39066702222095484
  0.39970722377678014  0.41065531753232137  0.42299734169761266  0.43465474477871080
  0.44712782237318133  0.46109749093951641  0.47184991246389257  0.48215827972841779
  0.49257827487231498  0.50531364201794038  0.51760624690377177  0.53011952376253546
  0.54212925613935292  0.55489184655168255  0.56670754082600983  0.57757611346722704
  0.58753989900566406  0.59664545523473966  0.60654268594529748  0.61660019416026546
  0.62499767964822051  0.63323223629809455  0.64181029575781268  0.65084970945224485
  0.66223793682160792  0.67427116402657994  0.68739177749832048  0.70142850062301343
  0.71475715493422465  0.72793868574557707  0.74094592421136207  0.75372742906513024
  0.76620428345362523  0.77722283764606681  0.78762060034838577  0.79696030791074923
  0.80688861431671444  0.81822644884405782  0.82893339492305296  0.83938107241805382
  0.84989464381065316  0.86090142706664863  0.87309335836181223  0.88646588042583274
  0.89956245378326516  0.91173452102656449  0.92312379376439313  0.93516650995670292
  0.94751842067908076  0.95973378947699406  0.96952671116794831  0.97735819963158421
  0.98398605995605015  0.98847394538222944  0.99449799892414203  1.00000000000000000
 -0.00220169439410279  0.00858164524197268  0.01945294279231922  0.03096120841835190
  0.04121472946771107  0.05043954516151045  0.05808228612398877  0.06696318799098461
  0.07689273254422713  0.08830286490087731  0.09917326935067824  0.10883234838456461
  0.11912433505729264  0.13084802528953071  0.14671709932887539  0.16357249701459911
  0.18036470800866852  0.19661702924827368  0.21101445451810422  0.22386273764597242
  0.23613029285028744  0.24765660489798411  0.26012314487778165  0.27430280232706400
  0.28330384493107980  0.29336157584539652  0.30407966854658369  0.31526757181742721
  0.32782109221948263  0.33990376863031962  0.35164408315855478  0.36338562815736553
  0.37366159215231831  0.38408495319887337  0.39237229249539685  0.39970782843103503
  0.40784227154346819  0.41519828003344961  0.42316533186260163  0.43437175606526973
  0.44512819810370324  0.45475170561907835  0.46586986895551780  0.47729948876407263
  0.48785171639850961  0.49811157708154619  0.50662021035299354  0.51493078399942405
  0.52443735428594151  0.53590867541413578  0.54627319279536979  0.55521723233340115
  0.56389197693103754  0.57252561011943537  0.58012215274878109  0.58877644895864512
  0.59774985024474669  0.60842386408296434  0.62170458165034836  0.63387494654670073
  0.64517710586514854  0.65212210083270294  0.65753952933416826  0.66372808472001998
  0.67179481420540688  0.67976084001713799  0.69031784996436873  0.70157094107151230
  0.71539712039693726  0.73052842592144196  0.74522067172044926  0.75728356730016588
  0.76835931997996354  0.77898332999258380  0.78905698753357456  0.79780623227147451
  0.80617950841089658  0.81555784618859806  0.82636489633528054  0.83490508275147424
  0.84131276291355472  0.84724905708395171  0.85599409109975122  0.86889721967292821
  0.88224163427676772  0.89527943315992031  0.90733052268725634  0.92019031095466486
  0.93360991886020950  0.94502545614855327  0.95392934111859606  0.96163901156184961
  0.96995259444743021  0.97934607378708871  0.98916371814618864  1.00000000000000000
  0.00009459495903632  0.00011883932169135  0.00014445923820674  0.00017059084706731
  0.00019305920339228  0.00021556015122853  0.00023815324505211  0.00026137765584593
  0.00028555363293740  0.00031172555995071  0.00033933956143155  0.00036590290290339
  0.00039070376332180  0.00041198026114224  0.00043309767980015  0.00045368903883975
  0.00047416460718523  0.00049290811262138  0.00051165161805754  0.00052747848582070
  0.00054405580290961  0.00056167414996945  0.00058095554918926  0.00060131595006051
  0.00062239496890738  0.00064294331876016  0.00066247477873143  0.00068217747407803
  0.00070210020395646  0.00072392682584703  0.00074696327660315  0.00076989645730786
  0.00079373885061489  0.00081658957926737  0.00084040493015373  0.00086576274596788
  0.00089368641894508  0.00092533573513211  0.00095665008571531  0.00099895704849694
  0.00104115391110120  0.00108420636966590  0.00112892964283128  0.00117548663722750
  0.00122105812927524  0.00126799642138720  0.00131965943084066  0.00137530944627038
  0.00143198895253108  0.00148815610186967  0.00154845364653832  0.00162203043953663
  0.00170403134737872  0.00179076940822073  0.00188251281808769  0.00197955638376747
  0.00208399910559813  0.00218537175010274  0.00227928079579499  0.00237019044771319
  0.00249183413465913  0.00261189497491590  0.00273594614762650  0.00288551648529822
  0.00307357422170766  0.00328120233732651  0.00348581725235093  0.00360929417290537
  0.00372882275122415  0.00384074322644826  0.00393943115681357  0.00403767250343725
  0.00424479976202454  0.00442984888565960  0.00456568949572068  0.00468641451270637
  0.00480605747488398  0.00492160520192998  0.00507007286226508  0.00524460744572772
  0.00551974884189894  0.00575968934675002  0.00601053922364911  0.00615167655227115
  0.00633263812770603  0.00665029183056716  0.00703095395666253  0.00750643098696593
  0.00815072304668636  0.00947499925569709  0.01057783010960438  0.01157694631810406
  0.01348907345037265  0.02104260905345496  0.48892605110540166  1.00000000000000000
 -0.00740262964819976  0.03510773140965927  0.05714468319372865  0.07135180032638355
  0.08501466572586304  0.09822384622810947  0.11069601960603305  0.12494907905929534
  0.13946115775457510  0.15338473184437454  0.17037515683620011  0.18549449515524566
  0.20104913558234527  0.21445738182228472  0.22586410876162866  0.23725144000369416
  0.24940464834456161  0.25986023561945931  0.26814664678870032  0.27621771281955759
  0.28575302954623705  0.29614013843043829  0.30655610286296409  0.31536830200749677
  0.32393082256023514  0.33355635302009773  0.34440750034351336  0.35146237739853670
  0.35803294353430803  0.36456095174187136  0.37118623753378932  0.38047935713140685
  0.39055629569055283  0.39964621950490969  0.40898541605818828  0.41888329232747173
  0.42870788638764495  0.43702353353158502  0.44392305608363070  0.45002691552322399
  0.45628755235893304  0.46352767080883334  0.47160637055379007  0.47831061625261151
  0.48431887760573883  0.49045910249214658  0.49708709207039509  0.50440820826047483
  0.51246612161879579  0.52173505936469156  0.53229264077602012  0.54178416506865656
  0.54960698934992402  0.55642631598848902  0.56270070711382558  0.56897345436797253
  0.57585191987549744  0.58379235991451905  0.59278263603519954  0.60089999752174328
  0.60856337874903943  0.61564948554607257  0.62254696468495185  0.63105602660471005
  0.64102111862904998  0.64881682103109606  0.65639473288123440  0.66478346494742191
  0.67479159324318227  0.68498121876130991  0.69487833984199210  0.70447872585103433
  0.71438788222927208  0.72215315080077291  0.73020870800742621  0.73920256982116062
  0.75042740913352601  0.75982031710001130  0.76651535328025677  0.77204047997836533
  0.77728384687552365  0.78309856826056112  0.79073498226176464  0.80323489883122889
  0.81867390810481133  0.83470583575535828  0.85338340037471561  0.87665090421909275
  0.90497881122108093  0.93214745796676735  0.94857802813151171  0.95636580741235500
  0.96636847020746885  0.97429661568178805  0.98426621613419107  1.00000000000000000
  0.04142333952463623  0.18626812693889905  0.25255674917079357  0.30320145069200055
  0.33485812348958516  0.35440012176572205  0.36923225886411926  0.38558329952347681
  0.39761647950927587  0.40830618597190321  0.41939958392076349  0.42808749596689494
  0.44593487586112995  0.45948215784720220  0.46709753153974387  0.47368451946587109
  0.47875413168031311  0.48528845802717102  0.49098977826619633  0.49643758305291757
  0.50150523961719207  0.50663880268040951  0.51486759428292239  0.52587486611786527
  0.53684291298306019  0.54773076302384294  0.55928746304880528  0.57214840850907012
  0.58500522691756252  0.59602225712870049  0.60506226794671047  0.61309221512929302
  0.61967290079110215  0.62542310678065594  0.63215259556602410  0.63907112834142443
  0.64468914330772187  0.64974548393245779  0.65356109424177455  0.65735223512289420
  0.66173583918625756  0.66756063855275560  0.67344041977608848  0.67989711388329688
  0.68548422485302385  0.69070769139612898  0.69443011954163913  0.69787744189220169
  0.70193393779189217  0.70641279316291872  0.71268094548646166  0.71707081868777645
  0.72239651431634910  0.72817595120570833  0.73441581054959626  0.74210479949597286
  0.75061635635073698  0.75929789058859143  0.76747806104743033  0.77482689411398897
  0.78220038368289369  0.78981057939531085  0.79615888278059488  0.80205055924060031
  0.80786981622291121  0.81470736219872841  0.82112542161115643  0.82701366432746160
  0.83290021323728436  0.83933060488292233  0.84593997779777785  0.85280954394061925
  0.85988179035327139  0.86742896986120765  0.87552773672904438  0.88285010987751655
  0.89040801548463577  0.89742953395756464  0.90484359390160218  0.91055414514961075
  0.91538567642814572  0.91995627819382375  0.92460255401328517  0.93013284254096862
  0.93586357713724033  0.94147607605740702  0.94746601288180976  0.95291022316855689
  0.95819965108848981  0.96316635288264874  0.96825637730185388  0.97338950972434124
  0.97879366255302236  0.98495603178128388  0.99206051948394880  1.00000000000000000
 -0.01641095794556284  0.08645127110164148  0.11928975601692193  0.14380595613352587
  0.16452200862850436  0.18087310928080094  0.19349154475199568  0.20463274272566540
  0.21485604610366221  0.22378436834644030  0.23211797664746059  0.24058486556472658
  0.24773085681670312  0.25562072882697623  0.26355467813431360  0.27161113823946931
  0.27960035465299893  0.28749928437898231  0.29606982817662497  0.30311710701105327
  0.30940241204058783  0.31590843094836080  0.32155571008333533  0.32663367366127544
  0.33186612147417477  0.33499977663137587  0.33804157600783169  0.34094804604927553
  0.34425299982119900  0.34900813294152272  0.35446164608676506  0.35952715587366613
  0.36359706147891491  0.36657083217258740  0.36963454228746306  0.37311173308019691
  0.37699408650723021  0.38378912523517200  0.39144628503384360  0.39994115935927982
  0.40815949186205969  0.41571324561997874  0.42280118047083237  0.42909065679252717
  0.43571922466184559  0.44204709828702743  0.44726031015218781  0.45223701430321445
  0.45712992750201847  0.46223376442435460  0.46825575549981163  0.47638601029069583
  0.48440813803147964  0.49276430649603242  0.49954435015978288  0.50355467374254959
  0.50718533589152814  0.51072870611637933  0.51390909789350014  0.51780654573346874
  0.52302647622410403  0.52885196245339827  0.53449230378454082  0.54003328466135780
  0.54542997683090122  0.55052719361301761  0.55550262282680019  0.56085728228011833
  0.56739380572034315  0.57437945645555388  0.58201666563414356  0.58927807723012571
  0.59643565062921711  0.60348249379583518  0.60951985883553539  0.61620116602671815
  0.62367831236761628  0.63233556631948473  0.64107714177093822  0.64925980431349317
  0.65675115587740718  0.66487627988531128  0.67486010948048669  0.68553581538177177
  0.69493249399085921  0.70351284663598934  0.71307011395331088  0.72333271517440589
  0.73331521180579828  0.74474975308058000  0.75720422892508343  0.77807851968420827
  0.80254379292036659  0.82621471165714444  0.86661960152663453  1.00000000000000000
   1.2306135087476503E-009  -1.0000000000000000     
 F F F F F F F F F F F F F F F F F F F F F F F F F F F F F F F F F F F F F F F F F F F F F F F F F F F F F F F F F F F F F F F F F F F F F F F F F F F F F F F F F F F F F F F F F F F F F F F F F F F F F F F F F F F F F F F F F F F F F F F F F F F F F F F F
  <DiscreteSampler_grid>
  grouped_processes
  1 # 1 for a reference and 2 for a running grid.
  10 # Attribute 'min_bin_probing_points' of the grid.
  1 # Attribute 'grid_mode' of the grid. 1=='default',2=='initialization'
  0.0000000000000000 # Attribute 'small_contrib_threshold' of the grid.
  0.5000000000000000 # Attribute 'damping_power' of the grid.
 # binID   n_entries weight   weight_sqr   abs_weight
    46   10   2.496011243868661E+001   1.800596982707928E+003   2.496011243868661E+001
    47   10   2.496011243868660E+001   1.800596982707924E+003   2.496011243868660E+001
    55   10   3.990689452079580E+001   4.701873422882284E+003   3.990689452079580E+001
    56   10   3.990689452079579E+001   4.701873422882281E+003   3.990689452079579E+001
    58   10   2.200479926127180E+001   1.002571859506855E+003   2.200479926127180E+001
    59   10   2.200479926127179E+001   1.002571859506854E+003   2.200479926127179E+001
    61   10   1.970903112742290E+001   1.109449901398669E+003   1.970903112742290E+001
    62   10   1.970903112742288E+001   1.109449901398668E+003   1.970903112742288E+001
    70   10   5.814279695404813E+001   6.019386763971993E+003   5.814279695404813E+001
    71   10   5.814279695404814E+001   6.019386763971995E+003   5.814279695404814E+001
    73   10   2.496011243868661E+001   1.800596982707926E+003   2.496011243868661E+001
    74   10   2.496011243868660E+001   1.800596982707924E+003   2.496011243868660E+001
    82   10   3.990689452079580E+001   4.701873422882281E+003   3.990689452079580E+001
    83   10   3.990689452079579E+001   4.701873422882281E+003   3.990689452079579E+001
  </DiscreteSampler_grid>
