  0.00010608623146809  0.00011365283491028  0.00012261752400964  0.00013203199527073
  0.00014121677953433  0.00014949552001009  0.00015706560824121  0.00016462182093658
  0.00017186192565591  0.00017970813327177  0.00018647340815488  0.00019328481280458
  0.00020052476910674  0.00020831691904809  0.00021729422755435  0.00022589155666394
  0.00023485864878235  0.00024385689885040  0.00025251353019100  0.00026095794765484
  0.00026918721183909  0.00027669622908564  0.00028405028690197  0.00029165755983194
  0.00029945101459063  0.00030849748230780  0.00031820925667523  0.00032797445092166
  0.00033609000995364  0.00034408411889571  0.00035256887794810  0.00036146715283020
  0.00037169375619780  0.00038321204869796  0.00039498738500780  0.00040686122780636
  0.00041779989751903  0.00042861055113975  0.00043904713099378  0.00045031324060190
  0.00046205301878746  0.00047326415554781  0.00048557835064556  0.00049875677241017
  0.00051216184219870  0.00052607900653868  0.00054039783548486  0.00055531180270988
  0.00057131208544578  0.00058760635483460  0.00060847503366927  0.00063103860403991
  0.00065318349488590  0.00067518825154720  0.00069639663740260  0.00071787126063013
  0.00073907534683612  0.00075959901886748  0.00078094325714640  0.00080434830329569
  0.00083067551940074  0.00085750153664255  0.00088254406972880  0.00090957734950755
  0.00094096815415365  0.00097418721518197  0.00100846275900531  0.00104532998459320
  0.00108447325112865  0.00112788398953926  0.00117639684022484  0.00123448724471198
  0.00129171331385464  0.00135388919349351  0.00141429854277916  0.00147394985256526
  0.00153058031725246  0.00159156633311337  0.00166641168647888  0.00175269552383436
  0.00184822060288997  0.00194167656124940  0.00204978490041587  0.00216901008221954
  0.00230182033044215  0.00246258411937506  0.00265304985871521  0.00287710122417205
  0.00318113159811413  0.00359150240887606  0.00409950387805444  0.00483150228992380
  0.00580054516122008  0.00876401487724471  0.07957689724151087  1.00000000000000000
  0.00000258560093410  0.00000307732075524  0.00000370937858389  0.00000442017806661
  0.00000514001831780  0.00000596781542701  0.00000692938353570  0.00000809633614090
  0.00000946682168301  0.00001091527495128  0.00001231826326543  0.00001390842627882
  0.00001572687401147  0.00001793879887507  0.00002051158219644  0.00002264478095937
  0.00002456560900556  0.00002649776828328  0.00002831043411322  0.00003062919546839
  0.00003339962275754  0.00003655595784814  0.00004045778474437  0.00004450691879613
  0.00004856443025579  0.00005225392804333  0.00005580545626255  0.00005956199836711
  0.00006385173635610  0.00006862168323788  0.00007386923672384  0.00007967338176543
  0.00008542234773857  0.00009191098746853  0.00009901373686660  0.00010616859140803
  0.00011391726967223  0.00012210749797161  0.00013035423883109  0.00013869934760351
  0.00014694727423261  0.00015476461948054  0.00016232748600067  0.00017015563335301
  0.00017798409849413  0.00018648405442369  0.00019611320626405  0.00020551402232694
  0.00021479780439972  0.00022459945106105  0.00023421770052230  0.00024444836988155
  0.00025462409948245  0.00026567494205992  0.00027661176725493  0.00028771914290494
  0.00030186636521588  0.00031740414707630  0.00033228704008201  0.00034702390597428
  0.00036106112798765  0.00037422261807645  0.00038819944201359  0.00040558338391355
  0.00042536027605861  0.00044739760470251  0.00047082819578793  0.00049524631195055
  0.00052025955673860  0.00055247276736166  0.00058722605270143  0.00062386055226398
  0.00066282214270180  0.00070088260526366  0.00073936219868609  0.00077474659232063
  0.00080862752209518  0.00084337139547416  0.00088235416843613  0.00092560790673525
  0.00096866152530807  0.00101919162358767  0.00108103763522903  0.00115689240954731
  0.00124581343127431  0.00133316227441371  0.00144633849031263  0.00158077031111274
  0.00179870551612765  0.00210159588107737  0.00252948857014621  0.00303582447701971
  0.00377786615249669  0.00559000650679122  0.06849272186534282  1.00000000000000000
 -0.00950968605650176  0.06481453529676340  0.11663551542223434  0.15922418107649849
  0.19293653752023493  0.21737708226074207  0.23702764433996223  0.25683823953785434
  0.27614977999158746  0.29287310288999846  0.30949148487705319  0.32571137948800249
  0.33952144538302953  0.35180591538706651  0.36336587902157397  0.37512290104972679
  0.38859857622265986  0.40138849325546255  0.40855031691211108  0.41544780411321003
  0.42225306566798554  0.42891213899742775  0.43780036955638668  0.44587471302678827
  0.45406351204156820  0.46311615610036877  0.47221403854410804  0.48012865818935113
  0.48677375272154561  0.49316011528560344  0.49973962343481282  0.50640702153895922
  0.51302192425225590  0.51912038433219654  0.52341164569608700  0.52710223814343948
  0.53076038216453403  0.53448083882128272  0.53924926103647541  0.54588066712198191
  0.55285671214910881  0.55965439195365974  0.56636125675484161  0.57298357238619835
  0.57969909456164948  0.58617086359037585  0.59212325087953266  0.59787766691749811
  0.60380692253883594  0.60980220382967498  0.61622967591999367  0.62323685804132911
  0.62981229769895686  0.63600466132355038  0.64221055273600181  0.64885627865415285
  0.65575558483126994  0.66237199719962603  0.66879709619494965  0.67505845250836161
  0.68157709270232902  0.68795076620619700  0.69349215573337808  0.69848915821509028
  0.70340913675397765  0.70865091469320496  0.71486469992465795  0.72177771930647372
  0.72890158536664829  0.73594921160820237  0.74215591019418092  0.74776393127842200
  0.75374749188255441  0.76082934364767363  0.76948902433964528  0.77797866354340561
  0.78509535456510549  0.79193643349045373  0.79876682994067605  0.80623577142738101
  0.81516427239259182  0.82478418640033369  0.83505419328186770  0.84546891078913977
  0.85624063419872376  0.86759083699813155  0.87865667682688564  0.88945265524628347
  0.90087343295731948  0.91299338164727128  0.92552188905500876  0.93881932659625433
  0.95352152304882898  0.96721426109692599  0.98117930257854247  1.00000000000000000
 -0.00286460862851222  0.01305846808138834  0.02546236048430486  0.03769777999208240
  0.04988918306455661  0.06270316605205627  0.07589673462201341  0.08782853534221202
  0.09957404204255639  0.11045721227694003  0.12117675315630931  0.13183610266259818
  0.14268815114380845  0.15671601933740251  0.17118206772461259  0.18480674674943368
  0.19988072398151963  0.21381330393702835  0.22561556860500406  0.23587070860504444
  0.24565012345738826  0.25653165537729888  0.26768895964431982  0.27745986436341541
  0.28633848292152009  0.29561755176599608  0.30550647188253377  0.31564626729928874
  0.32608411303398643  0.33676815289390144  0.34758321942007170  0.35878847697475458
  0.36805162223278604  0.37667012356649460  0.38452573455234929  0.39204470539406727
  0.40112730328589441  0.41274510297355932  0.42416158472311760  0.43533071664806072
  0.44684577327422509  0.45618877599806623  0.46455731374111586  0.47280075177608744
  0.48159158783429479  0.49281077824917019  0.50498633333365217  0.51678054992011957
  0.52916645203620449  0.54208059551070253  0.55519104081911830  0.56895762793608839
  0.58246552775941296  0.59460144770908463  0.60560637663253525  0.61666877864558611
  0.62826268223187254  0.63995291398566712  0.65139858905676851  0.66247450431346988
  0.67259951239183247  0.68175762391022698  0.68960839381142147  0.69678331842170715
  0.70456132155052154  0.71347814719752400  0.72231644621559354  0.73118699191190539
  0.73998289311519472  0.74911009595049549  0.75999606371061290  0.77101207973599695
  0.78150126194081182  0.79137634628682618  0.80119701090650508  0.81159962901681149
  0.82228757269197128  0.83185143114124616  0.84100615701181325  0.85062670704003507
  0.86159736486945426  0.87393736184542292  0.88635275166666116  0.89941110080144460
  0.91351704746765994  0.92428837338615699  0.93295173410419041  0.94161879916301450
  0.95012413453189981  0.95839353375321890  0.96713420445547327  0.97584084138464100
  0.98317030515509540  0.98907029975476124  0.99490218494443428  1.00000000000000000
 -0.00340036555852233  0.00635149803412968  0.01560732721615268  0.02302902622458170
  0.03303657897664750  0.04414651730222448  0.05532109780167788  0.06659788226315337
  0.07743274678114623  0.08865477899399773  0.09905494580916724  0.10803459653168396
  0.11603297277123531  0.12379711407577158  0.13375269611823323  0.14523149410124450
  0.15832340352521648  0.17191697810359291  0.18561067261718936  0.19773026344632719
  0.20973422514299161  0.22255461607778565  0.23589819105941326  0.24868084007691943
  0.26023429540633725  0.27105115129103768  0.28188415049361387  0.29189567621764306
  0.30080058665042858  0.30958278456309374  0.31886015917136373  0.32800900398081284
  0.33644083277154491  0.34503151782908587  0.35602963744327337  0.37157876883625890
  0.38400476053110377  0.39363433123425245  0.40265482528770691  0.41188114118787583
  0.42218952496377754  0.43296306524569622  0.44342504554836865  0.45397720448633616
  0.46467817321795313  0.47516593231451365  0.48502475445220766  0.49462458003510767
  0.50598004247195161  0.51862813784785033  0.53240740655506646  0.54396584196221565
  0.55381958329176861  0.56259785310128574  0.57129755788387215  0.58059475252696235
  0.59158193632835065  0.60459737261662794  0.61772929815117261  0.63093836441840501
  0.64271474352502100  0.65426494352040654  0.66631187732438302  0.67933505526210813
  0.69177249785450035  0.70279660686885181  0.71365783935180616  0.72427580872853059
  0.73470902865402810  0.74539100926128710  0.75604655375157159  0.76675846644798740
  0.77778290418615548  0.78970321060797422  0.79995861232698817  0.80854084332496923
  0.81491917545162817  0.82134727660603846  0.82797185884922064  0.83566470139855420
  0.84476719987097104  0.85439799011214701  0.86496221425421782  0.87540348558028169
  0.88632929504053515  0.89794758640618211  0.91046703376648219  0.92308727302604077
  0.93474327632825138  0.94585835942323970  0.95667548404023472  0.96426112631095851
  0.97304737106394756  0.98214726943746522  0.99099480017696073  1.00000000000000000
  0.00466736900778155  0.28716359837563415  0.35682560955447457  0.39695375413631517
  0.41110048840373931  0.42507389487990688  0.43779885084105641  0.44897640911816472
  0.46093050597563578  0.47183704400350762  0.48413439787034662  0.49577992932625048
  0.51419457424405779  0.53311139899287474  0.54602733864825037  0.56214260649353043
  0.57828906080343834  0.59773529919517576  0.61365002520563638  0.62724349912495070
  0.63822349858416572  0.64971478496630908  0.65795796245124161  0.66473383236722761
  0.67102105213645602  0.67663414231799601  0.68505488288902661  0.68982303505168718
  0.69485349271892904  0.69987859442762212  0.70419526075816363  0.70907596177723475
  0.71472191960996656  0.72025660788499590  0.72737719350469998  0.73757627442503648
  0.74823512459462627  0.75943861711834537  0.77066180499537063  0.77946553802435881
  0.78712953221992332  0.79427673901154805  0.80134813811527128  0.80839099815136883
  0.81480190356005677  0.82057985084537211  0.82647614623935917  0.83218271722824566
  0.83779836547487718  0.84303012944436750  0.84795716792224729  0.85260956614680639
  0.85710143736161548  0.86146369267580569  0.86592974633535247  0.87064348087032273
  0.87545877216686652  0.88010812198538957  0.88456730741169776  0.88885072927310893
  0.89326433757789769  0.89760323397090924  0.90168976408135593  0.90554826841279823
  0.90912315599998128  0.91250609396020155  0.91577722257497518  0.91896873498127385
  0.92210316597702158  0.92524723667914532  0.92846794730215398  0.93188084547874395
  0.93524261439586609  0.93847597305404229  0.94144039950734115  0.94418169321465761
  0.94679320187530247  0.94935999738190913  0.95209975381355649  0.95494921452492532
  0.95779405582819488  0.96052085998129633  0.96312238793706317  0.96567501639662767
  0.96818328783459684  0.97073588564184987  0.97335009664196803  0.97591358002257977
  0.97839252118614384  0.98088495074577897  0.98347380202915347  0.98613167734000184
  0.98898998303871810  0.99201649834012695  0.99564991107972567  1.00000000000000000
 -0.01278031485431698  0.07562768414615842  0.10370819203544361  0.12049496880914565
  0.13488508572068664  0.14910898015459514  0.16311117182657994  0.17515183931338330
  0.18494771053312450  0.19435587653994793  0.20235762436290750  0.21046065658181767
  0.21863647506503914  0.22815950908839205  0.23894448739960159  0.24943502307391696
  0.25848256139866305  0.26594031921649131  0.27278698971976945  0.27965899651610415
  0.28632967242737661  0.29266680370265336  0.29876359547498282  0.30450786378753469
  0.31024175805798032  0.31603310625103037  0.32189382157219609  0.32798015166661909
  0.33373627430754182  0.33892856460539578  0.34367460009279321  0.34817207424685553
  0.35360264884422488  0.35946682658718493  0.36501844340968304  0.37029569989744554
  0.37613777799692921  0.38284402164856962  0.38993389882723689  0.39728116303802202
  0.40472357268303072  0.41097644983314613  0.41609773859874355  0.42056987414241298
  0.42518354186754925  0.42998044805678826  0.43646814072179307  0.44241282141491800
  0.44836781614493165  0.45454620197670020  0.46106830383857017  0.46781924063827762
  0.47457686553653100  0.48173163616961806  0.48878389894703161  0.49589914424705800
  0.50125563850953203  0.50623422786722194  0.51102955656426763  0.51588446034764346
  0.52073387709940078  0.52543575773503126  0.52980898368905638  0.53338009998322466
  0.53831411333277068  0.54321072105381318  0.54840786947584252  0.55479739389358229
  0.56253851160469981  0.57152668621298686  0.58041431543639854  0.58776662061701823
  0.59397545610870739  0.60059681306457580  0.60802305106646048  0.61531036209136980
  0.62245948919107597  0.63008820501342089  0.63829610840282724  0.64658808465807294
  0.65536733555828897  0.66446161444181717  0.67396350345490097  0.68389835653568820
  0.69367939875060525  0.70371407669444663  0.71486080914080108  0.72760793842146265
  0.74089674859264332  0.75596322109436298  0.77481462920752020  0.79685634050084553
  0.81761805835833157  0.84194144975634277  0.88217481632290273  1.00000000000000000
   2.3322731410966183E-009  -1.0000000000000000     
 F F F F F F F F F F F F F F F F F F F F F F F F F F F F F F F F
  <DiscreteSampler_grid>
  grouped_processes
  1 # 1 for a reference and 2 for a running grid.
  10 # Attribute 'min_bin_probing_points' of the grid.
  1 # Attribute 'grid_mode' of the grid. 1=='default',2=='initialization'
  0.0000000000000000 # Attribute 'small_contrib_threshold' of the grid.
  0.5000000000000000 # Attribute 'damping_power' of the grid.
 # binID   n_entries weight   weight_sqr   abs_weight
    46   10   4.698484285671300E-001   1.115989768588014E+000   4.698484285671300E-001
    47   10   4.698484285671293E-001   1.115989768588009E+000   4.698484285671293E-001
    49   10   4.647946007973581E-001   9.964797433202000E-001   4.647946007973581E-001
    50   10   4.647946007973575E-001   9.964797433201958E-001   4.647946007973575E-001
    52   10   5.003534781298217E-001   1.545188296832924E+000   5.003534781298217E-001
    53   10   5.003534781298210E-001   1.545188296832919E+000   5.003534781298210E-001
    55   10   1.056767315317672E+000   3.945867722550361E+000   1.056767315317672E+000
    56   10   1.056767315317673E+000   3.945867722550366E+000   1.056767315317673E+000
    58   10   4.698484285671299E-001   1.115989768588014E+000   4.698484285671299E-001
    59   10   4.698484285671293E-001   1.115989768588010E+000   4.698484285671293E-001
    61   10   4.647946007973580E-001   9.964797433201997E-001   4.647946007973580E-001
    62   10   4.647946007973576E-001   9.964797433201961E-001   4.647946007973576E-001
    64   10   3.938751016174242E-001   9.317224655725086E-001   3.938751016174242E-001
    65   10   3.938751016174233E-001   9.317224655725042E-001   3.938751016174233E-001
  </DiscreteSampler_grid>
