  0.02466049426079543  0.03236985060510005  0.04223920199713147  0.05266149391270237
  0.06315405872615018  0.07321871422144044  0.08333329454533547  0.09363102116017512
  0.10384504508226684  0.11429584826102254  0.12516973172264215  0.13652779791529063
  0.14792301352485887  0.15939433103735229  0.17071229266225663  0.18157821149162168
  0.19172104640474261  0.20161242943261479  0.21095373492343653  0.22016664384062867
  0.22916008140831653  0.23831533072422115  0.24748731590235803  0.25688193685614785
  0.26650607331408138  0.27620607345575043  0.28602912825999638  0.29598369031216842
  0.30580654947608710  0.31566030358282460  0.32557683652871894  0.33583473261476232
  0.34631833435555254  0.35688477793045126  0.36736737701643274  0.37753042126317782
  0.38736912435867843  0.39722615917100301  0.40721691909661256  0.41740726900944208
  0.42741558175416994  0.43743482747457707  0.44746473310509127  0.45780750506911155
  0.46819888699609813  0.47845515984566711  0.48899568872059324  0.49914385014850310
  0.50908106410130749  0.51878468655228804  0.52940881994326860  0.54065063058010521
  0.55161587004234025  0.56198846877732445  0.57296700190679839  0.58361934077770861
  0.59442977374598505  0.60528167704614655  0.61645492232184018  0.62708508068123603
  0.63703962717174034  0.64693789753680830  0.65681194903045192  0.66646435352262245
  0.67603616166322156  0.68561832596903460  0.69586594000146174  0.70669848356257325
  0.71708604695843270  0.72699794750844404  0.73680921730391358  0.74634076117636550
  0.75583949427906250  0.76534512812649058  0.77571150571140834  0.78610854715219303
  0.79599354148699741  0.80557286149984797  0.81608438212117174  0.82722188102811223
  0.83774576638288845  0.84790280958642261  0.85815973799297407  0.86848902901348068
  0.87854294554107515  0.88808760301007528  0.89755218201634290  0.90709884045970868
  0.91677020819348010  0.92720281698040086  0.93730971946030717  0.94753817320397871
  0.95741660793295780  0.96492923553285170  0.97083961365768567  1.00000000000000000
  0.00974102504074346  0.01519894280846802  0.02379785661719629  0.03403349257898323
  0.04414568070836378  0.05422689297756236  0.06388220292519968  0.07358917631795786
  0.08351369704339738  0.09373460137334877  0.10400986859927658  0.11418309945469265
  0.12440085947291007  0.13482134834515380  0.14496128609508480  0.15481660621740737
  0.16454060385332792  0.17446415400988916  0.18479023896980196  0.19498999435420306
  0.20555422202242807  0.21555271460360231  0.22570875653593234  0.23605762965701862
  0.24713061931202263  0.25821832346935797  0.26896652773184698  0.27908475651261927
  0.28871319564276349  0.29845744353850484  0.30849499316462470  0.31878062371532989
  0.32898732737043412  0.33890542645614397  0.34891548383720739  0.35939731827647153
  0.37000001232557783  0.38043918941238503  0.39054571731585169  0.40108733002562041
  0.41268365146797253  0.42401562983859931  0.43566263086736823  0.44692770042068614
  0.45786027782555327  0.46834547148892902  0.47913331750443000  0.49024052272783913
  0.50103472658189874  0.51178310390362525  0.52266995546726847  0.53339201578674855
  0.54385629865057028  0.55438601750708683  0.56498040598836763  0.57564446318636375
  0.58661387720317704  0.59782505711214662  0.60896972975820141  0.62004577438353981
  0.63100403227843560  0.64196909394160728  0.65251038809508233  0.66259659924110570
  0.67242926069149911  0.68215268979229271  0.69222373807763005  0.70227462816195052
  0.71215088679894178  0.72199495158505189  0.73209465448010880  0.74226822035054085
  0.75249064728383852  0.76272447974530078  0.77327351199752126  0.78426874249067791
  0.79558420191241508  0.80712585598216702  0.81869793964101090  0.83016798105876921
  0.84115487049911308  0.85203653308450300  0.86313111623931293  0.87449550895999362
  0.88602962424330101  0.89750491162557378  0.90894979562278122  0.91993643854421925
  0.93077878764199951  0.94101140882373535  0.95096557144602423  0.96112446221143455
  0.97146934199451795  0.98176025892371577  0.99117812902099878  1.00000000000000000
 -0.00003703056565879  0.00034124860345571  0.00081477412025467  0.00144836095220454
  0.00230352798640920  0.00342226537134727  0.00474057426229728  0.00624209218069658
  0.00791093029703279  0.00974648884168222  0.01166920627355721  0.01372239825307072
  0.01593988206158594  0.01829072150751652  0.02082963410369392  0.02355296197718746
  0.02635789873465480  0.02931850099075908  0.03243996963630086  0.03556948736901910
  0.03881048694317880  0.04205452928498603  0.04550719157139667  0.04912277095845389
  0.05285589913131570  0.05686646308583890  0.06090141778765587  0.06509393372727662
  0.06938839475874731  0.07367064280340861  0.07791349701286900  0.08226855499894199
  0.08679762162016535  0.09136590469744131  0.09605145678904704  0.10109522347739128
  0.10627018862790161  0.11170649365638465  0.11725303315009078  0.12286470900102989
  0.12856132060775810  0.13438038938733146  0.14017590537722407  0.14590494917945909
  0.15168030321240675  0.15762263849539423  0.16378213438402214  0.17022565067630019
  0.17706207967770315  0.18406228134282882  0.19114737340801979  0.19821426698465536
  0.20513581838663983  0.21254696917025895  0.22024428213626601  0.22809487705565576
  0.23609048429108645  0.24406106936659464  0.25173084102903526  0.25991837525607281
  0.26839935320820119  0.27705457312762199  0.28616422450560763  0.29546229124974477
  0.30472583263049974  0.31449841951734192  0.32510069866586611  0.33529557890347644
  0.34617459486929308  0.35754908122024898  0.36916005338239088  0.38079242506789779
  0.39246341109803495  0.40427923418400841  0.41641402323531040  0.42928724873439866
  0.44282054607626159  0.45688262461100537  0.47142044010393974  0.48635736127941698
  0.50161163182400048  0.51986674139471101  0.53865717745843156  0.55833200999995836
  0.57956960700663340  0.60235267125821046  0.62717951571776798  0.65442656083301909
  0.68376453404027293  0.71530687579292673  0.74999397396718870  0.79096150919044927
  0.83730704893587860  0.89018201761231319  0.94518978807862741  1.00000000000000000
 -0.00245542431685494  0.00922186390280044  0.01950619305386728  0.03005880570639251
  0.04124709276456446  0.05262458371625981  0.06391782520779674  0.07477363849634265
  0.08526782276108917  0.09571771611797134  0.10608493548429623  0.11614963584573633
  0.12603147869344047  0.13597654522215083  0.14601977427478197  0.15627508687654881
  0.16693777482300315  0.17773915358994022  0.18868525442605971  0.19962761611847871
  0.21060584210503841  0.22164846773541494  0.23291095215639213  0.24461268089533197
  0.25625031017489297  0.26745412353443726  0.27873134413619494  0.28966710917187088
  0.30066835522411317  0.31135925387825025  0.32252251883336497  0.33362895225105882
  0.34422967586108749  0.35463717563729108  0.36494147847948544  0.37526136512645397
  0.38557203871118462  0.39560058477233345  0.40554917601405854  0.41529741580692253
  0.42518807471189707  0.43515336550939132  0.44519341764950959  0.45537002637658897
  0.46586616360942212  0.47649837007575463  0.48695337753591139  0.49747361689399722
  0.50821288130053455  0.51891757626492319  0.52886856250804315  0.53876778107338241
  0.54870691584148257  0.55854754243857119  0.56820254589695462  0.57818918437328515
  0.58853456636810131  0.59953573363712276  0.61083901243405081  0.62237216164000519
  0.63342370807836268  0.64406908805049423  0.65517849579331988  0.66661744400600265
  0.67798219559374207  0.68903902400745953  0.69965026516541073  0.71001525517561903
  0.72026469187246300  0.73040987310337702  0.74059880249631194  0.75097789404261361
  0.76144129584090248  0.77169203015981624  0.78178819679863620  0.79203662193737334
  0.80241782634659931  0.81278510621327804  0.82309070498384751  0.83327702575903373
  0.84359106959362984  0.85419795785202512  0.86475436593209454  0.87510741051097396
  0.88520687420678812  0.89515087175713293  0.90476950333562811  0.91444021217365734
  0.92464536764585092  0.93501860225480737  0.94559631701133195  0.95629396284505808
  0.96698096353996643  0.97814641732919971  0.98909714806643401  1.00000000000000000
 -0.00234852802995414  0.00985205641142357  0.01966982504707782  0.02976586695799028
  0.04002602297874699  0.05022732955117783  0.06006870359605371  0.07016044089194917
  0.08076050533771020  0.09135270553787034  0.10171025278035939  0.11183854335502662
  0.12166096108918799  0.13148755792870834  0.14100787160598399  0.15077563489407367
  0.16111422929023780  0.17227278516151781  0.18375855746011213  0.19505534351187920
  0.20641883083266616  0.21793139230518696  0.22920778464467467  0.23994861225653727
  0.25063702644798053  0.26157711377391285  0.27276863373223531  0.28398911966763157
  0.29515947440277157  0.30632266288343291  0.31738197876648588  0.32821649823783511
  0.33876644673551132  0.34911444062276986  0.35952341035934260  0.37011860235908151
  0.38112507727383199  0.39206496903659094  0.40300082681828830  0.41369187666633084
  0.42422062512405867  0.43459123349894407  0.44467444526834893  0.45466855917802579
  0.46482812226797948  0.47478634792853264  0.48435453091556158  0.49358332310889713
  0.50303255247009349  0.51316290754001381  0.52380525724879445  0.53482707888532166
  0.54606448877202685  0.55737669558726477  0.56867419916969819  0.57974477677676317
  0.59028310878222356  0.60006414620761228  0.60967344414427094  0.61950292440447219
  0.62942705550883826  0.63898653496471980  0.64864804789973096  0.65883404665821166
  0.66968705577181264  0.68083239634245651  0.69197395364827252  0.70323451951735005
  0.71421244996301592  0.72491849990998480  0.73566996189814782  0.74602506028629967
  0.75654662187381205  0.76691332114207444  0.77761787726333165  0.78865303974838108
  0.80007295035592108  0.81112874858136264  0.82151884635376049  0.83154206074159032
  0.84178002360648785  0.85198425460699545  0.86216610201112853  0.87206801400916856
  0.88208585996085875  0.89226015765837319  0.90285269042595095  0.91404464650325090
  0.92535538418375773  0.93646306095692156  0.94707704126797942  0.95777079188978720
  0.96872806449059101  0.97963936044008637  0.98980658754554940  1.00000000000000000
 -0.00273518116079645  0.01014658189043028  0.02103328079918419  0.03174574578180855
  0.04240798150871184  0.05295278246162208  0.06360931865428628  0.07369249479648257
  0.08345453966480999  0.09282037485001424  0.10287874800142906  0.11341564183317385
  0.12410905352734200  0.13521510245315621  0.14578398322897190  0.15679090057533049
  0.16783590106811216  0.17908377906503398  0.19038245120080161  0.20159648417670054
  0.21260341039737932  0.22353026547091523  0.23418926499980408  0.24475905417453431
  0.25544604749998118  0.26612072144202653  0.27632798182191970  0.28605542993710736
  0.29575501331762444  0.30564209667409592  0.31593310295973948  0.32657509090843501
  0.33738662418741222  0.34810235416501467  0.35866493437577263  0.36940937037185362
  0.38007884430776756  0.39048246833236072  0.40071842038467759  0.41090403205446618
  0.42098955669809662  0.43090290340745291  0.44092412073314513  0.45067562998581934
  0.46032630938868874  0.46996539721648345  0.47996598202466739  0.49064238595381715
  0.50156996284942812  0.51285062595281994  0.52452387835615466  0.53642334387135804
  0.54802829678318721  0.55906608849670714  0.56984605972062197  0.58047852324904226
  0.59097801139454764  0.60138528743834130  0.61167262977586967  0.62186945688382222
  0.63205405013787641  0.64253288089488059  0.65302837962620652  0.66339350803553843
  0.67335499864393988  0.68333660971994481  0.69375013780862205  0.70475038999101614
  0.71576058409792354  0.72641392094217083  0.73712283151403646  0.74791987543779481
  0.75894422349404100  0.77025068415942455  0.78173941616740750  0.79324520938528043
  0.80488191644008622  0.81616417625787585  0.82756634890148617  0.83856690865819472
  0.84903497641747394  0.85865978961993494  0.86812100319477248  0.87795096764571856
  0.88780482873445099  0.89744499686276336  0.90674471508727472  0.91631342484405953
  0.92660244554991500  0.93736333374624126  0.94781544193431955  0.95819131914297428
  0.96867571317263546  0.97920438550581379  0.98955581404332971  1.00000000000000000
 -0.00221586972962230  0.00977831401162877  0.01985500270298694  0.03009882774637667
  0.04011412994991224  0.05042899310516029  0.06121817385675157  0.07209062061452344
  0.08286894556555033  0.09402153285206379  0.10590429233406486  0.11810311505702173
  0.13038242472073194  0.14244611164142312  0.15402465691649289  0.16548772241142509
  0.17751908967180360  0.18986530839851826  0.20208028042852333  0.21367554441343745
  0.22448755480728028  0.23490638374953490  0.24499418938855147  0.25476894300813885
  0.26420028812575092  0.27366642928755686  0.28352577479232349  0.29369734020568228
  0.30409764052810784  0.31447291236476860  0.32467044048461935  0.33483971967677117
  0.34531616508084728  0.35612856386176872  0.36730409067158648  0.37832017326805528
  0.38863869890814678  0.39840111200365236  0.40790019851249076  0.41768879975502682
  0.42792677094221010  0.43833277395166703  0.44881243688924588  0.45905592886505187
  0.46899939992637107  0.47868076565953377  0.48827969503982366  0.49798816536186175
  0.50830234201821733  0.51951382598034557  0.53055885226668442  0.54106085543176330
  0.55103688066222123  0.56094456222769784  0.57137411992790321  0.58163721806068025
  0.59182013734547567  0.60169911004344701  0.61164376894832906  0.62171462899117080
  0.63178033037755688  0.64178830189772296  0.65189984231580889  0.66218440610464846
  0.67284067487569144  0.68400853745217816  0.69464716532346460  0.70483437707510277
  0.71489778143178695  0.72525279952255206  0.73616199788543946  0.74737567906933200
  0.75879098872954742  0.77029694200443721  0.78112620305764591  0.79156458776624161
  0.80170049541508015  0.81180626314061277  0.82194103825952480  0.83233172568800684
  0.84312008705631036  0.85415737461162211  0.86507831362345444  0.87640638637893276
  0.88787138003986421  0.89889109617907859  0.90920836412982609  0.91952970638007780
  0.93021785734015772  0.94087277316901385  0.95145604972328168  0.96184813250010026
  0.97189552594036022  0.98146744621604154  0.99057346761641896  1.00000000000000000
 -0.00231718171151724  0.00864239991537082  0.01829395805894339  0.02847569463274343
  0.03914399309446200  0.04971268467020343  0.06064649646886898  0.07126240723041004
  0.08231477619137541  0.09280953319745010  0.10314935890574432  0.11324683670415607
  0.12305418151424474  0.13304337080957551  0.14270608208450372  0.15244652345009047
  0.16249727230527383  0.17283977164097153  0.18352848504029542  0.19448952934522809
  0.20539727928100071  0.21597718908667318  0.22644071847973338  0.23758044348286914
  0.24925572152887165  0.26041458509574200  0.27230578627554552  0.28305025535483685
  0.29374747578473975  0.30376914580234921  0.31422792080005252  0.32422332097481399
  0.33395788417036376  0.34390828014804059  0.35382867785071787  0.36429156452992117
  0.37385905788041401  0.38394038677193287  0.39407354338388989  0.40523890001771368
  0.41670324070947806  0.42768377408461400  0.43864305682975924  0.44927540321014131
  0.45986722026656840  0.46973914880452167  0.47940836808296317  0.49019020554197118
  0.50095488285361311  0.51184769230760618  0.52251981114982338  0.53309829837735201
  0.54396896798861905  0.55483296012019057  0.56558975252635235  0.57616485355464697
  0.58651522680786328  0.59761995923908762  0.60901143031979743  0.62013259121861586
  0.63094213499089857  0.64110056016657635  0.65126912782681234  0.66121775990407594
  0.67159214888761809  0.68215851528346649  0.69255120571725304  0.70271301938390884
  0.71308479516505163  0.72379929544980537  0.73439411213957184  0.74463162590314003
  0.75478833468393458  0.76520658387886509  0.77578977690498330  0.78619633043627857
  0.79657172480947358  0.80726328203952180  0.81754486312365715  0.82772999073929321
  0.83795581033647903  0.84841448934087915  0.85920238523226178  0.87004983546430048
  0.88150222537203482  0.89241600596890314  0.90410667552115165  0.91564537774371180
  0.92695109742644910  0.93845403732493637  0.94918806494018571  0.95977083525215656
  0.96976545217772359  0.98012826055674285  0.99012990508890730  1.00000000000000000
  0.06809386120451835  0.07900112778805718  0.08901290412500579  0.09936878313728544
  0.11039273811338271  0.12095912266072975  0.13056249106856863  0.13931976544879951
  0.14779579929890646  0.15504852636283778  0.16218344350352973  0.16918070138465502
  0.17616688857345400  0.18303801569741138  0.18991972668041596  0.19661417497056088
  0.20317781567437507  0.20941589537925712  0.21554149596090671  0.22178080603938577
  0.22817458756370645  0.23471500280442187  0.24122483986202833  0.24765821028142118
  0.25426871335238632  0.26105683641624589  0.26791817549204877  0.27559131680470483
  0.28453422661690331  0.29301246234289852  0.30084838801331415  0.30874489511252784
  0.31658691922172499  0.32416802667235750  0.33171712583410073  0.33930135469977812
  0.34706799848124914  0.35511070705260539  0.36312795013972249  0.37099030171085379
  0.37870505842499402  0.38633822232834747  0.39394235651001736  0.40153920679850563
  0.40900362262513168  0.41617893979655196  0.42347182325853905  0.43049343731938167
  0.43779586017492411  0.44478672331478220  0.45199902955072924  0.45963668613252084
  0.46762726718657371  0.47565612922564943  0.48373773751241950  0.49176440760017603
  0.49979073851389277  0.50789640724713991  0.51620139165981282  0.52478545910389252
  0.53349409194124986  0.54224266573238067  0.55065830172877406  0.55905462052313304
  0.56744726237772325  0.57633448659995012  0.58505719094465058  0.59416256769540232
  0.60306620604857142  0.61356884694746594  0.62413463109053746  0.63418693735436293
  0.64429284237615292  0.65499857844395148  0.66592080579241464  0.67690859011564097
  0.68738824386865804  0.69749531284936872  0.70744889076580642  0.71781439879858266
  0.72899637801775807  0.74110601649771790  0.75392769020819828  0.76716652090649395
  0.78105848475595041  0.79561511367159909  0.81020126662514225  0.82431248150480296
  0.83882215432233775  0.85423415920331891  0.86991500236280395  0.88713926816784994
  0.90660670545991218  0.92848773664078532  0.95538669821416622  1.00000000000000000
 -0.01835199845976294  0.12026081787495173  0.16764921564536758  0.19726497098832108
  0.22086494461965830  0.24141879345081460  0.26012957994832392  0.27714542882639659
  0.29233790321855568  0.30674393751092432  0.32009201336914472  0.33302880246316541
  0.34560090587874875  0.35739557466398125  0.36850371549850847  0.37911427911158579
  0.38923724096117152  0.39890464733449438  0.40831754827721600  0.41764552410374767
  0.42686296717443240  0.43595087326643239  0.44471669249331930  0.45332964724185665
  0.46188308363245284  0.47048265415105139  0.47862556821564639  0.48603656519609900
  0.49298993087894943  0.50003333567882668  0.50729203388534172  0.51449424755752782
  0.52156677910766369  0.52827338378558553  0.53473974278671610  0.54103897757734465
  0.54750146306231917  0.55398454146250031  0.56059285761337141  0.56716774161443440
  0.57396196324915227  0.58072877359123698  0.58734991301782913  0.59380906269031564
  0.60014475842543813  0.60635912311817108  0.61245200968329205  0.61858305987397233
  0.62468301340705290  0.63068814496473347  0.63664003244840373  0.64255422415294572
  0.64803203586881741  0.65321100141598798  0.65830118704506668  0.66346660716275896
  0.66880913432626032  0.67424759657575084  0.67965463774705070  0.68504089542295821
  0.69035367085725319  0.69571180654726106  0.70091528854694041  0.70617619673955856
  0.71138956664601583  0.71653801139112550  0.72170405349415168  0.72679144011510100
  0.73182861932965182  0.73684632978493636  0.74185577483780285  0.74685269163790247
  0.75185556550265520  0.75697850610381201  0.76207590595276198  0.76721487538925615
  0.77248691108613288  0.77791656075555116  0.78341018383793259  0.78912701100262783
  0.79521979445714730  0.80158118883379992  0.80799987725438049  0.81463127136382540
  0.82162654231399124  0.82885850197473543  0.83633186145120886  0.84407654209489225
  0.85223644663865439  0.86143933184177013  0.87137411553623967  0.88197846139675962
  0.89478053923127465  0.91236033776666370  0.93992763730757911  1.00000000000000000
   1.2243695554112363E-007  -1.0000000000000000     
 F F F F F F F F F F F F F F F F F F F F F F F F F F F F F F F F F F F F F F F F F F F F F F F F F F F F F F F F F F F F F F F F F F F F F F F F F F F F F F F F F F F F F F F F F F F F F F F F F F F F F F F F F F F F F F F F F F F F F F F F F F F F F F F F
  <DiscreteSampler_grid>
  grouped_processes
  1 # 1 for a reference and 2 for a running grid.
  10 # Attribute 'min_bin_probing_points' of the grid.
  1 # Attribute 'grid_mode' of the grid. 1=='default',2=='initialization'
  0.0000000000000000 # Attribute 'small_contrib_threshold' of the grid.
  0.5000000000000000 # Attribute 'damping_power' of the grid.
 # binID   n_entries weight   weight_sqr   abs_weight
    31   10   2.059066676644161E+004   6.178919389191309E+008   2.059066676644161E+004
    32   10   2.059066676644161E+004   6.178919389191319E+008   2.059066676644161E+004
    34   10   3.853174034549608E+005   2.163759357990836E+011   3.853174034549608E+005
    35   10   3.853174034549610E+005   2.163759357990838E+011   3.853174034549610E+005
    43   10   1.100328077800412E+003   1.764477397966084E+006   1.100328077800412E+003
    44   10   1.100328077800412E+003   1.764477397966086E+006   1.100328077800412E+003
    46   10   2.059066676644161E+004   6.178919389191313E+008   2.059066676644161E+004
    47   10   2.059066676644162E+004   6.178919389191322E+008   2.059066676644162E+004
  </DiscreteSampler_grid>
