  0.00000054299460790  0.00000080000582900  0.00000107378565319  0.00000141802532407
  0.00000177469495680  0.00000214235116332  0.00000250651078855  0.00000286353509038
  0.00000322256877851  0.00000361288655500  0.00000404541255451  0.00000453473434992
  0.00000506857443861  0.00000560769552896  0.00000613708519088  0.00000665070355182
  0.00000711477878451  0.00000756706752565  0.00000803120587005  0.00000855790739159
  0.00000915913480310  0.00000974508218379  0.00001034364116037  0.00001093554237493
  0.00001151904589183  0.00001213014324181  0.00001275187198272  0.00001337122053338
  0.00001397580270950  0.00001459529404781  0.00001520545931624  0.00001579788126418
  0.00001640993458028  0.00001705258397148  0.00001770654986085  0.00001830596416963
  0.00001891539478447  0.00001946311860462  0.00001995497486487  0.00002039924768058
  0.00002081518147798  0.00002121501020385  0.00002161239243385  0.00002201423693568
  0.00002241309642727  0.00002283471662268  0.00002325678601873  0.00002367966676470
  0.00002411637869152  0.00002455688805637  0.00002498335592029  0.00002539055388777
  0.00002584341327780  0.00002630875206824  0.00002675424660571  0.00002716374688954
  0.00002755711757369  0.00002793081369260  0.00002830249772640  0.00002876401424618
  0.00002931328275308  0.00003120140659526  0.00004659549564421  0.00004785761536605
  0.00004889847977205  0.00004982117428176  0.00005067913546629  0.00005152819617059
  0.00005239804704585  0.00005319725817171  0.00005399494329876  0.00005486683217001
  0.00005580723040142  0.00005682617673815  0.00005794491874523  0.00005916001987281
  0.00006044339506742  0.00006204960958970  0.00006408236954310  0.00006645344201027
  0.00007009147737965  0.00007491338871004  0.00008058221285357  0.00008711801154907
  0.00009487712964183  0.00010485561643401  0.00011837058798728  0.00013543284037119
  0.00016064985293818  0.00019637905057303  0.00024424718731630  0.00031419164559576
  0.00046507623449147  0.00089918545570373  0.08211949304551708  1.00000000000000000
  0.00932034836743494  0.02028451787515641  0.03543480229902850  0.04598193991490340
  0.05431414869197821  0.06346302101692321  0.07255887952904874  0.08099300791225300
  0.08871813093446999  0.09597619066610759  0.10358331513638301  0.11320883664024986
  0.12256954420259047  0.13165715806698530  0.14147616576429328  0.15208540814262708
  0.16209062577412997  0.17115418841918195  0.18005275688734004  0.18919819069669605
  0.19935510713612298  0.21104827630945508  0.22335542813751880  0.23470570373476957
  0.24479232800619677  0.25457898363029047  0.26556151083217766  0.27722969964685995
  0.28901582237414108  0.30056379059193356  0.31205992945806205  0.32508253912617241
  0.33727383571835456  0.34738604008777141  0.35827497761834382  0.36973501491838212
  0.38130794428950804  0.39222596685745531  0.40340508598906349  0.41480778981258271
  0.42541248329206383  0.43638952136876025  0.44731082741081574  0.45845784507666193
  0.46899983036850951  0.47915323899767365  0.48819944859074155  0.49706117753695522
  0.50588614224247641  0.51422102677586490  0.52287111359661098  0.53065656597401978
  0.53824608751747172  0.54567882063965523  0.55421878634555921  0.56267484305088922
  0.57119812223001187  0.58028804042755167  0.59021211421327113  0.59957738977118236
  0.60911056678566400  0.61975667763563069  0.63141706384325502  0.64299953494957496
  0.65359764307388102  0.66349283992979768  0.67456809201521939  0.68613460413760319
  0.69909672848904814  0.70987463334102019  0.72104772770924175  0.73076554080907163
  0.74029134193818313  0.75029962943253903  0.75917516462214973  0.76665916394323563
  0.77489208435946377  0.78381811816749736  0.79237750679804253  0.80252610998570095
  0.81343042759969419  0.82356149840863835  0.83381134215075270  0.84489271417208167
  0.85706035039949235  0.86971931916479706  0.88210333221321835  0.89363930582208650
  0.90665539455405963  0.92133173658679346  0.93617300848184237  0.94893085189257287
  0.96092471842194527  0.97308456589557057  0.98621027921347115  1.00000000000000000
 -0.00002010338473196  0.00030312448569973  0.00085385239075536  0.00182077248795649
  0.00338388792848878  0.00539509850648065  0.00799346875807668  0.01023222071992329
  0.01277261601984516  0.01596553641665461  0.01953208878981908  0.02312540183900343
  0.02634385650898748  0.02979468918279277  0.03355190648781321  0.03708358619957786
  0.04082614148009074  0.04510772245455132  0.05142260287171915  0.05781425242491775
  0.06346847612772155  0.06916803523009185  0.07536124372590972  0.08288949628750453
  0.09124978749337589  0.09929328348194978  0.10678465103852275  0.11373860030099923
  0.12041481484401771  0.12726510942065417  0.13375221484936489  0.14003337631748225
  0.14658736869807398  0.15320063576350279  0.15986797293036861  0.16653992373107007
  0.17344270048075727  0.18062589004829604  0.18659290328479486  0.19265252053940557
  0.19830690038220380  0.20543840951893449  0.21510444508441615  0.22368397004257060
  0.23083796967769837  0.23763524393735819  0.24503008336467771  0.25310661442723026
  0.26158449140961987  0.26984885656742874  0.27810176589989732  0.28700628394649463
  0.29604846375854671  0.30538445967873418  0.31558703514416347  0.32940301954706969
  0.34395734324940280  0.35895035236595951  0.37420547488548694  0.38777535855976231
  0.39987855801078598  0.41117179549016453  0.42232188791396802  0.43386421613059634
  0.44579949414239989  0.45819337420878464  0.47129244076102722  0.48490256592311359
  0.49803429191529430  0.50994031651514471  0.52166958680617659  0.53450730649467060
  0.54945472400246120  0.56493078367531602  0.58077319346405809  0.59764461873212715
  0.61586648236076058  0.63392964512334804  0.65198494606849056  0.66785101122043777
  0.68241556730005482  0.69715563281562809  0.71155608865918785  0.72593361506132614
  0.74316721912244865  0.76034398691293870  0.77840525999488486  0.79913066806730959
  0.82175073605916216  0.84515486205930423  0.87043104712171260  0.89369161471552383
  0.91923127318951769  0.94582658278350917  0.97209117849889359  1.00000000000000000
 -0.00166628197398114  0.00865187174956470  0.01782455287321401  0.02594753366687826
  0.03451840480236420  0.04347054189617181  0.05127525855699222  0.05895486742844238
  0.06716858695092051  0.07553342913317060  0.08392372867954276  0.09478369935464859
  0.10519016474441356  0.11497085133469243  0.12421500661670155  0.13248697306452878
  0.14145547080169871  0.15059068257422062  0.15987097527277400  0.17200617606526469
  0.18275416062745195  0.19314384209321520  0.20295182454284277  0.21159137180941626
  0.21948255273475614  0.22779567813453871  0.23751973770046525  0.24892459957182636
  0.26022641211182690  0.27140805589079930  0.28364755525252577  0.29553794874497441
  0.30659765576687775  0.31745662234118271  0.32804325135063506  0.33954400803924034
  0.35152913035378119  0.36198921997622668  0.37364061585458963  0.38637062820136014
  0.39819996243334072  0.40967265069440845  0.42061121355911713  0.43225436252753102
  0.44257365559666406  0.45220235955992533  0.46167141738107131  0.47077536447021717
  0.47924587117608936  0.48771726193826653  0.49720491865488131  0.50870106240925850
  0.52053241126843774  0.53122486937875268  0.54228356573757019  0.55395283783851157
  0.56527534004475921  0.57596632527095626  0.58655477206769757  0.59826202771029779
  0.61060421153952349  0.62144736853874583  0.63084453812297525  0.63974154140096695
  0.64876318026304247  0.65798913246732704  0.66680547287178038  0.67615806516216970
  0.68642593939440710  0.69831093815575995  0.71086333572956140  0.72153918807553630
  0.73208918713066173  0.74224479813842337  0.75301829100835782  0.76497710529003216
  0.77733408774869839  0.78941514323207895  0.80069852039363065  0.81090405479863359
  0.82180312134950162  0.83462664700557321  0.84579259569247545  0.85625118051774762
  0.86681000318815682  0.87873734649262025  0.89181393967443323  0.90590393918527867
  0.91940477141196231  0.92943054681077342  0.93804886766598705  0.94766080607706693
  0.95725364327888685  0.96726559987306227  0.98311501757997144  1.00000000000000000
 -0.00521144946053430  0.01542957143364307  0.03193019423727706  0.04645240904699580
  0.06019344600487288  0.07080178358163843  0.07787125720753585  0.08431467248878392
  0.09053456981061736  0.09668107243304841  0.10492878874473849  0.11304127770378719
  0.12055256379929752  0.12817567613193206  0.13699716421096589  0.14653185981420094
  0.15526781747685850  0.16438275228290658  0.17386345265515410  0.18301071199788466
  0.19229926524701896  0.20298718160670523  0.21470773222571302  0.22735575318581827
  0.24191065837359982  0.25594214805702137  0.26786911250216761  0.27857513643018533
  0.28826509998607025  0.29795837088858779  0.30795152570564899  0.31972675879928780
  0.33227055865303445  0.34589795476682933  0.35852554775180207  0.37082112331900535
  0.38303344921086635  0.39597562033555311  0.40819974679836385  0.41871533479751383
  0.42798491947597750  0.43719123333082749  0.44700787783801882  0.45694521982460895
  0.46743263928844303  0.47950042589556102  0.49353837237164738  0.50702870912377296
  0.51884371524274586  0.53001359611670895  0.54167105227543111  0.55391436827457330
  0.56488533289650567  0.57350719046582210  0.58221901463196213  0.59192071393824974
  0.60117044534933906  0.61003680479998046  0.61959393282902309  0.63126872921674793
  0.64416920114089860  0.65625575390574897  0.66681015344076255  0.67806491082809384
  0.68876837394498336  0.69994449642050793  0.71294722691840451  0.72689225158690352
  0.73921999779154435  0.74923272181341771  0.75807326575691114  0.76660206789998520
  0.77522712315867359  0.78431703780355400  0.79360939595089552  0.80245733699001698
  0.81136213953617065  0.82052646432826815  0.83211878520321869  0.84335728509797681
  0.85335062639847625  0.86256707805925992  0.87203723253174581  0.88148203439658146
  0.89127359166601827  0.90140628869550554  0.91175703581902190  0.92244466795025426
  0.93391732049052134  0.94633407791695989  0.95864097648114055  0.96751072731674337
  0.97621360841870741  0.98391700388688119  0.99159151959709058  1.00000000000000000
 -0.00165243730938347  0.00820700242612143  0.01636342409064901  0.02648686136961571
  0.03686357841134710  0.04676580140117066  0.05741474250156971  0.06707553057563471
  0.07468177499051616  0.08194898081804954  0.09029769719246952  0.09859509684466515
  0.10659127288074630  0.11459784735040936  0.12252781531984987  0.13296713256775816
  0.14518983499789506  0.15550089386445098  0.16533641326655266  0.17555550764205588
  0.18585342448660008  0.19531889031943644  0.20474262257411446  0.21496617998795703
  0.22703686321497174  0.24132549498345610  0.25425296352423798  0.26385923126335104
  0.27317496611083691  0.28256598550096435  0.29240560346257588  0.30219263192693552
  0.31178544887940413  0.32129225753353163  0.33263344193315980  0.34357190301298896
  0.35305979693375550  0.36349995542776770  0.37236741385091643  0.38164402790258151
  0.39179320946152008  0.40311249369283547  0.41463300862323754  0.42577649347181284
  0.43663771111829547  0.44796961344665842  0.46172860155913070  0.47357061971363251
  0.48616806656842043  0.49833861829935283  0.51243361298843071  0.52455013606242817
  0.53434716635596424  0.54298398803141434  0.55133940482382071  0.56005422064622312
  0.56963274801602548  0.58037459447513551  0.59237095615477720  0.60455882069404010
  0.61479507214898510  0.62336386404256749  0.63256469171573138  0.64185810653348729
  0.65020613471143807  0.66175736233701632  0.67342783648517923  0.68460793992223334
  0.69554066842705697  0.70634489230857478  0.71656283249204411  0.72649181359982384
  0.73727439229813030  0.74862947999593843  0.75968387935592485  0.77071177212571773
  0.78268279125520301  0.79598213631677828  0.80839060773156868  0.82039665418914076
  0.83250420521611324  0.84531136231122683  0.85732769727047398  0.86723477510200275
  0.87748307908481082  0.88702530555863934  0.89573445606577440  0.90475054384659193
  0.91325484258616674  0.92281609415204313  0.93396476762308001  0.94669048922709020
  0.96061951519050848  0.97353151979925501  0.98585840572582117  1.00000000000000000
 -0.02232987957152170  0.18518102888270008  0.25904091958177555  0.31332248627090747
  0.34936431490960729  0.37065047752817348  0.38617285923505101  0.40232427356371547
  0.41771002938976898  0.43346313234994882  0.44838637054884917  0.46238198998713304
  0.47537757267747988  0.48747032977844873  0.50020167486338585  0.51110637798392200
  0.52150490748451805  0.53041620428315761  0.53883674617201194  0.54664558540010966
  0.55485293161815086  0.56255850086167036  0.57232158636942132  0.58172751293358260
  0.59128896616630711  0.60038391105484179  0.60934650761877840  0.61749464699373113
  0.62467202216000661  0.63179807513745256  0.63883681694143724  0.64533472726488006
  0.65315709057477644  0.66118988314917138  0.66897721295470325  0.67620733267018307
  0.68272309116983121  0.68852183976362780  0.69386407480949275  0.69918276349506503
  0.70471643224345415  0.71050099388035493  0.71657039476137108  0.72312993947063964
  0.72984322373739274  0.73610609214112888  0.74207630302285399  0.74845973889640216
  0.75516561202764121  0.76190108428046943  0.76786630104619014  0.77224287861128738
  0.77568983053119245  0.77914312173291589  0.78258786825850191  0.78625042638670695
  0.79006847540921110  0.79521341694540215  0.80066075633262823  0.80542138982940403
  0.80997849267387401  0.81449807845796018  0.81909708775622370  0.82396142767637326
  0.82919123541661710  0.83471934411587223  0.84091698166061413  0.84741888213346828
  0.85454656102445803  0.86249407580736737  0.87069055590005329  0.87660223017225525
  0.88091285859192303  0.88481263772947616  0.88935223607050817  0.89433709540614625
  0.89926217529151764  0.90399297659323907  0.90862091230302378  0.91334344792619560
  0.91835516635814063  0.92329957774849003  0.92786266330863287  0.93207484904513094
  0.93607521594205156  0.94057429695261308  0.94575858538927249  0.95083167548160918
  0.95617372269506906  0.96131888593155135  0.96792523740710046  0.97471074888661080
  0.98186171629790586  0.98821362771010346  0.99433238958329240  1.00000000000000000
 -0.00284621821988641  0.01049539647257514  0.02184290198976897  0.03347402881734919
  0.04570821488053900  0.05898626793028438  0.07098392678492611  0.08138639028026651
  0.09106979070549057  0.10059767223240121  0.10979136123460058  0.11853380558799857
  0.12706234514547998  0.13573095516571840  0.14397921066742395  0.15322962197514700
  0.16224064627293139  0.17486525716976031  0.18316206665321660  0.19117419584601741
  0.19945858355208970  0.20787440812224295  0.21660727264807766  0.22814368952202277
  0.24261708742391105  0.25500683253283740  0.26621824274908923  0.27443940815780121
  0.28139261742915445  0.28916823389759749  0.29615886154526588  0.30336278029897534
  0.31240536734658103  0.32139510911110974  0.32871943020201738  0.33759320185619879
  0.34982428853085829  0.36350207143610069  0.37502860976411734  0.38903661264166389
  0.40127820725224667  0.41153099697113005  0.42099715141356148  0.43051046788853486
  0.44028144831310428  0.45063916862923165  0.45961950856651584  0.46751600656048709
  0.47534877338361675  0.48258330130146931  0.48985018677735226  0.49762124907458516
  0.50609524347389945  0.51585121478131279  0.52623713493242552  0.53573830895735497
  0.54540753546620446  0.55564226914089476  0.56519074489308307  0.57426464230844254
  0.58382657219975964  0.59323494481005712  0.60365063623205240  0.61344201612140048
  0.62328043841098957  0.63463964727393218  0.64682044545222128  0.65836959849565946
  0.66896625816358746  0.67948856469322816  0.69124896782201384  0.70594393886828566
  0.72352954756782806  0.74092253914312400  0.75409050738092298  0.76477129863443705
  0.77604374110623842  0.78951198753090501  0.80356301459796464  0.81876821158891577
  0.83369429723201016  0.84531139076372419  0.85550982860417890  0.86534087165166784
  0.87596221702508337  0.88708726132158877  0.89670821533649425  0.90750092727955090
  0.91837724482586192  0.92879754594519659  0.93801712673589355  0.94668240656190994
  0.95606485906472150  0.96765139643557152  0.98255733513362165  1.00000000000000000
  0.13020196912047821  0.19701941872669199  0.24389954158153604  0.27173361434011178
  0.29472871655245386  0.31887806722490541  0.34299771423085246  0.36337062240549695
  0.38185721999098465  0.40262440915557496  0.42060228616280443  0.43291081526403041
  0.44358501123268890  0.45465780103786468  0.46536734416530418  0.47637065271772466
  0.48998672089678263  0.50502964517138083  0.51683188519220657  0.52622102186280273
  0.53437488500125452  0.54219502780050199  0.55051053955647966  0.56018203525228727
  0.57005173227786565  0.57947540780875040  0.58703296471168909  0.59455419574240753
  0.60216503771058627  0.60928346630337615  0.61683859838919852  0.62476733144339724
  0.63163814877626701  0.63809829677390106  0.64483344913757135  0.65206135650376218
  0.65938371061421486  0.66598932475924111  0.67251811690557239  0.67873509732966775
  0.68397694279362831  0.68867064157432667  0.69340520441054854  0.69831151151781190
  0.70362262326563829  0.70877993934471317  0.71283757135554549  0.71669990085096269
  0.72095275036771989  0.72536792579910392  0.72969250533476049  0.73397399045990830
  0.73845792828757972  0.74303515408931886  0.74775618992250104  0.75211671614398967
  0.75645953803126786  0.76012412822413611  0.76369573021244008  0.76735183763480552
  0.77121667272839789  0.77565122771864681  0.78039235135550489  0.78505188532600001
  0.78991541634441509  0.79488394666934437  0.79992836151002933  0.80419924318153146
  0.80796050468366343  0.81186746645591523  0.81619727678349130  0.82068135342351023
  0.82518676179345507  0.83038442283549840  0.83605379618072950  0.84117499637778870
  0.84657452198889371  0.85190636736665659  0.85761537814809130  0.86367530999070274
  0.87000481372939076  0.87604403687901777  0.88212833919682943  0.88788527230731151
  0.89354363041517137  0.89920037773503547  0.90503431487431463  0.91129362216817977
  0.91708460273200876  0.92304570855273693  0.92960623215829086  0.93692061633473533
  0.94567192990810656  0.95816281519234492  0.97518219267928119  1.00000000000000000
 -0.01450641234206085  0.08331009116908783  0.12617575989576446  0.15304164656585215
  0.17174474055499547  0.18586818165708618  0.19780519023496471  0.20910730083860002
  0.21981910455379658  0.23006210674830499  0.23858333706882764  0.24737971841915460
  0.25596783586545718  0.26488269580752521  0.27391067468292524  0.28298493908763905
  0.29157248650998879  0.29870155132360032  0.30470848054685751  0.31061248314793943
  0.31611573741967469  0.32232680325595880  0.32860251636038385  0.33524170606183606
  0.34198022311098791  0.34898325999341318  0.35515528676914182  0.36068206243758877
  0.36626233765750743  0.37186318646695654  0.37782351378757728  0.38378678029066404
  0.38968452220211902  0.39539534557065692  0.40011346018111776  0.40521150031493813
  0.40984506902650975  0.41348143614499649  0.41742109706818342  0.42239451457977534
  0.42741455143242602  0.43220426762132946  0.43876874034730184  0.44666019423181014
  0.45478618995738873  0.46224384134749708  0.46938520866689815  0.47623076137976866
  0.48275503376514378  0.48877244595925978  0.49454416945278540  0.50030084107177730
  0.50615616953111509  0.51229140530756900  0.51878247071978756  0.52623979147106403
  0.53435279039689443  0.54199922819877788  0.54934072667729550  0.55662744669217046
  0.56302924415882039  0.56907079630037360  0.57507731574867704  0.58124972334310832
  0.58718635068465541  0.59295935916667086  0.59912222948105853  0.60558686687345875
  0.61169712983478763  0.61721676606867371  0.62229384889162165  0.62793297442758089
  0.63386148219872984  0.64097648073738223  0.64868790916359176  0.65694401135586178
  0.66487635026099989  0.67170123263478365  0.67757364663956754  0.68276156625199025
  0.68829852326046503  0.69487614926664809  0.70250757439052147  0.71018865528617370
  0.71789772604785917  0.72600386503022685  0.73566786770796211  0.74615845800961067
  0.75822384367814166  0.77147479302453548  0.78592144581886669  0.80203049519082958
  0.81977637577059337  0.84331800972002824  0.88644635702937791  1.00000000000000000
   1.6295441417874029E-011  -1.0000000000000000     
 F F F F F F F F F F F F F F F F F F F F F F F F F F F F F F F F F F F F F F F F F F F F F F F F F F F F F F F F F F F F F F F F F F F F F F F F F F F F F F F F F F F F F F F F F F F F F F F F F F F F F F F F F F F F F F F F F F F F F F F F F F F F F F F F
  <DiscreteSampler_grid>
  grouped_processes
  1 # 1 for a reference and 2 for a running grid.
  10 # Attribute 'min_bin_probing_points' of the grid.
  1 # Attribute 'grid_mode' of the grid. 1=='default',2=='initialization'
  0.0000000000000000 # Attribute 'small_contrib_threshold' of the grid.
  0.5000000000000000 # Attribute 'damping_power' of the grid.
 # binID   n_entries weight   weight_sqr   abs_weight
    61   10   7.125418588169119E-001   2.068694490121512E+000   7.125418588169119E-001
    62   10   7.125418588169123E-001   2.068694490121514E+000   7.125418588169123E-001
    64   10   3.838391100025825E-001   4.365697031419281E-001   3.838391100025825E-001
    65   10   3.838391100025828E-001   4.365697031419279E-001   3.838391100025828E-001
    67   10   3.838391100025825E-001   4.365697031419281E-001   3.838391100025825E-001
    68   10   3.838391100025828E-001   4.365697031419281E-001   3.838391100025828E-001
    70   10   3.357227439397297E+000   3.290313206751393E+001   3.357227439397297E+000
    71   10   3.357227439397301E+000   3.290313206751400E+001   3.357227439397301E+000
  </DiscreteSampler_grid>
