  0.00000033294290249  0.00000100925122674  0.00000134753544572  0.00000170782495086
  0.00000210472942895  0.00000258926993762  0.00000307337255163  0.00000356643960578
  0.00000409105768529  0.00000465368529549  0.00000519754457778  0.00000572165162204
  0.00000627871833758  0.00000687019544662  0.00000749609852160  0.00000814893651335
  0.00000879842932946  0.00000951790428583  0.00001026930855840  0.00001106890849398
  0.00001191225683328  0.00001275385526784  0.00001360238404460  0.00001437973851731
  0.00001512076011375  0.00001583757321190  0.00001656325768355  0.00001730572072150
  0.00001803659613164  0.00001876440517828  0.00001948458082663  0.00002023417153468
  0.00002098205787472  0.00002175341946520  0.00002255921080841  0.00002339852055343
  0.00002420930701171  0.00002494004126455  0.00002560310338493  0.00002625450933191
  0.00002691005850541  0.00002755379882203  0.00002821945388538  0.00002888734310622
  0.00002953713134959  0.00003016672081099  0.00003077992435727  0.00003138745728281
  0.00003203012038631  0.00003253217571784  0.00003302140560707  0.00003350839017391
  0.00003398811713823  0.00003446092124326  0.00003493679004049  0.00003539633458143
  0.00003584974976389  0.00003636640106378  0.00003696754865983  0.00003800713560553
  0.00006124707355393  0.00006291472135818  0.00006404260229524  0.00006495949105613
  0.00006590627974858  0.00006689326675226  0.00006789382818307  0.00006915144704421
  0.00007049475069754  0.00007182640933632  0.00007350463632639  0.00007511029927867
  0.00007680847406558  0.00007865083929804  0.00008074453502820  0.00008325786463051
  0.00008590095045471  0.00008898188722313  0.00009226505411521  0.00009692522257004
  0.00010305535592290  0.00010988094815154  0.00011719109858705  0.00012558161795212
  0.00013464929579367  0.00014674055046573  0.00016201696043080  0.00018293519030899
  0.00021388010126546  0.00025417001961491  0.00030940068561550  0.00037482264042079
  0.00049867255511353  0.00074208764619973  0.04942346154375982  1.00000000000000000
 -0.00002293798294355  0.00025181186266235  0.00073141292731481  0.00151479677950080
  0.00249589941851629  0.00378788042520575  0.00534074029039174  0.00719530418605637
  0.00932782981357462  0.01176164545129186  0.01443234586453615  0.01750527621179909
  0.02036702624290101  0.02313313029700454  0.02627336442116381  0.02977079673024352
  0.03330232187789313  0.03690179538355606  0.04054720127910232  0.04422471634912349
  0.04786576098352835  0.05173914869105294  0.05574056010287713  0.05993361449732631
  0.06452237827634665  0.06951856574067508  0.07488750903113821  0.08066156301790071
  0.08622077541950178  0.09141197390223697  0.09698982843827451  0.10353608835817606
  0.10991908244981724  0.11658790061702322  0.12415809663969903  0.13240887857454742
  0.14221919340500144  0.15035817642244712  0.15728663947846935  0.16365206900424614
  0.16983199421500630  0.17621720338958516  0.18355265285825778  0.19315917059167845
  0.20378876719580796  0.21414681067298277  0.22409656611949980  0.23392385954021622
  0.24390733410712512  0.25387526499572305  0.26353107432084999  0.27357417285841235
  0.28377983435156345  0.29409256042878407  0.30360834894068800  0.31376277665583291
  0.32512563086183299  0.33705851340735449  0.34810158880853054  0.35831837970493491
  0.36750267847973417  0.37644733854455459  0.38589654491099051  0.39556481476611804
  0.40536212330321769  0.41541361491051565  0.42508516726063716  0.43489936347162345
  0.44470010337298888  0.45457931958651521  0.46442706949466839  0.47579384683286602
  0.49046935564843225  0.50681049643609766  0.52242856632313439  0.53884192224292871
  0.55764092181817992  0.57925888508384171  0.59996881514615774  0.62281706439909768
  0.64690543028037018  0.67222283253618609  0.69947805642959793  0.72897461345610881
  0.76258019859146176  0.79486053780038091  0.81856354061930769  0.84146849448429717
  0.86395449919087242  0.88613081903516777  0.90763615846275325  0.92820184242423531
  0.94776902317262446  0.96611373669059653  0.98321337836504574  1.00000000000000000
 -0.00210148600160899  0.01095850355456574  0.02253902569715593  0.03301231088245180
  0.04450037272476665  0.05407413806513959  0.06376650110608899  0.07376805008222161
  0.08382565462190053  0.09500836536517997  0.10609876106315745  0.11753606399522690
  0.12813247826300111  0.13826323234344048  0.15018603737559749  0.16393735510343904
  0.17871523955148766  0.19249216579204090  0.20382552917956795  0.21512116702481882
  0.22609504521894735  0.23784201245115338  0.25078804308739910  0.26103564002034263
  0.27119993876388426  0.28184867057820789  0.29267814973950751  0.30327286262844105
  0.31251311245459767  0.32132763520893892  0.33052282692640372  0.34050261988134112
  0.35199696589808266  0.36467689859801894  0.37684655600256922  0.38893113025854709
  0.39805239397637460  0.40542228988432899  0.41275476052311094  0.42055555625630314
  0.42814235769143727  0.43605224716010277  0.44486275454554880  0.45238599707013705
  0.45872775008932981  0.46663216673309577  0.47558665113489756  0.48820621236096035
  0.50209206562506392  0.51378884716260265  0.52482938032303117  0.53627800212851340
  0.54744352895537052  0.55941212700690468  0.57206721607960886  0.58409239065157170
  0.59603392573360370  0.60885276950650491  0.62058423554398701  0.63211645094770585
  0.64200035633965102  0.65245680734527400  0.66223311002692020  0.67529947198118012
  0.68873604761445606  0.70101887683482100  0.71210138602326778  0.72321081290252487
  0.73440462732396261  0.74396002911040149  0.75334834010124552  0.76314251911384590
  0.77199248742733895  0.77923598619103129  0.78596315275313666  0.79329713447138461
  0.80087250827096923  0.80862992954270230  0.81690813505910975  0.82593054047185122
  0.83608685578257014  0.84634164031141157  0.85568175863610907  0.86412023553399020
  0.87268549315701427  0.88265145916629217  0.89439222614148139  0.90593084118795131
  0.91690858037582190  0.92780590613758118  0.93882390940866234  0.94997791461044012
  0.96155492466698522  0.97428422581923613  0.98737182742824225  1.00000000000000000
  0.00312522764435776  0.09649101768151427  0.14593488773024760  0.18121195860525102
  0.20975696917363842  0.23106197532062672  0.24842913401593397  0.26214505371807373
  0.27401759241749785  0.28647843781297733  0.29959688370991183  0.31247956107072500
  0.32152158182820606  0.32901205234483544  0.33573348339956005  0.34191516785500081
  0.34775508628932877  0.35335549208715455  0.35878317671414356  0.36415652436835788
  0.36952501170956731  0.37502963506538045  0.38176347929548188  0.38922447794682963
  0.39638717895313097  0.40301399521729958  0.40953538345553114  0.41612073590713372
  0.42118426822717409  0.42641915648402057  0.43158422070833796  0.43686151290424252
  0.44211680510717766  0.44699578086373337  0.45131363933231217  0.45535388489277784
  0.45935247623349346  0.46335776889032143  0.46690415979844307  0.47005934245087810
  0.47312682265319561  0.47640827280569586  0.47997722625661771  0.48343216456011207
  0.48714596291568207  0.49180235261794969  0.49607796319157649  0.50016382042277363
  0.50419516942405107  0.50822959962687830  0.51242159521414299  0.51676079399205110
  0.52052511038637661  0.52436954596629193  0.52818126603513749  0.53211226086481345
  0.53648138782318777  0.54104667626212877  0.54514948266632435  0.54920076264958595
  0.55341902417385891  0.55787365451140514  0.56244391716248254  0.56665074880941091
  0.57064546544460426  0.57463851060762927  0.57875396719198169  0.58313664288197076
  0.58775692076741648  0.59225837288547356  0.59655016064468314  0.60039163985809207
  0.60430668450313685  0.61041013950419809  0.61650902897699111  0.62196744061976683
  0.62807088941776101  0.63435009810819742  0.64090664016012011  0.64823086368012228
  0.65588581285083791  0.66354167684670173  0.67167348339130595  0.68140457885843209
  0.69320221631164369  0.70593001933665001  0.71893015795963222  0.73268322679298858
  0.74844658459672819  0.76694169078406993  0.78823564114082734  0.81465936027675878
  0.84416020666666991  0.87744737137687367  0.92651982875455163  1.00000000000000000
 -0.00207085178289849  0.01125699450956167  0.02374242732863602  0.03711529278650991
  0.05211839298644854  0.06799027907931898  0.08281765459273470  0.09440241352276844
  0.10454929629483152  0.11344257365899212  0.12309870274678877  0.13041298805323248
  0.13738135823414532  0.14488477083767570  0.15170098425866294  0.15941900669116435
  0.16774510320488259  0.17626039452076950  0.18389073124988869  0.18964628333855973
  0.19561683032732591  0.20107779173182774  0.20640217768108821  0.21413154816769969
  0.22528651768323293  0.23558139507923301  0.24681100940549744  0.25799610876346868
  0.26960145063372504  0.28184472295826268  0.29438218215116108  0.30672515497798364
  0.31814914932463634  0.32864634877008098  0.33948392174901920  0.34808850011667447
  0.35706888682345433  0.36703196295309154  0.37628014355788930  0.38566399703713933
  0.39693510488375938  0.41022854007114967  0.42310635665544805  0.43474506764961324
  0.44446718333860075  0.45373491114051806  0.46326542999243131  0.47331907675803231
  0.48387342718040327  0.49509062853773805  0.50685381741987368  0.51953748123143129
  0.53248204180880021  0.54448199682694876  0.55549031965401818  0.56624716763297478
  0.57713594783831501  0.58652358353701572  0.59487458703158047  0.60400570622615202
  0.61459649322613641  0.62542706137749216  0.63581156728078247  0.64664257655557633
  0.65988489024044161  0.67317299087932547  0.68632212992186648  0.70061656504956860
  0.71486727604401634  0.72723226492280202  0.73891894610284170  0.74997739961572440
  0.76131265630246880  0.77323594221493974  0.78462531414211489  0.79626833651148543
  0.80750038158310489  0.81858485915926427  0.82905075667757533  0.83833359687409092
  0.84722046490271141  0.85691539597871358  0.86754139402074726  0.87799071055913713
  0.88879993399429491  0.90006386958626328  0.91165976322558129  0.92302297975367198
  0.93378633200196715  0.94372440389649426  0.95311577066041331  0.96258570911727104
  0.97247828157398930  0.98213909377659148  0.99125779438356265  1.00000000000000000
  0.07006288562427357  0.16077658980518794  0.20563782175905751  0.23805295978983668
  0.26769744009650454  0.29331978887158089  0.31416327808591449  0.33272692372342705
  0.34763274763678470  0.36287856661995521  0.38005394805776671  0.39659854016819274
  0.41204328989286987  0.42751300802623904  0.44265091359408831  0.45616552088109985
  0.46926425632859409  0.48232870907073244  0.49353420441148271  0.50426825626877525
  0.51423330636776499  0.52433929676554381  0.53369004068224157  0.54199692477519934
  0.54766890949993841  0.55338943228096038  0.55923073963345238  0.56506994295929136
  0.57085336390540098  0.57641216566796027  0.58221238444392953  0.58830217680244512
  0.59433196772715169  0.59974023560580836  0.60504675353472881  0.61076187616074118
  0.61701691431066830  0.62365219707532094  0.63012120139177330  0.63607009254985492
  0.64110004124230469  0.64604816929491016  0.65109893144436803  0.65636543917925139
  0.66104877510894977  0.66550824201017078  0.67090053795767823  0.67756068693063609
  0.68469236768850728  0.69218393693041258  0.69942451773308079  0.70642728299886637
  0.71318106375274770  0.71950199776385360  0.72537673036279826  0.73065685220320598
  0.73547512114913416  0.74030185065887899  0.74536541532352729  0.75050651325246687
  0.75577724578897942  0.76165188771264503  0.76704301571628009  0.77229985956613090
  0.77716195514582631  0.78200160826804055  0.78685112032604998  0.79213910853975777
  0.79796917554085711  0.80415627586534144  0.81028777217051984  0.81588226520893492
  0.82120953959180620  0.82653156043658005  0.83191624670752684  0.83741952318262103
  0.84239924634393337  0.84650634867450958  0.85074330707376145  0.85478021612260213
  0.85872386928499689  0.86311654651513603  0.86836603183909034  0.87431515839763674
  0.88023203137389294  0.88651549682683051  0.89326053121426496  0.90036141672743319
  0.90766968319231123  0.91448087871030737  0.92198486581355765  0.93070775040336262
  0.94206077040671277  0.95691742283181014  0.97739505256011783  1.00000000000000000
 -0.01979682229833592  0.11581018781393417  0.14907044386864082  0.16505494568902249
  0.17964020645929918  0.19061734028883356  0.20018839895511670  0.21066842936586139
  0.22134976677799464  0.23242883734197425  0.24235011102343224  0.25098988809824563
  0.25875037961435499  0.26746190963556671  0.27559274051448146  0.28257793264168668
  0.28932082020422972  0.29632599405315718  0.30382883571097502  0.31110551608934534
  0.31731192241182121  0.32294153187538555  0.32877392962401752  0.33518017131569677
  0.34116521266822386  0.34657357918179887  0.35233456337030916  0.35829720829356726
  0.36418165812070963  0.36948125664077630  0.37463089998909910  0.38070521315370232
  0.38739981438598337  0.39511803634463677  0.40380423946470134  0.41245579580138159
  0.42030397362325250  0.42664125548106896  0.43253204312613913  0.43847162704037973
  0.44480718093478477  0.45117681700757623  0.45800509641133086  0.46544292371681412
  0.47156384475430951  0.47772569777237778  0.48348397342008553  0.48912421316887200
  0.49475777503589224  0.50059789053556769  0.50717526969410198  0.51452874581771213
  0.52174706122899372  0.52904275013930957  0.53633817488370417  0.54317481361498043
  0.54936078957798051  0.55544156685474766  0.56172119808536614  0.56859972100600786
  0.57600364670184045  0.58296759436582779  0.58951605838764232  0.59627710268425094
  0.60314704011348863  0.60981168595002300  0.61760813286889238  0.62447187924792691
  0.63143860353240222  0.63809370710696478  0.64424554727151018  0.65053928724111876
  0.65668868391765156  0.66313975609545439  0.67061664165850721  0.67836279746107642
  0.68622350888999040  0.69404613446488927  0.70189185782460040  0.70927001948107249
  0.71636505370584913  0.72395934052073907  0.73151164130424517  0.73970612435259853
  0.74909149867945801  0.75865831955899721  0.76990213588225775  0.78147767680660707
  0.79381829422244676  0.80621623141229060  0.81694713330811042  0.82701539959226045
  0.83873045785352573  0.85852705288454767  0.89738523205846032  1.00000000000000000
   1.3634051678360104E-011  -1.0000000000000000     
 F F F F F F F F F F F F F F F F F F F F F F F F F F F F F F F F
  <DiscreteSampler_grid>
  grouped_processes
  1 # 1 for a reference and 2 for a running grid.
  10 # Attribute 'min_bin_probing_points' of the grid.
  1 # Attribute 'grid_mode' of the grid. 1=='default',2=='initialization'
  0.0000000000000000 # Attribute 'small_contrib_threshold' of the grid.
  0.5000000000000000 # Attribute 'damping_power' of the grid.
 # binID   n_entries weight   weight_sqr   abs_weight
    22   10   2.417011449706167E-002   2.427641112610626E-003   2.417011449706167E-002
    23   10   2.417011449706166E-002   2.427641112610626E-003   2.417011449706166E-002
    25   10   1.857131882042948E-001   1.580552426467061E-001   1.857131882042948E-001
    26   10   1.857131882042947E-001   1.580552426467060E-001   1.857131882042947E-001
    28   10   2.732828366428213E-002   2.036199749494815E-003   2.732828366428213E-002
    29   10   2.732828366428212E-002   2.036199749494813E-003   2.732828366428212E-002
  </DiscreteSampler_grid>
