  0.00000043210413015  0.00000080888036645  0.00000100913212397  0.00000117938633226
  0.00000137770783440  0.00000157886477134  0.00000177537601400  0.00000196710886460
  0.00000217280338730  0.00000241003799174  0.00000270021284892  0.00000306121523617
  0.00000345699118559  0.00000385623314972  0.00000425889292084  0.00000467179643626
  0.00000513132007490  0.00000562528880630  0.00000615299214068  0.00000669501989586
  0.00000723786571826  0.00000778773101951  0.00000833220863090  0.00000892594842303
  0.00000954071263020  0.00001018037932659  0.00001079896254083  0.00001138340499924
  0.00001197046061366  0.00001259651174260  0.00001322761745669  0.00001388035397187
  0.00001457005206507  0.00001530100564461  0.00001607383540966  0.00001685471059709
  0.00001754401731215  0.00001816879527351  0.00001880400878670  0.00001933449964318
  0.00001990810520441  0.00002049259133082  0.00002107561695407  0.00002166517604806
  0.00002227505640070  0.00002280802518477  0.00002336255809284  0.00002392793853256
  0.00002450293590213  0.00002507730087234  0.00002557875356753  0.00002603912964784
  0.00002645520231566  0.00002684283370332  0.00002722803021999  0.00002753956583222
  0.00002783135612369  0.00002810866090165  0.00002838107847582  0.00002870312772559
  0.00002909618490986  0.00002960232240586  0.00003030983667647  0.00004349670073453
  0.00004809712237427  0.00004915568505828  0.00005004033931107  0.00005089844158834
  0.00005177935149179  0.00005272438187376  0.00005373311641068  0.00005475666668788
  0.00005583300689752  0.00005698580334757  0.00005823941525768  0.00005967985359496
  0.00006135272842151  0.00006317183711364  0.00006515339732232  0.00006729862511707
  0.00007002084989481  0.00007362504659849  0.00007740660692838  0.00008241405395925
  0.00008992540365589  0.00009965016772369  0.00011242459026068  0.00012959189296861
  0.00015467157524033  0.00019415530814338  0.00025949060924327  0.00038869034135009
  0.00060487278429860  0.00115399189967940  0.05481241302655428  1.00000000000000000
  0.00991596576648892  0.01452853001751595  0.02313888272928460  0.03446321010541233
  0.04676897700471894  0.06022624837996339  0.07543107892352778  0.08916075953202469
  0.10172223063479821  0.11374574738747431  0.12587353907910523  0.13580081094983018
  0.14447227763575307  0.15278591319737497  0.16144727192413538  0.17120161677142684
  0.18203665297785648  0.19579987100429139  0.21098637324039671  0.22433980384595911
  0.23851546311671917  0.25268791053878842  0.26583210473302182  0.27765089973393547
  0.28897394248992886  0.30041814134721240  0.31249380681098882  0.32427959820698010
  0.33606451955087846  0.34783565160699198  0.35887259056397286  0.37083220283160240
  0.38263701403558414  0.39311499939804651  0.40192794111708258  0.41018270193612955
  0.41876122658042664  0.42849780562279832  0.43850847580692082  0.44760971959481727
  0.45655112757065408  0.46537807876824766  0.47433115897044781  0.48333287596636976
  0.49221756409893991  0.50121727695910978  0.51070981626459033  0.51915915880396313
  0.53164257557942896  0.54490918766819496  0.55938869607355401  0.57516231460761569
  0.59068116378188751  0.60423325025855557  0.61516296504469581  0.62458445277262176
  0.63349192482431960  0.64240778619912242  0.65220889344863386  0.66260460684788991
  0.67408189183581502  0.68413748081756254  0.69495530536757610  0.70357793369962840
  0.71183222843487881  0.71976260881918885  0.72763305115722932  0.73531179721911744
  0.74350973501877249  0.75204239514361382  0.76065881121979562  0.76931500489790772
  0.77709260943601577  0.78385124698210118  0.79025015760365913  0.80109350471942975
  0.81347258899203390  0.82510619623901238  0.83517074761059351  0.84425974168104378
  0.85175505607161883  0.85865323205271260  0.86511688496499839  0.87157882720330704
  0.87949817021810062  0.88710788800390317  0.89527088281804679  0.90663068568424510
  0.91908141278430822  0.92982545759816326  0.94154373060555396  0.95346562315128580
  0.96548012643901215  0.97756173969557869  0.98860364233778542  1.00000000000000000
 -0.00002177478552702  0.00033972933962979  0.00100909863172483  0.00219184060849131
  0.00386950332189367  0.00629370706637184  0.00871677015242952  0.01098693795815688
  0.01349471566091539  0.01664020506198638  0.02018711471713045  0.02397958765553119
  0.02854696231471934  0.03322272946784695  0.03737672907866944  0.04165208623790406
  0.04633204790853881  0.05192602330490238  0.05770195210730963  0.06335524464590295
  0.06910686960695782  0.07489367291470572  0.08058267726746066  0.08659498342537708
  0.09290412180923974  0.10007218537281709  0.10812637890047312  0.11676965378538270
  0.12661523862237850  0.13626528168202337  0.14652511814238514  0.15702956971691381
  0.16769982244350903  0.17738323702918754  0.18542155930632429  0.19246126390126300
  0.19971582199720322  0.20791931581506060  0.21764422093355718  0.22686086899725083
  0.23513681646002979  0.24386525411431842  0.25262249550260490  0.26200171839079711
  0.27159537837136632  0.28109621138287166  0.29064014340107580  0.29957821095017118
  0.30976177558320356  0.32135099639826575  0.33403185388446355  0.34770585585321240
  0.36019553101727486  0.37077843029901897  0.38148159108201624  0.39257037705134257
  0.40467329980142064  0.41755988578470787  0.43213632941110186  0.44672542514199404
  0.46067997542169342  0.47473168254649289  0.48955254296855455  0.50309935061794397
  0.51553539183627273  0.52779210408786814  0.54048290755772488  0.55399658415456976
  0.56831039737190703  0.58383337618077347  0.60107579056665417  0.61606301948854802
  0.63098303375640019  0.64325761875366239  0.65529328138948939  0.66841760360619207
  0.68195648781766249  0.69438109690973415  0.70654759350626195  0.71862301505736670
  0.73187476670071461  0.74583429835712600  0.76089737422870085  0.77746393934394942
  0.79461918491888395  0.80961668420913846  0.82779802864542829  0.84798774885383310
  0.86759791120365903  0.88596312828924317  0.90356905316263203  0.92231553624365603
  0.94160163210840975  0.96113389525794479  0.98064018561598731  1.00000000000000000
 -0.00208917252431187  0.01018864109240027  0.01933671743029387  0.02851489481023024
  0.03723831439288448  0.04726978367292430  0.05968299726150809  0.07094012273215312
  0.08246532138460691  0.09376362574338205  0.10475882725841540  0.11558549434434039
  0.12721496366185864  0.13950794075288067  0.15121909663971964  0.16235283709496068
  0.17408681863673481  0.18689752927328124  0.19828814519889998  0.20937206523265819
  0.21983201581724540  0.22990445507415011  0.24195239384886497  0.25513813017703207
  0.26698103038674120  0.27634013959788867  0.28578554522174787  0.29501381544542421
  0.30377393850217616  0.31494690911975776  0.32644999457331297  0.33724946953647372
  0.34632034764530772  0.35502897794504057  0.36343629651337772  0.37315193488781245
  0.38397993981066342  0.39466870093862566  0.40500830685896605  0.41459316054238576
  0.42367968830380448  0.43292228486791001  0.44156334963783522  0.45021126527379379
  0.45909156175922516  0.46903648020472372  0.47855512830265001  0.48793544158664864
  0.49673044109701947  0.50641077098297094  0.51674112773681302  0.52733656272514751
  0.53797916038305915  0.54925421324539225  0.56024223545642404  0.57132062467465228
  0.58197343721558981  0.59159671595097019  0.60084000467281251  0.61049821193438591
  0.61972251187586214  0.62830529014114989  0.63694715401239688  0.64668433360064248
  0.65889007778929498  0.67050058064354090  0.68126562599624230  0.69241072000944826
  0.70393556381962386  0.71534728788899238  0.72546505282627827  0.73575943365270779
  0.74744476671258031  0.76207168392227664  0.77809462151634923  0.79285036123813279
  0.80886748444998624  0.82333493442967898  0.83665881263299657  0.84889836541934016
  0.86066919966779987  0.87155462040258658  0.88091496978509010  0.88970481298962734
  0.89846867282356835  0.90638722234574276  0.91413779924301630  0.92187044572643206
  0.93085234869169875  0.93947371775934230  0.94970595822660575  0.96038248725848996
  0.97091259583962586  0.98149037895593183  0.99041717499506199  1.00000000000000000
 -0.00152746635061820  0.00805994303645852  0.01629620246200798  0.02561741718502898
  0.03460779023265977  0.04311517217170322  0.05127027759535580  0.06038262044629322
  0.07018011774578320  0.08024525662052175  0.08924561998329972  0.09825305396337734
  0.10883991754389127  0.11899685622897747  0.12782537421317644  0.13575062505275087
  0.14390085079459000  0.15296052680116692  0.16225818320269331  0.17084704163298572
  0.18011337423992066  0.18851297182563412  0.19878052478510325  0.20873541206860952
  0.21999996294966437  0.23064055386051402  0.23935117223396110  0.24701878981264228
  0.25568235972497738  0.26433084982975469  0.27346222728731684  0.28194861122683151
  0.29066281999862753  0.30084371270530896  0.31176298361507904  0.32265172781995854
  0.33380445379818996  0.34488386624648948  0.35554567718723973  0.36631577293588802
  0.37846764223956125  0.39216434921986509  0.40473867272922476  0.41556409249793885
  0.42624146808396879  0.43753124935760557  0.44880129706933758  0.46018185896244113
  0.47169023659548526  0.48384736696273989  0.49570307824274740  0.50633106941413941
  0.51612984359801739  0.52644746304238843  0.53771036042487375  0.54930634728492300
  0.55956889787678632  0.56857447124367055  0.57751166667890386  0.58731494146986107
  0.59909952733308103  0.61259631746094712  0.62614670493096047  0.63968231116768093
  0.65288657510885162  0.66596239326436091  0.67839638853771844  0.69044757769633791
  0.70270128862710013  0.71507741079832898  0.72758677147703521  0.74101632745151558
  0.75493785721401341  0.76655348385076738  0.77888511289553297  0.79018790150606666
  0.80082906760929706  0.81031773974793075  0.82050727861120698  0.82976797700850058
  0.84147255206596006  0.85331664964490106  0.86657722016035521  0.87994647760696343
  0.89152579085283545  0.90214352668105779  0.91213361344529120  0.92203869423114293
  0.93313591141788232  0.94444115076671475  0.95510245849427367  0.96376509898727869
  0.97225193066975257  0.98119584196908471  0.98931399066037129  1.00000000000000000
 -0.00194420383879530  0.00959946911915993  0.02116632824197705  0.03347622707198370
  0.04539729833622280  0.05533294655952611  0.06535181564900576  0.07601311432276320
  0.08639076585619014  0.09527206477441157  0.10337674768429654  0.11173502319238067
  0.12080262069544723  0.13112853685527937  0.14143369760928476  0.15065346279578726
  0.15904297395926587  0.16835894735098061  0.17862246004372881  0.18887609500814881
  0.19885163259742850  0.20898352195048356  0.21926333669454220  0.22966083235289775
  0.24072480541710728  0.25194886031649877  0.26207224236397708  0.27241777948568746
  0.28222768274769527  0.29327342658075617  0.30613585039646457  0.31904762093240407
  0.33152861298773451  0.34061451172570761  0.35108666157816104  0.36102474887132957
  0.37058729616764124  0.38014308551482046  0.38963363019030095  0.39990285623350769
  0.41447900880257565  0.42683441689984258  0.43919665155054649  0.44844810952663378
  0.45745831718748997  0.46659062987447264  0.47541060705357996  0.48611880520768280
  0.50055014878496362  0.51365611873668404  0.52449354218597621  0.53467569979828000
  0.54474018635851185  0.55571491266932649  0.56734253722644445  0.57713357016924405
  0.58615480545373555  0.59462042761832501  0.60347803002758738  0.61240488430252371
  0.62023726427826009  0.62830113756449035  0.63720722991495149  0.64646933736041412
  0.65765215445893144  0.67053541316427423  0.68384594262574794  0.69703611776493180
  0.70925021438034397  0.72019979921213240  0.73033018275777473  0.73915600302454754
  0.74830662490859112  0.75767334343011983  0.76792350667036036  0.77870138788532506
  0.78907751861524189  0.80055122097638043  0.81300033526097548  0.82468185471415734
  0.83695968790181774  0.84839486176764722  0.86103093395047114  0.87242360895703652
  0.88275938019790656  0.89227995925632764  0.90100774592102684  0.91040893426854375
  0.92034220309096559  0.93170724520523196  0.94506605693988333  0.95780574402924290
  0.96878628226212027  0.97848919388573019  0.98911250985392984  1.00000000000000000
 -0.00594406172085819  0.02780817247491122  0.05309153112636421  0.07347464593209713
  0.09287408577353565  0.10933365127057591  0.12501031107827659  0.13903747852139828
  0.15367989782354968  0.16789766666293232  0.17949843648841354  0.18981602029460348
  0.20020781980070065  0.21058285064075991  0.22124573475360823  0.23229603134958451
  0.24278492001155680  0.25150713780332734  0.26008988087316876  0.26883230276830367
  0.27817265320191553  0.28799586152568379  0.29821862635425361  0.30847081415290012
  0.31816359304343195  0.32726046089717775  0.33559692307492150  0.34307465813272658
  0.35025369132069184  0.35713880474273657  0.36341016995625303  0.36894508659089276
  0.37470690997528489  0.38109408082071222  0.38821452256229633  0.39517603894030895
  0.40151435947821484  0.40762003771714073  0.41424571611450917  0.42149383591585082
  0.42854432679443805  0.43542145053173642  0.44284983862226179  0.45091921075985997
  0.45824555084608942  0.46462254797819574  0.47082498691750474  0.47694845936887736
  0.48262760074123012  0.48923305872252076  0.49672107814935301  0.50599522985498324
  0.51293858715315765  0.51973190202705100  0.52595036527014127  0.53228748354943123
  0.54081044286504043  0.54920464161572369  0.55787528307880874  0.56621492698824649
  0.57545972145667534  0.58502779205376976  0.59447100416726906  0.60397680613508253
  0.61404152163277981  0.62544455154948697  0.63825412054613928  0.65047189236880787
  0.66182598970563589  0.67287485285202076  0.68393358931792492  0.69312718129295503
  0.70165995623087640  0.71110275773278175  0.72177624647517036  0.73226372621597724
  0.74188979550390743  0.75068776369048185  0.76042917190944204  0.77062171502572108
  0.78213056902545286  0.79549951505641137  0.80972168504139108  0.82309552142140341
  0.83475421549146234  0.84572114115424346  0.85743081869901105  0.87111795897199795
  0.88429765898780011  0.89801472786987713  0.91201197928692546  0.92693835532353741
  0.94222484683586460  0.95908794350700577  0.97860752899396120  1.00000000000000000
 -0.00245407076680068  0.00992330616584688  0.02034904005267711  0.02896208258413683
  0.03812957286613328  0.04726889644685263  0.05636581843026974  0.06291117820049962
  0.06888234804020577  0.07479819565535774  0.08206229699791905  0.09188302744056430
  0.10323055369946088  0.11585184310324008  0.12961066846993319  0.14205582624017321
  0.15434987391933147  0.16635753344364104  0.17809150210214222  0.18831120278831640
  0.19919292173811687  0.20952178238219007  0.22045816986282113  0.23074280136289751
  0.24179024936111956  0.25200304632251430  0.26111533909177848  0.26969306948731708
  0.27870786454186797  0.28835448544511855  0.29748884672328657  0.30670316772153861
  0.31714893267164546  0.32912282044241264  0.34076115036872656  0.35130405008559368
  0.36244836260941177  0.37320270735939071  0.38212145271098585  0.39010444334056682
  0.39781212341341871  0.40781532884698823  0.41803103919650314  0.42798792290786508
  0.43853620801312543  0.45045512702904189  0.46251722685868557  0.47375490297296619
  0.48290660207664715  0.48872425997446972  0.49560902520668881  0.50309621750678446
  0.51084755004688187  0.51897460197096812  0.52682889574227176  0.53490906249879422
  0.54389551570378358  0.55316119086974047  0.56184275361384661  0.57023885050851997
  0.58011950248420374  0.59222371601467916  0.60418399078895602  0.61700894194763822
  0.63039234795990473  0.64434346448108593  0.65817104917817382  0.67081606406355299
  0.68331321508603149  0.69345106521116273  0.70360690086790045  0.71460370551498831
  0.72536999784393896  0.73501613221030138  0.74407350330850419  0.75455751201925481
  0.76684556954074201  0.77938565576494911  0.79163729540112282  0.80389044065481352
  0.81683534602318497  0.83076599126022166  0.84645348121966701  0.86292352931304361
  0.87779748225901799  0.89164595805654845  0.90491186092016040  0.91761129203436664
  0.92904383395270984  0.93899151929908309  0.94802032684004678  0.95715130135667703
  0.96634981473979731  0.97639315605638954  0.98743270625773161  1.00000000000000000
  0.13828092873284772  0.17059769968946450  0.19845290033818083  0.22108622285437321
  0.24223951109489572  0.26078865415220359  0.27767452348458682  0.29067482262013833
  0.30490928081725738  0.31903012836171774  0.33324231701121282  0.34692681949059079
  0.36050225180453416  0.37333427176524142  0.38497205439687093  0.39696466188810858
  0.40997175026987898  0.42132667136718960  0.43212789961411963  0.44231112332118072
  0.45279837861887517  0.46448863887261554  0.47689109535820207  0.48789909835465139
  0.49905189439092301  0.50952600336886389  0.52047261122659716  0.53069946736371665
  0.54094140693657988  0.54990806554995553  0.55893088235179911  0.56729768594154373
  0.57657409290127248  0.58649546739418035  0.59643567899472705  0.60600384959216458
  0.61423225118799174  0.62233728270132804  0.63067815801757332  0.63912709918738908
  0.64795343301894137  0.65607412086596351  0.66450587714303333  0.67217848879103625
  0.67947118050543542  0.68659497411404513  0.69315340835342465  0.69966689321017628
  0.70626486725955262  0.71275403981691188  0.71923060859099075  0.72574113027451070
  0.73227004373808990  0.73832446236474525  0.74355863536156142  0.74885888067584860
  0.75473012059438183  0.76057447881842877  0.76804378687897168  0.77416143614128108
  0.78020269313955393  0.78567768066412313  0.79083618148003920  0.79640221098484099
  0.80165394275501622  0.80673108774347058  0.81157721063376098  0.81561531240404350
  0.81995534370147505  0.82457452233140349  0.82946910092768300  0.83426953353450395
  0.83911998722803627  0.84491657998303427  0.85074544904858218  0.85641051534901269
  0.86155537224265055  0.86645161239537538  0.87087617753262203  0.87562011515780325
  0.88095482471493947  0.88685710225979342  0.89286283832889946  0.89839452167023992
  0.90369707786690812  0.90882700890769053  0.91423982898278466  0.92045645259724462
  0.92702276362313341  0.93297439087114131  0.93953491539657374  0.94622648954837907
  0.95403946557625585  0.96251932919016325  0.97521670110013758  1.00000000000000000
 -0.02112561183859879  0.13479672531520065  0.17734010249145910  0.20795949653293097
  0.23403883371468046  0.25724606117309762  0.27475944190630841  0.28982021089535948
  0.30441790421650650  0.31816517362570074  0.33237974325066844  0.34562068751734021
  0.35820770107741734  0.36955170238705864  0.38085652426728483  0.39250982035418763
  0.40632561923520139  0.41991331961003769  0.43050506086176887  0.44075414641626504
  0.44925955334135614  0.45673756416303851  0.46403500899779110  0.47169902313123785
  0.47945362006038783  0.48818618182297341  0.49737292001585603  0.50639095873920992
  0.51561871320576613  0.52484050466878451  0.53397023896661411  0.54193597784246905
  0.54974296762029706  0.55707772251588128  0.56371819074421525  0.56978271608678699
  0.57527908736033817  0.58084940516690375  0.58617781125919466  0.59111369203433539
  0.59591852114404253  0.60083654099250150  0.60589055397575231  0.60997236006311573
  0.61421581085029575  0.61803925772983737  0.62190282627171500  0.62563202008333352
  0.62986375344464229  0.63456980761338699  0.63951716121016489  0.64351409393931502
  0.64717060401278714  0.65094165133968596  0.65480924151233899  0.65977722829108354
  0.66469378584592453  0.67014544878748505  0.67554447648514004  0.68038903666221839
  0.68475040880750149  0.68909425237574096  0.69380886419647780  0.69862202241811600
  0.70367100386754167  0.70902152426477294  0.71406541215667907  0.71927967903797241
  0.72452683554593833  0.72991553798977815  0.73558211260056716  0.74158722336889760
  0.74817128928373522  0.75531157135564664  0.76298683692014047  0.76965938628001562
  0.77583578068083747  0.78181702695117417  0.78772466360117122  0.79388394607687995
  0.80038240874795286  0.80705255792773201  0.81368827141989220  0.82220552918509493
  0.82977482224195154  0.83689786461411064  0.84425250485106640  0.85173622293065776
  0.85913247309917529  0.86746489259317261  0.87733635127050258  0.88817216841772151
  0.90087577480012671  0.91617316169131180  0.93725334346199052  1.00000000000000000
   4.0008799124810945E-009  -1.0000000000000000     
 F F F F F F F F F F F F F F F F F F F F F F F F F F F F F F F F F F F F F F F F F F F F F F F F F F F F F F F F F F F F F F F F F F F F F F F F F F F F F F F F F F F F F F F F F F F F F F F F F F F F F F F F F F F F F F F F F F F F F F F F F F F F F F F F
  <DiscreteSampler_grid>
  grouped_processes
  1 # 1 for a reference and 2 for a running grid.
  10 # Attribute 'min_bin_probing_points' of the grid.
  1 # Attribute 'grid_mode' of the grid. 1=='default',2=='initialization'
  0.0000000000000000 # Attribute 'small_contrib_threshold' of the grid.
  0.5000000000000000 # Attribute 'damping_power' of the grid.
 # binID   n_entries weight   weight_sqr   abs_weight
    139   10   3.075452138585731E+001   6.644551784885569E+003   3.075452138585731E+001
    140   10   3.075452138585733E+001   6.644551784885577E+003   3.075452138585733E+001
    142   10   1.977660556685563E+001   8.868062837570551E+002   1.977660556685563E+001
    143   10   1.977660556685562E+001   8.868062837570538E+002   1.977660556685562E+001
    145   10   1.977660556685563E+001   8.868062837570551E+002   1.977660556685563E+001
    146   10   1.977660556685563E+001   8.868062837570545E+002   1.977660556685563E+001
    148   10   1.657614853510248E+000   1.356923183283220E+001   1.657614853510248E+000
    149   10   1.657614853510253E+000   1.356923183283226E+001   1.657614853510253E+000
    157   10   3.075452138585731E+001   6.644551784885565E+003   3.075452138585731E+001
    158   10   3.075452138585733E+001   6.644551784885577E+003   3.075452138585733E+001
    160   10   1.977660556685563E+001   8.868062837570551E+002   1.977660556685563E+001
    161   10   1.977660556685562E+001   8.868062837570538E+002   1.977660556685562E+001
    178   10   1.977660556685563E+001   8.868062837570551E+002   1.977660556685563E+001
    179   10   1.977660556685563E+001   8.868062837570545E+002   1.977660556685563E+001
    181   10   1.657614853510248E+000   1.356923183283219E+001   1.657614853510248E+000
    182   10   1.657614853510254E+000   1.356923183283226E+001   1.657614853510254E+000
  </DiscreteSampler_grid>
