  0.02290100485616248  0.03891679405480648  0.05179132661271050  0.06285761694288863
  0.07330849830339921  0.08374898902535947  0.09397263093324656  0.10424446544278147
  0.11434574052875250  0.12503854914082968  0.13405059473134923  0.14290018484358558
  0.15173752549714978  0.16022375167680591  0.16884125088489738  0.17727333321266803
  0.18556476339667405  0.19303107013050685  0.20012256483450705  0.20717680849899725
  0.21461670683003567  0.22251755052681771  0.23102325485092620  0.23992788025554482
  0.24890205948283872  0.25820650556881414  0.26860593550812389  0.27814812099019764
  0.28807774327827945  0.29767204679973386  0.30761113456873634  0.31907486913189032
  0.33100105984744121  0.34248295145144392  0.35291605209234456  0.36341998955650201
  0.37342263037525708  0.38295738182084976  0.39219360949093224  0.40187224005405542
  0.41176292432291817  0.42162595262357805  0.43135800275566438  0.44115484928388810
  0.45154872793482725  0.46223140178423922  0.47278483351231154  0.48255590751974781
  0.49099026361740133  0.49969580597245755  0.50857955942284516  0.51862896826278460
  0.52923990602369098  0.53944513543661732  0.55069905315537804  0.56182373068853353
  0.57119365232478769  0.58074829324155364  0.59084854428944977  0.60131166418519555
  0.61225715405023617  0.62300516348024437  0.63387042750090938  0.64453516125471833
  0.65495602828874078  0.66523563913971040  0.67537664371286077  0.68581479435653669
  0.69643473014016055  0.70743385473902232  0.71779622847901980  0.72769477067877475
  0.73660903218028151  0.74576300820589303  0.75635926943482890  0.76760852955176428
  0.77807190069961840  0.78782797629497814  0.79717771033348939  0.80679020628064757
  0.81576823023746525  0.82411741279238693  0.83198642288670566  0.84062102054559895
  0.84971834890876208  0.86104099793756006  0.87278992070861117  0.88492781363966466
  0.89700358733508145  0.91055738690485044  0.92472620059653199  0.93848884510553321
  0.95200599071277736  0.96323135497267343  0.97130144360684423  1.00000000000000000
 -0.00003814359095776  0.00040131773583323  0.00102729827307796  0.00194949758060591
  0.00329239167941071  0.00501147330528968  0.00707621112058735  0.00909564843376092
  0.01163738343005655  0.01463805284158038  0.01781615031339177  0.02155426679114967
  0.02504152992684093  0.02866682072467169  0.03252372828513438  0.03646751537004498
  0.04044688108326765  0.04496678943278258  0.04954541382548028  0.05435165847428963
  0.05988897681247876  0.06619221843187739  0.07288280336456815  0.07959951164948639
  0.08665979980568678  0.09471982776774912  0.10313685921821071  0.11059725602292161
  0.11705763217732862  0.12366180746996699  0.13047213453444004  0.13743203776885568
  0.14479462495240208  0.15233588305075760  0.15971545341579335  0.16729464474112166
  0.17568243091636024  0.18470265505700964  0.19421130687456101  0.20362361373407434
  0.21332476012038018  0.22303120913483693  0.23251387620439540  0.24199798671744815
  0.25137598138240597  0.26099392466757904  0.27058914063518436  0.28001735149699797
  0.29120100794575310  0.30296514606959463  0.31526136133622662  0.32743496941184203
  0.33906180206936631  0.35004996709063879  0.36086528644696925  0.37203473520517444
  0.38362503445743612  0.39559157305946890  0.40789936529038612  0.42095581699457357
  0.43426091207833994  0.44742680367340393  0.46096031486934086  0.47486666757862050
  0.48919228026834438  0.50330526680459742  0.51687515781158577  0.53034712730984168
  0.54334788657962318  0.55616193625071930  0.56816248584858964  0.57976768561078862
  0.59152069653345485  0.60316457676372426  0.61502359424799558  0.62730262031539819
  0.64001111585726178  0.65303373893947714  0.66614255512730869  0.68033141266777397
  0.69503776108101256  0.71007480329956818  0.72563164214067299  0.74208611841752559
  0.75977630543681873  0.78002619210606738  0.80018448512635343  0.82058474187630470
  0.84150577300741336  0.86289996381662326  0.88414716034241081  0.90603017323636914
  0.92856059476736663  0.95170558540159544  0.97550464416542104  1.00000000000000000
 -0.00324301940559378  0.01012332850412013  0.02250851541802838  0.03498321077924538
  0.04812969731356529  0.06080043206569393  0.07241626051883401  0.08332192928159833
  0.09364588748560201  0.10366384722641656  0.11334358647867671  0.12309088674457899
  0.13326043221893819  0.14368130193063633  0.15395365627666049  0.16502569782657905
  0.17641808544024429  0.18654976791733716  0.19823252324777788  0.20951490682461443
  0.21969636559398056  0.23151194038493741  0.24280341001086381  0.25434555944387693
  0.26600225262392940  0.27750163641076364  0.28928301837155262  0.30150369690348977
  0.31437060108645415  0.32703674141481148  0.33996827459886414  0.35282502041141467
  0.36429322258029628  0.37509514581483577  0.38565436280275561  0.39533452953844717
  0.40455453019316495  0.41283823474789316  0.42378462712535564  0.43475791141843634
  0.44484740545054680  0.45451430302273721  0.46392744209425063  0.47322447829453923
  0.48205012075981984  0.49120196342046202  0.50101870929759018  0.51103192418945043
  0.52074973665036073  0.53054057463927229  0.54054119362699593  0.55082219731576110
  0.56079417247420316  0.57026029511964060  0.57937237710394640  0.58925455517896574
  0.60041795272618370  0.61140970092154445  0.62168087886871981  0.63131275549156030
  0.64085185046619497  0.65022679895199398  0.65962745483942731  0.66938479377050952
  0.68006326045514953  0.69066660522307111  0.70188799335167307  0.71205315391240931
  0.72273602299975326  0.73320636501968917  0.74432618042283361  0.75449275538596061
  0.76401176556112582  0.77245048037862873  0.78158862352805936  0.79174346063543199
  0.80317888479498345  0.81513322029565682  0.82578614592463173  0.83603657737952497
  0.84589970337255582  0.85542066943321260  0.86585081260798591  0.87635528150661124
  0.88671802270919164  0.89637167028965681  0.90528568749788996  0.91468707383997638
  0.92496038471763731  0.93590006291737726  0.94624407547870537  0.95607338388850738
  0.96659167057621320  0.97801242202785432  0.98909623024609927  1.00000000000000000
 -0.02103880018896452  0.16643487590244818  0.24031447625294677  0.28619730516588415
  0.31874586026216895  0.34518821518902126  0.36851079571750611  0.38805187736079011
  0.40471180684003449  0.41935088833921469  0.43384607355425847  0.44748310158136329
  0.46063409861050353  0.47395397204195061  0.48737536155989075  0.50014771310466155
  0.51202799020251144  0.52279188560981138  0.53276053931382483  0.54265499101551573
  0.55220096202741920  0.56088601883400269  0.56886535061693522  0.57675581010890742
  0.58432871876876646  0.59259906241304017  0.60100785988402683  0.60962017189242801
  0.61801639484864346  0.62595560452168697  0.63280232002185988  0.63910036618686994
  0.64522684024775490  0.65107105494769080  0.65730258722819712  0.66352251854296529
  0.66925228106736945  0.67438635138006686  0.67933169306429741  0.68430086470414353
  0.68904467797349367  0.69435705436774242  0.69960274586767102  0.70558941165396838
  0.71097532545846731  0.71596026317582040  0.72046119970674483  0.72497059044398493
  0.72950863881004435  0.73524613566109109  0.74021461633451957  0.74496885797738532
  0.74937321253460709  0.75383227175794987  0.75868424275885937  0.76384808783043512
  0.76928082027698763  0.77533310165247959  0.78159550824665480  0.78766060940165949
  0.79348133843413704  0.79916920341363995  0.80469372045888543  0.81022741567366507
  0.81570614335908742  0.82129905880491993  0.82745299342627221  0.83381473554043972
  0.84015048426761163  0.84671601328099055  0.85335536411562574  0.85960802034549300
  0.86618249272250236  0.87246127634151394  0.87832221128067434  0.88383580200927925
  0.88928368908127609  0.89474991034621898  0.89990273846672109  0.90504805290111545
  0.91047220755497416  0.91593273054921664  0.92118434906775815  0.92662566408612002
  0.93246737355831999  0.93903555940749661  0.94563839725876508  0.95161559372966942
  0.95745652832549910  0.96300974737805989  0.96850615980852761  0.97464406741093990
  0.98113665879433887  0.98773321382176260  0.99401766353066645  1.00000000000000000
 -0.00195402431438688  0.00814295727966014  0.01647641525836377  0.02521403991255957
  0.03485500297635601  0.04408047381137596  0.05377292386730111  0.06411488422225001
  0.07707527602229233  0.09064043049907586  0.10337465717530328  0.11552621886108094
  0.12677246974760689  0.13708142061756012  0.14683985036963076  0.15605084048029316
  0.16540884430024805  0.17501581038485697  0.18532353084624276  0.19679548441697770
  0.20840455044190878  0.21979742834467433  0.23073981389440090  0.24123173706781162
  0.25280037118691323  0.26438789412622909  0.27501350054895640  0.28496817987735318
  0.29433595836160820  0.30315221720785468  0.31157586696794598  0.31938039705336629
  0.32734053227727000  0.33594454637078142  0.34452264352044221  0.35238469193086935
  0.36111467734121833  0.37042698861682832  0.38088962255020586  0.39103500647408024
  0.40124823349486022  0.41117886645744484  0.42265302612043887  0.43433321844653577
  0.44654582378244362  0.45884907803339758  0.47056675375784163  0.48238291983769521
  0.49363612335502904  0.50556740992491567  0.51846667233428811  0.53266236318384508
  0.54711105630303436  0.56071437813373426  0.57308223560434557  0.58445204033200893
  0.59536790715998655  0.60618875653827520  0.61709384595845607  0.62767546178167888
  0.63748721970207889  0.64698897044567594  0.65657060292223535  0.66657695344094747
  0.67759236653603294  0.68829417735527532  0.69916427978540263  0.70909826108099649
  0.71790082764231022  0.72654312593735204  0.73506095408816108  0.74377542797728813
  0.75329600049830214  0.76350110549557604  0.77302530440369455  0.78667552671575802
  0.79941603722240318  0.81201995358412760  0.82360245192173209  0.83433809124690750
  0.84439468372593629  0.85431944550821814  0.86433487168894729  0.87434380534571421
  0.88437332439252669  0.89404653300238979  0.90384477063588564  0.91374223440299918
  0.92479183574307766  0.93554470558712299  0.94570837800136631  0.95604142611291576
  0.96683520519211075  0.97843966237551849  0.98947331081044043  1.00000000000000000
  0.01527690512479891  0.11106662432257584  0.14750772571875120  0.17748441222134817
  0.20237302740161459  0.22100751398091401  0.23641349171887482  0.25103512046097148
  0.26534512752728628  0.27967975013727148  0.29348981733349033  0.30604502750515333
  0.31838661537218332  0.33107966617075307  0.34274867838174167  0.35318264199529248
  0.36527013365726496  0.37814748749792648  0.39120386527422285  0.40525875983775128
  0.41877706086213884  0.42866515852943160  0.43848366818588558  0.44846398287247768
  0.45857841981574521  0.46830703752967417  0.47695300205414470  0.48674524928512303
  0.49689994969000556  0.50859803361903066  0.51884980233185507  0.52890575666238637
  0.53873649473103769  0.54879792347909462  0.55909765381796783  0.56917888502857994
  0.57881730373222762  0.58681449358341187  0.59395691654689076  0.60085616075675263
  0.60792702406424737  0.61502591796019490  0.62195010686905405  0.62878865127733163
  0.63553362703643801  0.64248850381029765  0.64977336565634214  0.65692576595764962
  0.66387818512167207  0.67066041429617218  0.67662996411332232  0.68271973883443815
  0.68862759702924525  0.69500663108800564  0.70152707367549305  0.70827922717360203
  0.71488219625052252  0.72120731021863149  0.72727997939166678  0.73332184707017012
  0.73940452737223483  0.74539313156412090  0.75133551047494873  0.75747122953924451
  0.76396002244921590  0.77075017513856792  0.77806642605794007  0.78506408474501665
  0.79142586197255138  0.79725699167684738  0.80280517789764161  0.80820066380870803
  0.81337754881200064  0.81830585438295123  0.82323865076702474  0.82855327168864179
  0.83424756277930556  0.84013399956496182  0.84594875827886051  0.85134546129639488
  0.85766301127042677  0.86445079378247258  0.87117793236622587  0.87813582936465973
  0.88546894182943070  0.89276626528863268  0.90057827809328583  0.90842085891931146
  0.91628562151927861  0.92409918295899940  0.93192862331595550  0.94009748694666595
  0.94887460345846475  0.95899039591638657  0.97413291747954223  1.00000000000000000
 -0.01593116930920502  0.09450670453414749  0.13317265431041733  0.15500582868979040
  0.17245536968148040  0.18746251574552736  0.20071240265292573  0.21246932804823779
  0.22325236812496022  0.23336181813174067  0.24281163372949138  0.25204779886787726
  0.26160419365422799  0.27043945632877980  0.27844265884142466  0.28672776326632737
  0.29464597326870234  0.30262597247842915  0.31010373493302235  0.31707918880539654
  0.32370438608391744  0.33017230173464690  0.33620947662728196  0.34202127636128227
  0.34775648108768226  0.35378954979648103  0.36021888479539904  0.36693963160227333
  0.37353622517328378  0.38011272335708823  0.38684267716982429  0.39359697911657354
  0.40004900430022428  0.40570090988417029  0.41107222972317264  0.41633458214920488
  0.42176417990940235  0.42738998377298498  0.43311542494125288  0.43911802979957443
  0.44566172393105569  0.45225931990293594  0.45896910371849975  0.46577296426390413
  0.47237535108575512  0.47860408724985198  0.48454139743076546  0.49035265444708603
  0.49647054626292147  0.50269910396215312  0.50890885378254658  0.51531560861044123
  0.52169039912991511  0.52782245191678123  0.53344164973922903  0.53844157006971871
  0.54319620310032513  0.54811245860879398  0.55326479585202570  0.55871235545508346
  0.56426006213169111  0.57020641025557817  0.57611239774180900  0.58196182807351038
  0.58753370564854834  0.59300833885251170  0.59832050783541946  0.60356909225264999
  0.60899878058050372  0.61455528205886056  0.62007791502689769  0.62557481296296591
  0.63123108606511935  0.63712116334390212  0.64298055874057447  0.64922079647953601
  0.65619188907699810  0.66354973591889999  0.67189069878363161  0.68053037682808637
  0.68941907220649601  0.69971500515073171  0.71070945220777104  0.72239805262962786
  0.73338830066258964  0.74344123568816955  0.75301150339466172  0.76309665845842400
  0.77388124703794237  0.78617751905705613  0.79938664749338695  0.81467191784388204
  0.83182621459888295  0.85266499581677624  0.88650821575394012  1.00000000000000000
   3.6969012132589391E-009  -1.0000000000000000     
 F F F F F F F F F F F F F F F F F F F F F F F F F F F F F F F F
  <DiscreteSampler_grid>
  grouped_processes
  1 # 1 for a reference and 2 for a running grid.
  10 # Attribute 'min_bin_probing_points' of the grid.
  1 # Attribute 'grid_mode' of the grid. 1=='default',2=='initialization'
  0.0000000000000000 # Attribute 'small_contrib_threshold' of the grid.
  0.5000000000000000 # Attribute 'damping_power' of the grid.
 # binID   n_entries weight   weight_sqr   abs_weight
    52   10   3.530027028394941E+000   3.651524033451047E+001   3.530027028394941E+000
    53   10   3.530027028394939E+000   3.651524033451030E+001   3.530027028394939E+000
    55   10   1.223511080104454E+003   4.516032293961751E+006   1.223511080104454E+003
    56   10   1.223511080104454E+003   4.516032293961732E+006   1.223511080104454E+003
    73   10   1.814068687120003E+002   7.435621283787645E+004   1.814068687120003E+002
    74   10   1.814068687120003E+002   7.435621283787640E+004   1.814068687120003E+002
    76   10   1.814068687120002E+002   7.435621283787642E+004   1.814068687120002E+002
    77   10   1.814068687120003E+002   7.435621283787642E+004   1.814068687120003E+002
  </DiscreteSampler_grid>
