  0.00990828775313469  0.01486262512887759  0.01978554171670880  0.02596122520094371
  0.03289227890098382  0.03943992211966797  0.04673490120627816  0.05692883931943470
  0.06616376071245335  0.07677193116294495  0.08846802830966262  0.09999341110597768
  0.11130970026788950  0.12208378339885208  0.13361594186785802  0.14442878613170687
  0.15513291555110686  0.16652784288845765  0.17719135484769052  0.19096377920983476
  0.20290438105483283  0.21453979982702895  0.22741075745725969  0.23888614270212200
  0.25132669197837137  0.26452407823433244  0.27779201563760797  0.29330252982178889
  0.30665251610291328  0.31784253469928231  0.32820503569729909  0.33837713450916629
  0.34872190010936455  0.35845972783980695  0.36697558235103234  0.37617017692581950
  0.38575882541993961  0.39558461000136952  0.40528121860264593  0.41356496925785985
  0.42358354687901933  0.43566313335305495  0.44828360214761093  0.45814918050523507
  0.46490077581116696  0.47198319429300056  0.47946320632092126  0.48602773168018132
  0.49419172763123959  0.50378258295386658  0.51375705839765184  0.52565488610084854
  0.53845178974486696  0.55044361410683407  0.55986504896167089  0.56820728520901687
  0.57599841974757648  0.58377789343870057  0.59467003968703913  0.60929226667755865
  0.62429912720669722  0.63730650532003841  0.65166731586286231  0.66651556664008849
  0.68220888846586825  0.69648032694435336  0.71046338360923034  0.72514831768469945
  0.74102295866671153  0.75691376148580791  0.77009322158872429  0.78153969815810143
  0.79266915306221331  0.80543534298475716  0.81906555430617234  0.83332743987550850
  0.84652519321246711  0.85748478193098732  0.86776473149790101  0.87788437909924122
  0.88825985349464698  0.89949561099430930  0.90902585901922528  0.91530104158346182
  0.92152244054371102  0.92720714382447988  0.93273185431855687  0.93847052240329676
  0.94485642489083288  0.95192504947823720  0.95976103971970528  0.96810310531384225
  0.97614239748251419  0.98507468307238932  0.99099976773707332  1.00000000000000000
  0.00000251734712555  0.00000278869131416  0.00000302551319112  0.00000324156703153
  0.00000340519190423  0.00000345820299841  0.00000355757954295  0.00000367863002631
  0.00000381548458260  0.00000400632462336  0.00000422623287556  0.00000448190164773
  0.00000471772090403  0.00000494207799170  0.00000516593462204  0.00000540938461216
  0.00000568852487557  0.00000601148994966  0.00000637075086260  0.00000671731775105
  0.00000704388785137  0.00000735880547520  0.00000767501877224  0.00000804368635438
  0.00000851028431059  0.00000898252934277  0.00000943302796350  0.00000987420678402
  0.00001030288360824  0.00001080315436029  0.00001132682060902  0.00001178766253269
  0.00001222602330142  0.00001270190622745  0.00001321720499833  0.00001383295150118
  0.00001451154569170  0.00001515719506870  0.00001569092615591  0.00001611359583674
  0.00001662610574785  0.00001719395669933  0.00001781380499666  0.00001842695741371
  0.00001897303390643  0.00001966082011036  0.00002039560582707  0.00002102084186349
  0.00002174022090457  0.00002243826304193  0.00002333205435723  0.00002432215913959
  0.00002541437274055  0.00002665506335122  0.00002790192680735  0.00002899007390008
  0.00002993151225516  0.00003081681102417  0.00003168114687810  0.00003266723697384
  0.00003383166157122  0.00003506062874603  0.00003637694401839  0.00003735555166034
  0.00003819791235991  0.00003897487821337  0.00003986784065480  0.00004102675850043
  0.00004217487128907  0.00004351042336807  0.00004543541539553  0.00004713010834924
  0.00004892850327836  0.00005136320978734  0.00005381956492369  0.00005653608601581
  0.00005947311561930  0.00006228942524935  0.00006471522828197  0.00006810292518643
  0.00007256758316855  0.00007814865994324  0.00008476064007579  0.00009243339641104
  0.00010040444740366  0.00011178880475529  0.00013022276111312  0.00015969224491535
  0.00020793555603708  0.00027463450883713  0.00033216695326661  0.00040618329043215
  0.00057042759029865  0.00108683230224799  0.03609982362368133  1.00000000000000000
 -0.00000015339305828  0.00000546938237043  0.00000844722491448  0.00001073565270542
  0.00001262964324618  0.00001480421895305  0.00001717752108523  0.00001967331269238
  0.00002176906290371  0.00002351391256147  0.00002468546960293  0.00002557474103885
  0.00002648243403258  0.00002736401091806  0.00002823999816459  0.00002917938813539
  0.00003036117350197  0.00003186875768446  0.00003311651986971  0.00003446892831148
  0.00003583427158611  0.00003714900146391  0.00003853308759935  0.00004012301908258
  0.00004180376254004  0.00004328892433074  0.00004489933540852  0.00004647498334663
  0.00004802469796118  0.00004938561881894  0.00005126651475767  0.00005350867398744
  0.00005588119641136  0.00005829478393124  0.00006061993451845  0.00006276653621236
  0.00006469016244880  0.00006641864187883  0.00006813335297290  0.00007002140246655
  0.00007215953479596  0.00007486459927244  0.00007801368387054  0.00008158615048483
  0.00008487429657392  0.00008796160304590  0.00009102184375286  0.00009412705862940
  0.00009723117255037  0.00010031387258492  0.00010380697059267  0.00010817808821324
  0.00011281813824022  0.00011742020657328  0.00012223352261423  0.00012763448884252
  0.00013311455612352  0.00013805478639495  0.00014303309952070  0.00014864304854668
  0.00015409310730705  0.00016055555388548  0.00016848978348828  0.00017649910209274
  0.00018499675523838  0.00019552665009294  0.00020706073939963  0.00021874608133983
  0.00022891564002768  0.00023793622604458  0.00024803565510100  0.00026004479558494
  0.00027598602808226  0.00029735241841615  0.00032149053474509  0.00034603482485157
  0.00036756061887810  0.00039140006977382  0.00041652193999106  0.00044453848632723
  0.00047678739943185  0.00051761006215393  0.00056964345585063  0.00063559964625887
  0.00070439250525182  0.00078385474222030  0.00088690570393443  0.00101504985008550
  0.00115868010097576  0.00137815410193061  0.00162089758522495  0.00177563376914127
  0.00199269761036206  0.00246543227579462  0.02263578695294027  1.00000000000000000
 -0.00151517677586767  0.00525873653644919  0.01243078857140638  0.01936564111104850
  0.02799139517930701  0.03687658262518110  0.04435247569242096  0.05225511511162732
  0.05978030265847019  0.06739716020818466  0.07572838837272960  0.08660053218458014
  0.09896526714090678  0.11390780189264554  0.13028013810513006  0.14538404430296178
  0.15317303034039359  0.15733845229050206  0.16146249351686923  0.16571422172505318
  0.17299746151690051  0.18110760312301327  0.18924619156492939  0.19795340226477373
  0.20575417758809650  0.21456596560238125  0.22484638972166676  0.23617859250313011
  0.24834487686335516  0.25969293400217375  0.27075363264246682  0.28111312296886715
  0.29175234160952257  0.30266801476627314  0.31495329277094569  0.32836623713378815
  0.34287324671105868  0.35685665612841377  0.36897757688559019  0.37893970737295019
  0.38935800433868506  0.40096793037456019  0.41494237240681203  0.43088455395569103
  0.44496750359701426  0.45580795289070547  0.46510721470871186  0.47467475703546053
  0.48644824733904019  0.50279938701262372  0.51943577444208100  0.53614895196173318
  0.55256906652128235  0.56730111640691983  0.58070905025939501  0.59203541363265777
  0.60254851313219948  0.61220625675345464  0.62144106390621856  0.63119702434207492
  0.63971279894083022  0.64864735316250133  0.65790352037352573  0.66664444369527409
  0.67399268108534882  0.68132941824670334  0.68862760444234450  0.69613517269452085
  0.70389641696950578  0.71125863462687688  0.72039328898319843  0.72775658192629000
  0.73743812824117061  0.74889802001380623  0.76233464043373933  0.77608429339947171
  0.79040999809166512  0.80640335739934477  0.82495293293739902  0.83992496674475092
  0.85100015761661085  0.86145347842423148  0.86972986130380769  0.87855837018467764
  0.88728262804276914  0.89639948842678396  0.90561121917650456  0.91430462929684464
  0.92355938059702625  0.93449153609056435  0.94502629175645270  0.95523119539032342
  0.96484093500767987  0.97439493699222313  0.98396045234816454  1.00000000000000000
 -0.00233272308092723  0.01070395203723673  0.01907646768466558  0.02478701001609440
  0.03147027004816962  0.03857656687405986  0.04607732157475960  0.05650562931632016
  0.06833501466126737  0.08105435121938000  0.09422355652615069  0.10785731999978680
  0.12246441604743707  0.13665729325812034  0.14955040889018847  0.16030352197006548
  0.16950271183829055  0.17875474131194360  0.18649989167163999  0.19442344762015881
  0.20407422602476388  0.21295690770152720  0.22269130742219884  0.23486294229778687
  0.24809551862054513  0.26121340731686954  0.27314685574652592  0.28541829378353356
  0.29677142661766054  0.30772124810334706  0.31808754892973440  0.32727647442514968
  0.33641664958029921  0.34611037526123167  0.35816244623658500  0.37202750698569287
  0.38542149140915644  0.39559146206571216  0.40465067997667314  0.41469499566175466
  0.42666160368933659  0.44288253954002371  0.45760333318624352  0.46903824822313889
  0.48062879640903677  0.49202396157357692  0.50258190401682556  0.51407860817837703
  0.52550944791842602  0.53526964014374778  0.54314861785154900  0.55082918762332089
  0.55911721928526081  0.56813868276495993  0.57748700422873134  0.58731494115877370
  0.60117889643813183  0.61426399307847168  0.62605679043164753  0.63725702313717869
  0.64781897672495836  0.65827826049374405  0.66848391175814148  0.67854589488490458
  0.68863302193936404  0.69959817889719422  0.71160289028353219  0.72459785342086502
  0.73629180573402953  0.74750329310425001  0.75838383115214991  0.76856646371116499
  0.77992381191904658  0.79051132515676659  0.80059229639206364  0.81253605966918185
  0.82339090873435439  0.83095156322752184  0.83836249662330986  0.84504786774587215
  0.85124250056898598  0.85792786140379096  0.86743599885530820  0.87794458037179945
  0.88928519381742654  0.90144060223625944  0.91491547399169204  0.92908664192092494
  0.93932911223565174  0.94554746907288967  0.95287006535205943  0.95931827834591477
  0.96429502393405508  0.97154114392545665  0.98326240983864344  1.00000000000000000
 -0.00204854037641653  0.00859700078120521  0.01854201372682673  0.02611475712270881
  0.03385234648066381  0.04370631959904053  0.05559087130568785  0.06644741729205997
  0.07527668130286896  0.08287867887050832  0.09282503177743692  0.10295566601678079
  0.11153283604970887  0.11917783376139789  0.12693316681089936  0.13665901136999647
  0.14757432153348554  0.15863798230265161  0.16963880930385300  0.18225593502245249
  0.19686554483658003  0.21129938691585196  0.22617560805821738  0.23970836126891315
  0.25116179997854721  0.26202150722511625  0.27383524100748707  0.28735316277319828
  0.30134452398193967  0.31374283782378604  0.32275384755566200  0.33022123448307189
  0.33862735793460008  0.34695724186688914  0.35444791052324415  0.36170875508753214
  0.37167178492664216  0.38493655522303316  0.39878225502601972  0.41131061517191791
  0.42227535794272864  0.43263051387409807  0.44382526755817558  0.45462517447327228
  0.46546412560583816  0.47515141127636334  0.48521250802957200  0.49659309287586040
  0.51087262971676273  0.52550387391058417  0.53616491410110689  0.54383958214907269
  0.55056160745424765  0.55919249649796854  0.56722987214370280  0.57363090642151660
  0.58148858952480131  0.59165283323998241  0.60168401734326038  0.61140040004323926
  0.62357340651698434  0.63515681589169204  0.64366911044460640  0.65070814233917817
  0.65783985004693069  0.66689527801060922  0.67673861786611333  0.68783817772846600
  0.69986671059265249  0.71170419517800299  0.72268796555380743  0.73303853870648894
  0.74382202432331868  0.75557193141749113  0.76770736266697215  0.78117666455495427
  0.79612558271487976  0.80923342374390450  0.81969783124990614  0.83008157031877938
  0.84236168391910349  0.85146725421797709  0.85985998604302305  0.86832723925524924
  0.87726903413401502  0.88546767464494724  0.89515033221319362  0.90542304027491638
  0.91905072934023868  0.93280866805824880  0.94648439835520137  0.95852816958973530
  0.96907229384235039  0.97929973358522238  0.98936821908206973  1.00000000000000000
  0.00010139031109678  0.00011241226091294  0.00013200406223901  0.00015461214520821
  0.00017919841605505  0.00020089048290716  0.00022177578062183  0.00024039557009221
  0.00025858831376215  0.00027738350016312  0.00029626088731921  0.00031587198410225
  0.00033543570367303  0.00035480939629521  0.00037461537451862  0.00039517584956643
  0.00041595512572262  0.00043689038938762  0.00045726956557957  0.00047707123265255
  0.00049401087694916  0.00051062790455163  0.00052691589131157  0.00054155016215145
  0.00055667158963743  0.00057237768678190  0.00058887112593153  0.00060574239245994
  0.00062356334002672  0.00064141003613370  0.00065863608865751  0.00067658381951125
  0.00069388788686444  0.00071068897621767  0.00073017988762094  0.00074876918195424
  0.00076744065865153  0.00078725639437464  0.00080590949399422  0.00082508048153814
  0.00084582421515755  0.00086667364609932  0.00088945965699417  0.00091535270940686
  0.00093943163272727  0.00096672809586317  0.00100336938750014  0.00104729835477568
  0.00109470247315630  0.00114084715874326  0.00118642962545657  0.00122687498577242
  0.00126528427589548  0.00130240563383825  0.00134053316157279  0.00138348757280454
  0.00143585957599213  0.00150067689742494  0.00158154364319578  0.00166938985255731
  0.00173775720688099  0.00179459467341858  0.00185155669398507  0.00191603617270277
  0.00196763248080779  0.00201942775618639  0.00209238004199069  0.00217813361606273
  0.00227684702464993  0.00242513005849833  0.00259161285612187  0.00273608222347691
  0.00289560487075480  0.00311531106801532  0.00339279377380291  0.00365734051957868
  0.00384657158069685  0.00395979445381177  0.00408752813792158  0.00420976905846726
  0.00438218609293337  0.00462136142279074  0.00486403800769517  0.00494887845908177
  0.00506319053556673  0.00518233492526199  0.00525799630383952  0.00533509466571423
  0.00548670251474980  0.00561202477139553  0.00627691036299042  0.00747822533111136
  0.00889652417005404  0.01089627043235356  0.21967121328323791  1.00000000000000000
 -0.00163766630052804  0.00678506149406234  0.01227605388878138  0.01610723895088136
  0.01995346017510219  0.02437190378324052  0.02977052170004259  0.03526263405620851
  0.04001827160175341  0.04688747310754706  0.05361605774364930  0.06023143130263735
  0.06744536758292613  0.07575640158224073  0.08506217065858535  0.09431194607164001
  0.10272570040507471  0.11172330250444411  0.12133619683692880  0.13065728962965345
  0.13910659881003692  0.14805529694878411  0.15701450164396627  0.16742209122757964
  0.17782249995889537  0.18816787344064864  0.19939484148589959  0.20851802880596268
  0.21669664712523815  0.22474164763740037  0.23478944840181906  0.24743880187713219
  0.26477798542615782  0.27842253320167176  0.29031774636218471  0.30180353060392112
  0.31336548740188030  0.32741736272626848  0.34778513924694171  0.36883629351229436
  0.38925937420919565  0.41127548115402179  0.43155643129641086  0.45265077823786082
  0.47569302907746724  0.49530470547108474  0.51018301044838199  0.52617602535660524
  0.54293403835763843  0.55934212865132504  0.57257474886517146  0.58532108944341676
  0.59797103551804265  0.61246635776046399  0.62885523808603017  0.64891154872830414
  0.66495284492577578  0.68051888971518437  0.69435148019589632  0.70609368748758117
  0.71565942386980486  0.72468207727844014  0.73285697436872654  0.73895601030477120
  0.74412844425013547  0.74880451649950075  0.75339751685759526  0.75771706017337870
  0.76234297451265609  0.76815643008817536  0.77591999708622972  0.78457453033207147
  0.79310157409390880  0.80478115507352821  0.81656558799855539  0.82872903067244752
  0.84038234614441287  0.85119663954075253  0.86173490596559088  0.87036396677619787
  0.87792208424767781  0.88522770744760593  0.89113993383922796  0.89768459210988416
  0.90377737818432136  0.90961711502826847  0.91636419256058366  0.92506299989276897
  0.93406758704707293  0.94344443955885771  0.95207123843936847  0.96027095663109885
  0.96832667588096633  0.97909752858399401  0.98933973246025464  1.00000000000000000
  0.06074018129945085  0.25602950958568899  0.33643142243337276  0.38157148466405511
  0.41317504033444852  0.43762442686953412  0.45202304925647868  0.46144096822968322
  0.46984339098987610  0.47763725875645913  0.48423565313051015  0.49104049944668682
  0.49786658884864626  0.50500982234596614  0.51186076359318000  0.51627545898819494
  0.52069208310120629  0.52445652874402116  0.52766421388381224  0.53143055213939538
  0.53554517748544972  0.53968164996085921  0.54357410847949272  0.54749444402921066
  0.55136693643395951  0.55626760857985147  0.56089946001754132  0.56473376559108124
  0.56915004123272339  0.57358571098635225  0.58140223129274904  0.59009878239612301
  0.59896476713002300  0.60618075581433450  0.60971558914107260  0.61326341784223726
  0.61621982434018541  0.61946459518630459  0.62219303957674599  0.62508405257398414
  0.62796047445102365  0.63141055070507257  0.63507352927288763  0.63907466082977915
  0.64296800860385128  0.64735736288520329  0.65157151772995325  0.65560310641469377
  0.65988359864339230  0.66475533619999350  0.67001331625380467  0.67714864228739602
  0.68450331322571356  0.69172506247603593  0.69845036862051413  0.70482026853893420
  0.71106649587182225  0.71825527419589819  0.72646085240181701  0.73557990169739562
  0.74495210779699861  0.75245077277829453  0.75920337382261927  0.76621703328583446
  0.77305468502350272  0.77941840085913883  0.78519942158791334  0.79124128254343329
  0.79941719027095970  0.80853496866348540  0.81653117840639666  0.82355602944260009
  0.83088449210394644  0.83808788635868836  0.84517552964260401  0.85211912357739283
  0.85911249281653246  0.86691383456370952  0.87468102025273975  0.88092033386481838
  0.88677157501901482  0.89194107553605484  0.89831622874120443  0.90489673950249261
  0.91171241759302080  0.91896810568114107  0.92676051020785477  0.93469017587267123
  0.94301116549975039  0.95124419210664701  0.95928667814970059  0.96713528103754876
  0.97444174542817252  0.98238904975336527  0.99102255632676184  1.00000000000000000
 -0.02614902873689624  0.12365414166755867  0.15680096763529183  0.18183984560846400
  0.20255704380383177  0.21986673013361194  0.23380844516341887  0.24618086410555648
  0.25869343471607570  0.27146703058125443  0.28324789008878043  0.29335685061117683
  0.29988287794592383  0.30655909618172050  0.31367918720927473  0.32049094561277408
  0.32859201718134617  0.33770164918182055  0.34672271663502213  0.35436001467735728
  0.36046409441440902  0.36639823354166384  0.37214099145460050  0.37801171122645383
  0.38454763826107757  0.39143393314080810  0.39795824533304536  0.40383710958612851
  0.40998824742213796  0.41582651412709931  0.42105788176009851  0.42609812002086761
  0.43135281292850219  0.43635621616950576  0.44132543060658308  0.44676283615397611
  0.45316895749233882  0.46039736255124541  0.46732316459145812  0.47406037559118080
  0.48092191647233007  0.48792788154748967  0.49584852668054463  0.50192995690665021
  0.50624148702934257  0.51001233766338105  0.51353457415030246  0.51663958756839601
  0.51930954888557435  0.52231324290519476  0.52556160281472108  0.52886796132800418
  0.53299990772637840  0.53907557117399840  0.54413401615931944  0.54855749852410174
  0.55284660333535862  0.55688178348273210  0.56139825659885745  0.56656507019434188
  0.57222677454124082  0.57807416715423021  0.58422422738395630  0.59115246621419570
  0.59784211175548596  0.60360975123817362  0.60763453236388731  0.61181468831488828
  0.61779683162768173  0.62495155759106957  0.63140888575758192  0.63667834880789986
  0.64109126551482287  0.64567923621350953  0.65095596590539595  0.65661671047685433
  0.66118271937684470  0.66537941831824776  0.67024525198615947  0.67599734791372124
  0.68534509194756799  0.69432216298197125  0.70436815785103035  0.71578698730128476
  0.72752543565768713  0.73872065690295252  0.74959029073756722  0.76093017086021997
  0.77253381445523706  0.78384626342192232  0.79509634262416651  0.80858842564882594
  0.83033306410826979  0.86320914497688261  0.90147785684125414  1.00000000000000000
   3.9073631067082139E-010  -1.0000000000000000     
 F F F F F F F F F F F F F F F F F F F F F F F F F F F F F F F F F F F F F F F F F F F F F F F F F F F F F F F F F F F F F F F F F F F F F F F F F F F F F F F F F F F F F F F F F F F F F F F F F F F F F F F F F F F F F F F F F F F F F F F F F F F F F F F F
  <DiscreteSampler_grid>
  grouped_processes
  1 # 1 for a reference and 2 for a running grid.
  10 # Attribute 'min_bin_probing_points' of the grid.
  1 # Attribute 'grid_mode' of the grid. 1=='default',2=='initialization'
  0.0000000000000000 # Attribute 'small_contrib_threshold' of the grid.
  0.5000000000000000 # Attribute 'damping_power' of the grid.
 # binID   n_entries weight   weight_sqr   abs_weight
    25   10   6.134909686123360E+000   1.837044931336322E+002   6.134909686123360E+000
    26   10   6.134909686123358E+000   1.837044931336320E+002   6.134909686123358E+000
    28   10   7.600387220122724E+000   3.070618095006027E+002   7.600387220122724E+000
    29   10   7.600387220122724E+000   3.070618095006015E+002   7.600387220122724E+000
    31   10   7.600387220122724E+000   3.070618095006027E+002   7.600387220122724E+000
    32   10   7.600387220122724E+000   3.070618095006015E+002   7.600387220122724E+000
    34   10   8.489977728854632E+001   5.622364308408698E+004   8.489977728854632E+001
    35   10   8.489977728854642E+001   5.622364308408681E+004   8.489977728854642E+001
  </DiscreteSampler_grid>
