  0.00965832772879689  0.01573064730449520  0.02541939613802520  0.03730728758968870
  0.04911088515550570  0.06005004901021244  0.07041511615642132  0.08162735685331042
  0.09377585994644042  0.10690293967723435  0.12085192023007600  0.13339451734849314
  0.14469783156553773  0.15586357458726779  0.16674195457631572  0.17679361708414509
  0.18649235664691899  0.19625358341050955  0.20658982288162653  0.21708073703864206
  0.22745062362969759  0.23852768264362031  0.25025224571332688  0.26168798267633137
  0.27257184027149167  0.28256089142598112  0.29204441542794629  0.30143564662654060
  0.31073587751531145  0.32073448275752575  0.33117213115966082  0.34208422177362480
  0.35252187829443438  0.36258932628557949  0.37254364932226985  0.38321819621186315
  0.39467042017096732  0.40642862923211481  0.41849650527263199  0.42964392132964807
  0.43998328628408040  0.45064856749954108  0.46113314313632225  0.47359258399183873
  0.48571493563935070  0.49752364552732636  0.50900555858335839  0.52136018584140131
  0.53389366300180885  0.54554888043509997  0.55587130018305941  0.56622213361671037
  0.57715033471869737  0.58798115511575733  0.59846165769331638  0.60779584331270975
  0.61749970201920623  0.62782065512843921  0.63827852328213652  0.64848529926179488
  0.65842682895360416  0.66855753921146499  0.67807124825541554  0.68756597834220134
  0.69802928161328848  0.70863507330727915  0.71895072434709917  0.72977585520565857
  0.74198439288532247  0.75405078244890000  0.76584076350168118  0.77763246025968691
  0.78917131351006375  0.79987792041397032  0.80892728919981860  0.81713688036876064
  0.82541583148301712  0.83408543574062310  0.84391164888191406  0.85436144074026599
  0.86500200101904179  0.87587947467575844  0.88611493904192673  0.89631785317882218
  0.90618706632145374  0.91576317127147622  0.92555074752555322  0.93587629314252618
  0.94548356389218946  0.95358271189482158  0.96145029221863643  0.96981480614281157
  0.97887112812817767  0.98674194173745011  0.98986758291279942  1.00000000000000000
  0.00010413146660171  0.00011883981808327  0.00013233679510565  0.00014473360665574
  0.00015661162127444  0.00016792964815527  0.00017812903075214  0.00018804462514937
  0.00019754879865443  0.00020747961002442  0.00021718402772416  0.00022590722075046
  0.00023400983496528  0.00024152107332796  0.00024881678307402  0.00025627847405817
  0.00026416434420198  0.00027254548070374  0.00028098486262985  0.00028929994361088
  0.00029788863992349  0.00030651042914928  0.00031602931066848  0.00032591256758505
  0.00033599686641460  0.00034677221551184  0.00035826325908290  0.00036936686985629
  0.00038028633872838  0.00039143079018511  0.00040286311350091  0.00041404978779761
  0.00042412863493441  0.00043237999546547  0.00044018294383294  0.00044893196205782
  0.00045761326114119  0.00046697014600302  0.00047706203517311  0.00048832555295613
  0.00050045982533431  0.00051287323748512  0.00052601373104668  0.00053981281861850
  0.00055354317800963  0.00056684659896190  0.00058077299867273  0.00059657688552989
  0.00061431554245966  0.00063279568682751  0.00065117994737582  0.00066963231330698
  0.00068928514728852  0.00070855011485370  0.00072823681406444  0.00074959597815667
  0.00077372694514404  0.00079923463391110  0.00082617704235456  0.00085325485885151
  0.00088140862394335  0.00091164453685482  0.00094528323078594  0.00097863254603980
  0.00100914227155146  0.00104034662757510  0.00107323644656432  0.00110802435618696
  0.00115382560422715  0.00120450635465877  0.00126163741164654  0.00131975365644056
  0.00137757015945151  0.00143782723559940  0.00150664166832601  0.00158648151447054
  0.00166743460983030  0.00175575562032980  0.00185526995535717  0.00194555907417661
  0.00204350504513452  0.00215083439528973  0.00229386577404369  0.00246277117639047
  0.00264764023534771  0.00284008759596926  0.00310247553851206  0.00346078648520285
  0.00384356173056562  0.00421689276569206  0.00474349509462298  0.00536637873723099
  0.00601847127165074  0.00761920906477335  0.11004410724433683  1.00000000000000000
  0.00000246547043430  0.00000298586191937  0.00000337189688159  0.00000381387284736
  0.00000431080511584  0.00000491301242286  0.00000562585627107  0.00000637841715263
  0.00000722446889004  0.00000813279542569  0.00000910609581741  0.00001014248369638
  0.00001126551538454  0.00001245605105147  0.00001377200255282  0.00001518935805898
  0.00001662824532528  0.00001801992942634  0.00001948434815895  0.00002105705485177
  0.00002275707714694  0.00002446051023371  0.00002613675443568  0.00002781447706027
  0.00002957267149449  0.00003138235125712  0.00003338445668654  0.00003566874852486
  0.00003819979934243  0.00004100432941579  0.00004393722448119  0.00004707137414810
  0.00005043415130982  0.00005408359143648  0.00005780277211298  0.00006141127276855
  0.00006492586584226  0.00006824964382015  0.00007142702795170  0.00007486964257623
  0.00007862008754892  0.00008268421605020  0.00008669097148472  0.00009078864881711
  0.00009535806657401  0.00009997607002855  0.00010449894357795  0.00010966358616625
  0.00011509349159440  0.00012160525201156  0.00012860209600578  0.00013549809134125
  0.00014240320516884  0.00014950742644221  0.00015708720092707  0.00016587245203837
  0.00017490986128715  0.00018371537752554  0.00019259610122353  0.00020177444179628
  0.00021141870006414  0.00022174369396696  0.00023192546608208  0.00024243879941012
  0.00025408861113775  0.00026717460775941  0.00028086707397035  0.00029365739054376
  0.00030647314839145  0.00031930924142665  0.00033342312821090  0.00035078706378737
  0.00037091709135042  0.00039109761703644  0.00041407810624173  0.00044118405521279
  0.00046999493824686  0.00049837192574898  0.00052376944858042  0.00055119310481885
  0.00058157967390656  0.00062055362040720  0.00066590072976499  0.00071593102983911
  0.00077542030791072  0.00082946037603233  0.00089032981759038  0.00096658234492453
  0.00108516241973237  0.00123819079471281  0.00145554035561395  0.00185834564066631
  0.00263351499031868  0.00447340851405719  0.04469422952458182  1.00000000000000000
 -0.00254312788423824  0.01100991926041926  0.02229186006435796  0.03122114556184480
  0.04029427544633299  0.04911446490028723  0.05779834596488764  0.06656853831669236
  0.07571103048611355  0.08649539424032260  0.09891117752538119  0.11086566779388300
  0.12181237457689374  0.13210311372498937  0.14265386156280269  0.15403173602276851
  0.16466289500368811  0.17427418599606120  0.18394766763499937  0.19384768692064272
  0.20433056190227064  0.21476583228299073  0.22454200183716350  0.23435488765356591
  0.24403231114081905  0.25412144893309263  0.26389453604265517  0.27322034291309955
  0.28344851109874569  0.29366014481849423  0.30565277618910525  0.31694485577011305
  0.33086039802818262  0.34336145189899148  0.35556695828347046  0.36735250627089533
  0.37822628471297104  0.38828193121136367  0.39877195370026258  0.40942565148315513
  0.41993559963125565  0.43024456976600728  0.44038707580515368  0.45109350743408300
  0.46275804874388204  0.47419509886789885  0.48495378602085032  0.49531145985823311
  0.50588930147916911  0.51606749518543094  0.52586997448599604  0.53601823812718818
  0.54567921508201056  0.55609499875288737  0.56595702010978799  0.57559735658408695
  0.58587081087981119  0.59624982196061060  0.60712182319770380  0.61772217871968849
  0.62964398814055356  0.64293206065863295  0.65575694650492966  0.66677383845291971
  0.67757780855793359  0.68820809934483040  0.69813560756347837  0.70732980166836634
  0.71555840968914086  0.72424986522978274  0.73239565836973752  0.74154350098311561
  0.75137253699125972  0.76280922817217611  0.77392034696199496  0.78454194164274060
  0.79494439105473502  0.80459077276573709  0.81363666555060032  0.82279749077390474
  0.83272014746649503  0.84415768613321507  0.85766775597939404  0.87128739354763418
  0.88491268098131104  0.89730697058042796  0.90846937639540104  0.92000940005701926
  0.93064985511042964  0.94062835181334470  0.94967736905358879  0.95908576761548348
  0.96853956258410401  0.97833032954735000  0.98910410132769622  1.00000000000000000
 -0.00248241628001286  0.01141656321591672  0.02242753977081916  0.03274264010688462
  0.04306648340112876  0.05437238257545392  0.06671107211751068  0.07831874805163236
  0.08799243585041036  0.09694387448553267  0.10622303994105116  0.11644594015723872
  0.12765552369617145  0.13911843144443528  0.15148654214945020  0.16429599479031570
  0.17643445702411828  0.18805359603575614  0.19936551601147834  0.21013195236711094
  0.22119304090983427  0.23095308580462262  0.23798723084245504  0.24534044132963093
  0.25219286126516272  0.25857290341096090  0.26518903538615562  0.27265628257179725
  0.28072280315489828  0.28896779195876920  0.29823845376992464  0.30838505894007440
  0.31849922303915168  0.32896636046285610  0.33950524391803011  0.35006435779080392
  0.36054273008171039  0.37149793423491079  0.38162979163538835  0.39165089659013153
  0.40114614512845964  0.41188225601955764  0.42359721664678607  0.43607696956512132
  0.44801255726576800  0.45980021378792557  0.47124764390856244  0.48180842526663298
  0.49170521055197425  0.50172397387006884  0.51239342793955411  0.52367408495838319
  0.53509889526744503  0.54580061137350233  0.55613612917207522  0.56662211356142844
  0.57773181342866942  0.58881074641059650  0.59839738415773569  0.60845529868964021
  0.61901267039847852  0.63127770927924620  0.64369937645801867  0.65614336132019380
  0.66827076573978894  0.68009947150669015  0.69116988269361623  0.70260863025858666
  0.71456329791687134  0.72710900351051277  0.73870129709862153  0.74984609152921433
  0.76141174319077520  0.77240918038886919  0.78295172326188911  0.79314363515703346
  0.80383730658884578  0.81488303091018244  0.82586008875176409  0.83691346627848140
  0.84782312213925370  0.85897295039212573  0.87059509019732717  0.88320550717995050
  0.89561586243318048  0.90571222091005987  0.91464628120598734  0.92374136591267919
  0.93352476309428412  0.94371236527583813  0.95396149325828328  0.96486919665714488
  0.97467620709745084  0.98341726403133833  0.99154960754879906  1.00000000000000000
 -0.00712891864939015  0.04433325968771061  0.07561037774798503  0.10007284595934307
  0.12488180585448484  0.15110792332352657  0.17383132750009081  0.19324787114290026
  0.20953530433045006  0.22332824759963427  0.23633132110342472  0.24971335785402204
  0.26350066996214810  0.27673210626195072  0.28899086212818320  0.30056664566124691
  0.31198382432285859  0.32354844576586506  0.33474692548944329  0.34425141872908155
  0.35409983390708305  0.36382065060887936  0.37374308748165119  0.38311527257039424
  0.39238127966362907  0.40193611108632982  0.41166422577680511  0.42148059204265015
  0.43168316368575466  0.44161031094800207  0.45075682489396701  0.45929349013138826
  0.46785485296031365  0.47685162417323379  0.48620898189389733  0.49517573769128265
  0.50334320078372718  0.51118114119214053  0.51910266705733610  0.52709695429155856
  0.53489735956613582  0.54240616194249269  0.54959323873689592  0.55699942328080210
  0.56435282608338333  0.57118794245722648  0.57820758552131213  0.58498770657801713
  0.59101586617243884  0.59687211699682174  0.60257667545063653  0.60843591108366368
  0.61454959267288922  0.62099278408001901  0.62794064793032800  0.63469951981676220
  0.64086613258541969  0.64699021029875226  0.65410498163015496  0.66140398500910624
  0.66923040183096461  0.67690647286365957  0.68425010066155290  0.69251061945441517
  0.69993395977759820  0.70724238082924640  0.71471650835497103  0.72263278488603988
  0.73163222678969508  0.73956324143833863  0.74716697234591911  0.75443720628642463
  0.76168500088903424  0.76977061371163347  0.77831856559086166  0.78707150484104282
  0.79667582071403309  0.80633755233696980  0.81574550195804996  0.82471768154831082
  0.83325916653579124  0.84300656457713297  0.85335110769042632  0.86432285035866563
  0.87556226664717463  0.88635258710986964  0.89676732720659857  0.90632294880950737
  0.91524743801263297  0.92477953075574526  0.93517049807694541  0.94654122340032987
  0.95659378305889708  0.96731948740901608  0.98120421715609951  1.00000000000000000
 -0.00258412527087854  0.01110301557274527  0.02236116068336325  0.03307913738507458
  0.04352188373102320  0.05361135516543640  0.06393741869338310  0.07464792254767122
  0.08532160762895959  0.09531942726001665  0.10502380908047819  0.11547528660854493
  0.12681738917908189  0.13930362649991596  0.15282536751433853  0.16570498845715728
  0.17624182629763674  0.18562578157820842  0.19537440886375201  0.20512380237523470
  0.21436908777832639  0.22359401706393817  0.23430287742329081  0.24578592492303675
  0.25750024804904936  0.26844474542641689  0.27885899535854264  0.28901787566640091
  0.30053016830717205  0.31252442589823698  0.32318632543651832  0.33297338164398005
  0.34319863146541496  0.35427231583393842  0.36532500622510522  0.37603268735431183
  0.38663265064106556  0.39634396930892191  0.40610004913667874  0.41613809137203872
  0.42566641216175993  0.43514613185839190  0.44492027498207526  0.45523262213227128
  0.46685644893847733  0.47890214297243228  0.49117744441820871  0.50344706210397983
  0.51561271323312918  0.52830591601757904  0.54093089846996445  0.55270385814150813
  0.56371731181612217  0.57433111570948858  0.58435976842905701  0.59446297860072495
  0.60433099585012773  0.61303426998151334  0.62274562678402912  0.63389773315508469
  0.64597273953481504  0.65672824961385090  0.66637185840194380  0.67602034122386812
  0.68574725494347899  0.69532827217048443  0.70525188477189926  0.71560345899635247
  0.72661045802992474  0.73797867064507083  0.74878019358125447  0.75859048578984978
  0.76826869510174711  0.77722637351455870  0.78558038289188536  0.79375426120423032
  0.80259444821090797  0.81214089237318465  0.82183916135497215  0.83141896323911635
  0.84199643268251001  0.85318484228647906  0.86464340445355392  0.87526673034961244
  0.88514272220045664  0.89510345805593439  0.90614892258203317  0.91687907597704199
  0.92628781851609154  0.93583711374028522  0.94597862999946325  0.95746041959307526
  0.96826240204307168  0.97830294766726955  0.98899705015207184  1.00000000000000000
 -0.00295341268871489  0.01078678099284765  0.02142303900277259  0.03178826130537266
  0.04226313922843433  0.05342189364473569  0.06476757104008056  0.07554849125167763
  0.08553076424443838  0.09527213746831285  0.10515748118691806  0.11444031787267374
  0.12353562394784526  0.13274947028542050  0.14236908152916175  0.15240781584520566
  0.16216704597272089  0.17187498842365229  0.18105714466584485  0.19045545741646205
  0.20042327727173118  0.21061797839538512  0.22028061627016102  0.22997476274454778
  0.24033039315278412  0.25130962768373394  0.26273696813287278  0.27547338681843470
  0.28837530977149878  0.30051070004872804  0.31181440423871681  0.32305553679883181
  0.33363773134072144  0.34315496878350521  0.35338138235014471  0.36281119233725517
  0.37192476976884709  0.38083550111885278  0.39025441993265586  0.40097820345073604
  0.41338728702407485  0.42574209165668292  0.43668550362700970  0.44620575588764699
  0.45536655284651106  0.46489401116722440  0.47508999092434884  0.48542375245975372
  0.49552650581672630  0.50552256115209382  0.51595540505901616  0.52661174467833405
  0.53758475911667325  0.54813113598778995  0.55765764364018333  0.56695711988470066
  0.57700896652237776  0.58799795805054145  0.60080249825121190  0.61262033691959084
  0.62534960383714489  0.63773612117128919  0.64954364891591698  0.66116974053515676
  0.67275951470858231  0.68472402520547304  0.69652752018195629  0.70875015410891451
  0.72099945553988054  0.73232534583648345  0.74185007434924910  0.75110505154435192
  0.76070009930925020  0.77023051801871967  0.77899374583133207  0.78702757484030228
  0.79595677217650895  0.80595668866866021  0.81598201515917612  0.82617492847740637
  0.83687738222770813  0.84757898584805591  0.85884652949406060  0.87090542796902626
  0.88476251775988979  0.89871924061804331  0.91141934484660858  0.92383889621527004
  0.93560649116911465  0.94628625321110016  0.95634369279799447  0.96610870877406663
  0.97561874601711296  0.98436810445294765  0.99213641441647327  1.00000000000000000
  0.13345698423271640  0.24551016648447518  0.33732566464002117  0.39091066741060759
  0.43147603236751775  0.47339780493457001  0.50392855161291772  0.52719816042866685
  0.54949112195683114  0.57183397374880263  0.59277043446134625  0.61141519524387056
  0.62705125330516676  0.64071069534138059  0.65375974301911910  0.66521429775779028
  0.67531849323968385  0.68359621959338768  0.69066417417199422  0.69761774967106516
  0.70500037743579558  0.71321578104087080  0.72041402943241906  0.72733476587499890
  0.73398521022512542  0.74027710294544302  0.74623018044213585  0.75204268878282410
  0.75777371114043302  0.76328329630208769  0.76896147536355708  0.77546555637398917
  0.78223153153039260  0.78864179091005238  0.79495843182649817  0.80087816859181105
  0.80672335090894987  0.81196372108825654  0.81672060059466167  0.82144057945808080
  0.82617930151579710  0.83093321007163201  0.83579483061958881  0.84113998800836742
  0.84649478023220870  0.85159464831466003  0.85623798577725685  0.86053968222150112
  0.86469122818846578  0.86874861060192365  0.87268106254139743  0.87644676879624994
  0.87994353707572259  0.88314335487686735  0.88631050189948957  0.88937140518281965
  0.89255361830764701  0.89578806943162848  0.89894879817228290  0.90196335039007502
  0.90469614709559476  0.90714753828853834  0.90945761344179199  0.91175219702075538
  0.91419187361054743  0.91698925917088203  0.91971716437887607  0.92233550169365397
  0.92489659628891829  0.92740512300739986  0.92996537676441682  0.93265652104428853
  0.93537234683634407  0.93807234409024021  0.94039865807772760  0.94269901710234350
  0.94500884979586730  0.94747032672403497  0.95032324056717876  0.95342384222995813
  0.95639142046379444  0.95909723036025885  0.96166757341893250  0.96417122783335540
  0.96668592727189295  0.96933710411766383  0.97202549942810668  0.97473954849102973
  0.97738733425898383  0.98002806362578088  0.98277034637073968  0.98557884325288425
  0.98862221175680975  0.99181535575841184  0.99565838474488144  1.00000000000000000
 -0.01322495962459448  0.06279064160698267  0.09652083173508368  0.12082623098947552
  0.14145898059157944  0.15757542352315107  0.17149369387711377  0.18368213436391917
  0.19363508425631829  0.20304027081877229  0.21143928785347788  0.22012840310845602
  0.22829016138577829  0.23648872280090943  0.24485822463622833  0.25313937971859685
  0.26126926380543664  0.26855998155077127  0.27552488952965171  0.28227156320568142
  0.28897765500235595  0.29620937101065486  0.30389808592306911  0.31163118885770374
  0.31840401876688668  0.32491602618504256  0.33135446869507301  0.33790742258532747
  0.34428719236789307  0.35017156493475016  0.35562288775718237  0.36075221627544796
  0.36641152563785395  0.37281938647036711  0.37893320670679120  0.38492999090570151
  0.39058397328250083  0.39601510955891123  0.40138037640101915  0.40668774008600334
  0.41173503667739725  0.41684436738214464  0.42203391650876670  0.42772640273384543
  0.43368327914421151  0.43974013884267177  0.44625611717297520  0.45324521182154109
  0.45997183166810662  0.46677679130881600  0.47388654894624166  0.48052544274893616
  0.48685563448612695  0.49322929897743090  0.49976479066786134  0.50626082193961297
  0.51253798551423491  0.51850875332141322  0.52433505487999943  0.53049736686905524
  0.53686340815501954  0.54354558144359211  0.55077155008008816  0.55766282841141313
  0.56470562315788031  0.57216771875212780  0.57967201536703683  0.58678107689053172
  0.59301316659826853  0.59863372367487544  0.60433293316801673  0.61039098389642799
  0.61732137843748547  0.62470386131814926  0.63115671803370010  0.63758343983456345
  0.64409212937079752  0.65126735657839641  0.65898308071712930  0.66656815512708301
  0.67347743126134263  0.68040975009853122  0.68789978564943277  0.69684275969000020
  0.70610145479184649  0.71565037675672205  0.72551595400132662  0.73690733153904064
  0.75037894271921979  0.76558317757575522  0.78164743514635981  0.79950604901232414
  0.82166611642522236  0.84852699403813459  0.88615276350316163  1.00000000000000000
   2.5371042742001421E-010  -1.0000000000000000     
 F F F F F F F F F F F F F F F F F F F F F F F F F F F F F F F F F F F F F F F F F F F F F F F F F F F F F F F F F F F F F F F F F F F F F F F F F F F F F F F F F F F F F F F F F F F F F F F F F F F F F F F F F F F F F F F F F F F F F F F F F F F F F F F F
  <DiscreteSampler_grid>
  grouped_processes
  1 # 1 for a reference and 2 for a running grid.
  10 # Attribute 'min_bin_probing_points' of the grid.
  1 # Attribute 'grid_mode' of the grid. 1=='default',2=='initialization'
  0.0000000000000000 # Attribute 'small_contrib_threshold' of the grid.
  0.5000000000000000 # Attribute 'damping_power' of the grid.
 # binID   n_entries weight   weight_sqr   abs_weight
    46   10   1.265576592476015E+001   1.577197696294644E+003   1.265576592476015E+001
    47   10   1.265576592476036E+001   1.577197696294697E+003   1.265576592476036E+001
    49   10   2.371595205615323E+002   5.580082524183069E+005   2.371595205615323E+002
    50   10   2.371595205615362E+002   5.580082524183255E+005   2.371595205615362E+002
    52   10   2.371595205615323E+002   5.580082524183069E+005   2.371595205615323E+002
    53   10   2.371595205615361E+002   5.580082524183249E+005   2.371595205615361E+002
    55   10   4.435933258913077E+003   1.952972964488885E+008   4.435933258913077E+003
    56   10   4.435933258913150E+003   1.952972964488950E+008   4.435933258913150E+003
    73   10   1.265576592476015E+001   1.577197696294644E+003   1.265576592476015E+001
    74   10   1.265576592476035E+001   1.577197696294695E+003   1.265576592476035E+001
    76   10   2.371595205615323E+002   5.580082524183069E+005   2.371595205615323E+002
    77   10   2.371595205615361E+002   5.580082524183249E+005   2.371595205615361E+002
    79   10   2.371595205615322E+002   5.580082524183064E+005   2.371595205615322E+002
    80   10   2.371595205615359E+002   5.580082524183240E+005   2.371595205615359E+002
    82   10   4.435933258913076E+003   1.952972964488884E+008   4.435933258913076E+003
    83   10   4.435933258913145E+003   1.952972964488945E+008   4.435933258913145E+003
  </DiscreteSampler_grid>
