  0.02334037295548411  0.03682707947320710  0.04989767381437587  0.06205874695829702
  0.07374424134094994  0.08504967666678216  0.09663451913797540  0.10883156992300501
  0.12168407240634171  0.13426145773855341  0.14627781428255321  0.15784179616027541
  0.16874934816082479  0.17896967452503160  0.18888642588688934  0.19881589797907087
  0.20885045463525759  0.21922164782228534  0.22956210382267028  0.23965183573745708
  0.24923759473419863  0.25835297784301292  0.26745402637012861  0.27737542500937984
  0.28799481336269267  0.29891002644201420  0.30994246543043358  0.32134410498894467
  0.33360193974162572  0.34405249899410872  0.35424006731922031  0.36415309514929717
  0.37417190397364969  0.38469840752354051  0.39560017964192806  0.40680978878086521
  0.41757485338301797  0.42750241640323228  0.43714526967906936  0.44637416342203762
  0.45504679821237248  0.46333654563239546  0.47144479627336877  0.48001208636822301
  0.48934550286704220  0.49852715081348981  0.50791718410723963  0.51765923700800875
  0.52759833647034726  0.53765251269412173  0.54767985635773886  0.55869068622428264
  0.56970805303030070  0.58093980540265888  0.59065600824384479  0.60032955003738986
  0.61029860283991910  0.62007887490145308  0.62971172251439822  0.63993875278603496
  0.65041912522659950  0.66194013890866576  0.67227759735265513  0.68301341248784719
  0.69367628832431716  0.70389980764506910  0.71371584212681249  0.72323925419264568
  0.73309472549273913  0.74278457140066922  0.75203414127632662  0.76178411141368763
  0.77207947272647315  0.78318065402713977  0.79409280554223616  0.80478115846476939
  0.81458736864072379  0.82345775458361314  0.83240272404480664  0.84098322673226789
  0.85028213194446334  0.85942647567896491  0.86856394580389285  0.87757043262668921
  0.88671651730017476  0.89599402281379836  0.90532588698900085  0.91455290704075221
  0.92362881405312236  0.93239057071064668  0.94091208904026813  0.94955088030885881
  0.95808652145754547  0.96625353380551182  0.97050297706795485  1.00000000000000000
 -0.00003821566038791  0.00036193872619824  0.00086124956996247  0.00160234204947942
  0.00249603935588956  0.00360286362786772  0.00490521827387989  0.00629754089054574
  0.00780395665567574  0.00952348709651186  0.01137918454661563  0.01350059397547264
  0.01594305888078135  0.01873603048980370  0.02159043967550578  0.02433459953760530
  0.02706984881985608  0.02988213086376974  0.03277556877691538  0.03575813128238064
  0.03878517450231249  0.04192621722120847  0.04511642948874831  0.04847491768369119
  0.05185965851483133  0.05541258161001093  0.05910637733583759  0.06273117095722688
  0.06664442109988510  0.07073636940421037  0.07513307645099002  0.07978094862344892
  0.08436308373942850  0.08892385069172441  0.09328816103824603  0.09775766456297712
  0.10223440901615909  0.10677009168981058  0.11149210591161532  0.11662964130406261
  0.12234709431925821  0.12826104846326489  0.13430319002406263  0.14063134032495603
  0.14722187532264364  0.15394085894664489  0.16079444308855811  0.16745721920123863
  0.17401452979119508  0.18132586283409777  0.18873851844978934  0.19668443719829320
  0.20498343363335969  0.21331384476527609  0.22136467603967294  0.22899232841609030
  0.23742404058243130  0.24588449821114819  0.25430680971927178  0.26265350317485509
  0.27100292139503407  0.27966942637761483  0.28901014733196190  0.29886261185079438
  0.30839337774977232  0.31828383613532907  0.32869527285539002  0.34014323318869383
  0.35321208204162458  0.36638064643432505  0.37927701003346664  0.39129572155153708
  0.40310913069803411  0.41532643394911345  0.42800694925979799  0.44115623129760123
  0.45490135091956752  0.46929490662555284  0.48424953805408766  0.49983120860942037
  0.51616267319257381  0.53331212794708505  0.55129249508167977  0.57105962536797916
  0.59214393619979955  0.61551136309349730  0.64139068544222666  0.66880700963066098
  0.69787710080797027  0.72979564865733793  0.76484411115201933  0.80457696963970116
  0.85020613496432862  0.89918927879231203  0.94961125157488624  1.00000000000000000
 -0.00266238914195350  0.00957438605393386  0.02056192782317926  0.03173398196410906
  0.04394064210067106  0.05587972634318966  0.06684393254341622  0.07718190784714990
  0.08763654950165078  0.09816932785133577  0.10917606514849666  0.12077386182583101
  0.13343897032371102  0.14605144939327297  0.15800225859464856  0.16885401676195608
  0.17884820933726822  0.18894646624871081  0.19942231214512882  0.20998143016532397
  0.22024469652989787  0.23058646095687615  0.24114062855714080  0.25175520575503779
  0.26222833751273211  0.27341037891685760  0.28536192423864337  0.29745295011077810
  0.30933220072697309  0.32146512901082358  0.33362892937634653  0.34498762745489892
  0.35625217027491585  0.36774502533999676  0.37882738063379656  0.38919050225707252
  0.39989314815684612  0.41066923637243924  0.42067116669632965  0.42997097397733935
  0.43951917580211053  0.44950995644291919  0.45940034752395270  0.46933279842822934
  0.47934978719177801  0.49058602238125981  0.50156591432765874  0.51172888076529754
  0.52173465557613363  0.53215169978871713  0.54299170191839685  0.55336269788111614
  0.56336735586423758  0.57429316393923913  0.58551491597418326  0.59666892872198840
  0.60793079492464031  0.61929644157048258  0.63057671979919083  0.64113983337874658
  0.65093380411410606  0.66045674595138870  0.67017222835671020  0.67981312456649634
  0.68907019613477560  0.69818477662079836  0.70759728906787411  0.71734762698449983
  0.72709216433328838  0.73734201071111261  0.74765992236674894  0.75804126402009786
  0.76803276373209917  0.77768488255190338  0.78735925785105276  0.79779828513827833
  0.80834427573889078  0.81943364008029207  0.83119019394539817  0.84136908459363202
  0.85199291875314875  0.86163468879048388  0.87136466450165917  0.88052552237255899
  0.88981838272464708  0.89906080753908313  0.90870416919842623  0.91824827242605744
  0.93025602755896397  0.94186058089049096  0.95211853713373973  0.96223412471737135
  0.97158966543171110  0.98120011357579640  0.99036135025019290  1.00000000000000000
 -0.00070840364458918  0.00421904681407538  0.00773393728556273  0.01127007343213010
  0.01484740297165781  0.01847201546330153  0.02232593941288482  0.02637399048123227
  0.03054733612098759  0.03474972946428501  0.03881936349995284  0.04264344575913170
  0.04617661165198669  0.04983855556603049  0.05361617127336867  0.05771534284513309
  0.06176775866200900  0.06608940260504600  0.07006796433742733  0.07394612832242575
  0.07782666349928592  0.08176474681738739  0.08570598386891740  0.08974927529162130
  0.09388203135606474  0.09787084304781142  0.10180997251640432  0.10587194849621777
  0.11011122154632340  0.11447753159284237  0.11882713966713118  0.12315100563966272
  0.12758587889836634  0.13164903674342443  0.13555816114159158  0.13942053818199404
  0.14346033497012442  0.14785622157419034  0.15248258273572948  0.15709776322018457
  0.16162632113296968  0.16636362155201981  0.17160413656720874  0.17720855322424919
  0.18293360030555753  0.18888919345383354  0.19505309293683418  0.20107896983825488
  0.20692345607384074  0.21273299527657885  0.21860780087767040  0.22454305318063425
  0.23049326816556387  0.23640258055431662  0.24227097491093891  0.24834331498717593
  0.25479771644667992  0.26134105852501999  0.26797808399973971  0.27455192761439523
  0.28101881321751815  0.28759565795557085  0.29412628680363295  0.30053815591205263
  0.30699890192244883  0.31341875938370217  0.32003091411634593  0.32704628867812346
  0.33450716300405836  0.34252361605650722  0.35058206928610480  0.35895597308856630
  0.36772993756260292  0.37695177270645008  0.38720684966360697  0.39776091348198361
  0.40829348273596544  0.41896456389081743  0.43033993950759619  0.44208409757550210
  0.45397786995580375  0.46629415149059900  0.47888637942425316  0.49164106298278221
  0.50548542775180005  0.52023621042607404  0.53648735635527078  0.55530608576180873
  0.57712935116832498  0.60118820700094322  0.62737357563864515  0.65853049181866152
  0.69782188226521025  0.75251179938578960  0.83662569622077632  1.00000000000000000
 -0.00164167579818513  0.00898582420863801  0.01817461567844695  0.02774864036343999
  0.03700503691914185  0.04663036767966904  0.05679596003874206  0.06746352923060446
  0.07902315681615685  0.09057827917894655  0.10167207592029374  0.11243326186345300
  0.12343423836778328  0.13336363448754479  0.14327504998477472  0.15325170411457217
  0.16294698301877755  0.17239148953937938  0.18181734539195371  0.19228593079527506
  0.20255838055422090  0.21268265614686227  0.22253937789719175  0.23291538867043121
  0.24355418380419572  0.25435042608660180  0.26514891927365580  0.27634295557007765
  0.28739127918419749  0.29784164649541728  0.30802677866895922  0.31852120567147624
  0.33003916264579292  0.34246100901392879  0.35464399796317120  0.36586266302400877
  0.37660272584215720  0.38733391595002598  0.39815433437927183  0.40906239244511267
  0.41949611616185273  0.42922162764885569  0.43897527979126560  0.44802216882411944
  0.45679093299987988  0.46499970252153516  0.47335049713227190  0.48192179310385430
  0.49135693637172639  0.50087012717268176  0.51106155814124743  0.52203824169975488
  0.53301031197357918  0.54391118915450654  0.55559416754909108  0.56733353873392278
  0.57873644596803442  0.59030261414428986  0.60213392707775804  0.61374366789840684
  0.62503339542915282  0.63638460138163577  0.64750311550312500  0.65835001762124290
  0.66949207389212828  0.68075375458474807  0.69163740391549910  0.70225578426327839
  0.71348867149946082  0.72555829567000940  0.73764327672247310  0.74915154582456767
  0.76062829883232652  0.77184309290071562  0.78239471758475976  0.79239902993985312
  0.80270515868742409  0.81321603543097465  0.82288424696075957  0.83279491254925275
  0.84307990035186142  0.85393292413679345  0.86472086060236497  0.87585827030148655
  0.88654652803842549  0.89745262531576953  0.90833254164124244  0.91904881337236433
  0.92949776569468245  0.94011439859364354  0.95087572317103641  0.96117226768563857
  0.97069048898093035  0.98004854883873493  0.98999999651124793  1.00000000000000000
 -0.00522512555903745  0.10050955555526049  0.13761806756380929  0.16178372454305973
  0.18003196542893304  0.19523259160970569  0.20886059707176455  0.22119613238349600
  0.23274058910706616  0.24383327892062484  0.25442616505714155  0.26504522968319488
  0.27581843706642567  0.28638732734687106  0.29696919934408544  0.30738576067932288
  0.31806700653442005  0.32883020668694912  0.33986571012727329  0.35077672953708922
  0.36025178405644404  0.36861395330132146  0.37688888973628443  0.38555958751887037
  0.39442274473300742  0.40289905934283599  0.41092869147812217  0.41915992544007574
  0.42784268224324190  0.43634008065156910  0.44434820194743352  0.45229079229414160
  0.46074431034586388  0.46979275655461472  0.47864727622977321  0.48691618215418048
  0.49477308290421285  0.50265905833813507  0.51053873344110590  0.51799521175641861
  0.52523236397499440  0.53252148154248125  0.53982462636405915  0.54697265936694062
  0.55383565702188431  0.56056970080055901  0.56739553969297962  0.57430020679127691
  0.58123499075236140  0.58822758836352929  0.59508731705648754  0.60187687413945723
  0.60850751888819976  0.61502653372962213  0.62190968471726271  0.62846369742681663
  0.63486493574506686  0.64102260443044046  0.64742880687811843  0.65390730873685221
  0.66049641116073732  0.66730557474447305  0.67454122415765372  0.68189365771496158
  0.68890514440643158  0.69576459977589988  0.70282900815067373  0.70992679095204603
  0.71709345553438852  0.72441334646717359  0.73236995761145063  0.74037468771293902
  0.74829749380562927  0.75576937890997953  0.76296006087270973  0.77026881319808138
  0.77788946424569838  0.78568733575171279  0.79336876599024586  0.80084373918627916
  0.80845643866403949  0.81610033236683888  0.82405890345287036  0.83225086880392529
  0.84045161885099307  0.84896513706224519  0.85790325741887941  0.86706613661693432
  0.87622410231507741  0.88711253709990834  0.89829214198172136  0.91205382448188088
  0.92664176622391170  0.94331168618831096  0.96388165420076266  1.00000000000000000
 -0.02020307175681421  0.11660448784610772  0.15499783352465990  0.17678702339266997
  0.19419459810881334  0.20939151871367620  0.22382992601899770  0.23723483609527021
  0.24959321435770054  0.26087936046110344  0.27123756373594865  0.28049896493445053
  0.28919401645380066  0.29814698360611791  0.30736697415779357  0.31646670206006683
  0.32515651124315675  0.33366739324255407  0.34182328211437879  0.34973712002553581
  0.35714619125762781  0.36422345254780442  0.37096223211899448  0.37798770372849610
  0.38512358886473835  0.39272703628226957  0.40019326945491462  0.40759032933737638
  0.41439621610350069  0.42101984089556282  0.42758790365292310  0.43402929913086991
  0.44023628107395729  0.44613596603818589  0.45203870339037999  0.45832182615469341
  0.46477411230636295  0.47133232284108612  0.47798754068471028  0.48482831114041236
  0.49198425042349608  0.49827868255169189  0.50446864553953030  0.51047267101270988
  0.51625658978444766  0.52188078441635677  0.52740462443720881  0.53293999020670979
  0.53854431203157060  0.54410625418107605  0.54957741911530200  0.55507513696543631
  0.56075735440174257  0.56651542083185702  0.57248290934889756  0.57834076381986588
  0.58448392385395231  0.59067458057982036  0.59671583627310232  0.60259738278839103
  0.60862328748790306  0.61499049662553118  0.62157719324823812  0.62798157643675190
  0.63379143939774973  0.63946669983674786  0.64493902661085212  0.65059009987849603
  0.65638374231689967  0.66246401671469368  0.66879319828851780  0.67535521145647714
  0.68188108043322027  0.68852461187887537  0.69563729619086834  0.70273058401254762
  0.71027458301305202  0.71805739243275191  0.72610228063028825  0.73373157163840352
  0.74138870187111050  0.74913327419510423  0.75724046522984434  0.76560924142205722
  0.77436774514689144  0.78320096695187513  0.79270342655173121  0.80311474242639258
  0.81434185648955404  0.82587396713205108  0.83859639764514304  0.85255358640748569
  0.86932545906939473  0.89129284355556948  0.92547912214452599  1.00000000000000000
   1.2034969055364351E-008  -1.0000000000000000     
 F F F F F F F F F F F F F F F F F F F F F F F F F F F F F F F F
  <DiscreteSampler_grid>
  grouped_processes
  1 # 1 for a reference and 2 for a running grid.
  10 # Attribute 'min_bin_probing_points' of the grid.
  1 # Attribute 'grid_mode' of the grid. 1=='default',2=='initialization'
  0.0000000000000000 # Attribute 'small_contrib_threshold' of the grid.
  0.5000000000000000 # Attribute 'damping_power' of the grid.
 # binID   n_entries weight   weight_sqr   abs_weight
    43   10   1.315536533750628E+002   3.782811756574202E+004   1.315536533750628E+002
    44   10   1.315536533750627E+002   3.782811756574198E+004   1.315536533750627E+002
    46   10   7.029989858401265E+000   1.080235138997198E+002   7.029989858401265E+000
    47   10   7.029989858401260E+000   1.080235138997197E+002   7.029989858401260E+000
    49   10   2.461790708793698E+003   1.324680550473476E+007   2.461790708793698E+003
    50   10   2.461790708793696E+003   1.324680550473473E+007   2.461790708793696E+003
    52   10   1.315536533750628E+002   3.782811756574202E+004   1.315536533750628E+002
    53   10   1.315536533750627E+002   3.782811756574198E+004   1.315536533750627E+002
  </DiscreteSampler_grid>
