  0.00000258087381754  0.00000288885550178  0.00000314271934946  0.00000329640604739
  0.00000344970843284  0.00000360659590700  0.00000376961998554  0.00000393461307449
  0.00000408430579418  0.00000422952783224  0.00000436434284464  0.00000451894735757
  0.00000468483215088  0.00000485149203954  0.00000505689023368  0.00000528268859989
  0.00000556745954742  0.00000587051009797  0.00000617896836766  0.00000649429613911
  0.00000682964317258  0.00000710724597145  0.00000737910212182  0.00000767741038355
  0.00000798057741176  0.00000833102109138  0.00000870520867644  0.00000909861568760
  0.00000951559105402  0.00000995203010433  0.00001041485257231  0.00001099549134994
  0.00001154831927689  0.00001221941252951  0.00001297313072068  0.00001378548367848
  0.00001464565116267  0.00001565431341100  0.00001663258484040  0.00001750966841664
  0.00001830138610645  0.00001905277840064  0.00001980219809394  0.00002061574018301
  0.00002154063541894  0.00002257081508523  0.00002372849474999  0.00002482700880877
  0.00002582454867503  0.00002685557263910  0.00002799231264532  0.00002917713308337
  0.00003048060012770  0.00003254460389140  0.00003437545495781  0.00003627617109167
  0.00003826749358177  0.00004035895902813  0.00004268498086713  0.00004534057646719
  0.00004839050229563  0.00005178791543486  0.00005543428483850  0.00005911199009722
  0.00006279857587653  0.00006686960630604  0.00007137322327500  0.00007609101685762
  0.00008066404865378  0.00008566478180467  0.00009208135523078  0.00009995186307994
  0.00010845843487649  0.00011716866346374  0.00012744312494768  0.00013876962270027
  0.00015024724322115  0.00016112062464852  0.00017308285535917  0.00018945240805027
  0.00021009999975026  0.00023362225344088  0.00026156431760662  0.00030154183522909
  0.00035006330385318  0.00040374106973138  0.00045811189857942  0.00052302995070005
  0.00059588164247219  0.00066722673890583  0.00078492049392003  0.00102314563627451
  0.00148841994931447  0.00320715946319788  0.03318637132388744  1.00000000000000000
  0.00000153137283375  0.00000543606127942  0.00000873243786217  0.00001159583357046
  0.00001406056255673  0.00001612290221146  0.00001765360840869  0.00001918814238857
  0.00002071716335825  0.00002223008788492  0.00002387484433523  0.00002563886221246
  0.00002752679894718  0.00002922778980132  0.00003100888820257  0.00003311936269948
  0.00003515357705197  0.00003698501736066  0.00003868004609497  0.00004038878870222
  0.00004217648278157  0.00004429244860861  0.00004655259503524  0.00004915129486206
  0.00005237872275591  0.00005573578423985  0.00005894554958597  0.00006191890933507
  0.00006462534711080  0.00006697752779941  0.00006951251440841  0.00007240506881127
  0.00007554831240410  0.00007876089167563  0.00008203721035650  0.00008540231874205
  0.00008869325149640  0.00009167373959817  0.00009450821781570  0.00009739510027537
  0.00010057679893068  0.00010461034796053  0.00010947682598112  0.00011461582163406
  0.00012067597250711  0.00012653889626221  0.00013299311954187  0.00014004315118270
  0.00014728038766685  0.00015406094917586  0.00015988933121829  0.00016710008920628
  0.00017428819019458  0.00018210926394807  0.00019384667570022  0.00020593693047339
  0.00021731543736356  0.00022692391049934  0.00023527914055315  0.00024298499481060
  0.00025039084801397  0.00025945399672707  0.00026930501637282  0.00027984503641403
  0.00029117985045628  0.00030575687128074  0.00032276279665865  0.00034146055567021
  0.00036126131659873  0.00038335501673802  0.00040548621448451  0.00043086269357854
  0.00045567232566567  0.00048225317811429  0.00050784697414101  0.00053760634172733
  0.00056683183087451  0.00060067738937486  0.00064626222207871  0.00071345475545535
  0.00079302380821865  0.00088097298931205  0.00097093010031394  0.00106729815146510
  0.00115913287132375  0.00125304902872782  0.00136476007050489  0.00150506907824113
  0.00170974317010035  0.00206113036240407  0.00265041577493509  0.00337365734384334
  0.00440669933994325  0.00656366394997076  0.01202931657427772  1.00000000000000000
 -0.00244073875363855  0.00970584537137486  0.02098830533165841  0.03320246009728938
  0.04609727328782195  0.05969110465927938  0.07308953420896142  0.08627613734907691
  0.09681242441454256  0.10636472916469102  0.11640564127803783  0.12579859388289244
  0.13452061042142310  0.14317438810929989  0.15026447744137561  0.15682962895387015
  0.16334980001587199  0.16973356363509567  0.17721748541412655  0.18647073556033975
  0.19704261411714039  0.20793681705893352  0.21988357973254088  0.23353882946915375
  0.24768768756328638  0.26087819331062789  0.27302686763208478  0.28487661069106424
  0.29675396370077550  0.30940559171152060  0.32298175261116391  0.33793734721980712
  0.35313250084536935  0.36792896350898252  0.38130334794307674  0.39385717369000101
  0.40444831515635582  0.41564380609353968  0.42603404870345951  0.43615185173336746
  0.44668375777049063  0.45654901665593828  0.46673723543338391  0.47733605968777099
  0.48831718923479028  0.49905766451945510  0.50962507660762646  0.51986451743954443
  0.52767175223640128  0.53496415341592651  0.54179162876382958  0.54846129984170455
  0.55645872256998974  0.56602176445323360  0.57425313081340612  0.57857523784279574
  0.58446199333884008  0.59163002512148255  0.60222463868754794  0.61659450631592028
  0.62955502344059999  0.63846263446343299  0.64735783624308996  0.65466979615281007
  0.66209137383343464  0.67090473637112003  0.68022086919156155  0.68993768123856658
  0.70065534425987164  0.71175602280705530  0.72391972206568256  0.73465905171399992
  0.74498352580621863  0.75535597243938113  0.76682565399785751  0.77994794662910061
  0.79076809974807227  0.80108769529190760  0.81083192460539766  0.82067535883034992
  0.83146272358964535  0.84285682358632708  0.85543815702526493  0.86657687149203233
  0.87797561055031192  0.88916472291828541  0.89931165378692601  0.90930143125881280
  0.91913188677765534  0.92891899628306929  0.93842707509197365  0.94870339401330028
  0.96152374271681684  0.97391789653423777  0.98688414227451926  1.00000000000000000
  0.00007161944329257  0.00014615362454810  0.00020078542869317  0.00025541723283825
  0.00031300147149684  0.00037168487722443  0.00043036828295201  0.00047374015605142
  0.00051001441459824  0.00054628867314507  0.00058154877314372  0.00061674354197685
  0.00065476531071350  0.00069379741392624  0.00073181203818058  0.00076948840359797
  0.00080683449645943  0.00084403415153706  0.00088010704342833  0.00091545579741419
  0.00095420200714261  0.00099772577883498  0.00104359764729619  0.00109887774750754
  0.00115469549629765  0.00121538746118396  0.00127681799997295  0.00134147541883285
  0.00140574722955479  0.00146941714603066  0.00153461257006729  0.00160102634371798
  0.00167352193059079  0.00174833217118302  0.00182554043905219  0.00189309223892882
  0.00195524650389810  0.00201352042271358  0.00207057281311347  0.00212939864658646
  0.00218854643961075  0.00225902729189128  0.00233307014750190  0.00241123968001878
  0.00248581317241916  0.00257026380036878  0.00265395857003676  0.00272810178179181
  0.00280689107507426  0.00287677062658993  0.00294100075232858  0.00302088808644260
  0.00310292084015147  0.00318535261053882  0.00329272124960029  0.00343104704190368
  0.00359483356096648  0.00377822272029744  0.00395397384663981  0.00414469874224577
  0.00433676358302972  0.00459768923995849  0.00489686722668889  0.00515781746817600
  0.00541324826709771  0.00568555296734224  0.00585560053534204  0.00612707811045821
  0.00639740112381933  0.00691487142258870  0.00743835573834738  0.00783147063908202
  0.00820544036918231  0.00842025916419579  0.00860829310325674  0.00879899260924093
  0.00899394685835791  0.00917719321920829  0.00928476179290798  0.00939233036660767
  0.00949985784507136  0.00960737717708144  0.00980296089967204  0.01007894483667334
  0.01073222877489346  0.01173358605492969  0.01264442290680491  0.01370970001877165
  0.01507916483223130  0.01629981616210425  0.02080488614183824  0.02945522527981667
  0.03549906324672389  0.03995971476973371  0.05289206489229576  1.00000000000000000
 -0.00676986623020139  0.03092510539076981  0.05418812621782754  0.07016957197704808
  0.08757438356405411  0.10500998469026611  0.12282644259058251  0.13891897616095442
  0.15574965731642706  0.17341569542903409  0.18915863500757615  0.20092967250116217
  0.21149157580965644  0.22211663812262486  0.23285944584473381  0.24307297805451356
  0.25401034364764907  0.26497369343275473  0.27463787776143112  0.28256821357458384
  0.28968170971938967  0.29734625393557118  0.30450542349997045  0.31130923925784887
  0.31857956225402817  0.32531725998139560  0.33266426693528345  0.33940246870688301
  0.34613362559950089  0.35327712489880125  0.36163981943141515  0.37061376731253803
  0.37944419786306899  0.38848283784176291  0.39768879527908607  0.40643158955863168
  0.41423180941518684  0.42110997722397941  0.42772852237724990  0.43446820049655460
  0.44245826497122631  0.45110109210004246  0.45880090635436971  0.46584740555817233
  0.47270383566022162  0.47890487395643522  0.48613759788965916  0.49323203100563645
  0.50185800712125828  0.50976502996122863  0.51598942493109623  0.52229738185750740
  0.52894452736475017  0.53631424280918327  0.54495825120865748  0.55368753025022399
  0.56201459879308113  0.57012837417703155  0.57779833996167018  0.58534643390540297
  0.59217845715509254  0.59917187383124826  0.60646451482887742  0.61485178064061163
  0.62352044906578918  0.63114299319491474  0.63888988891759979  0.64621275277799151
  0.65464233225211721  0.66335224893187239  0.67214908766574233  0.68107740273950901
  0.69035134635544493  0.70024422996600455  0.70926237425354555  0.71899761463831624
  0.72853210049642025  0.73780650553315175  0.74755153693929710  0.75852301197790906
  0.77180352977491629  0.78560754222941998  0.79877048019680463  0.81196591299317400
  0.82648629103493920  0.84081613832312629  0.85283795748455571  0.86541168026672866
  0.87992138856830515  0.89827092237804118  0.92080575837745993  0.94598711831838467
  0.96598477069464495  0.97792558108176852  0.98842938319477680  1.00000000000000000
  0.08048821890889177  0.12663658820297208  0.16589121971259199  0.20241157399794588
  0.23638867442527212  0.26509798645019017  0.29078235659304869  0.31772172559585904
  0.34227471486400296  0.36360959087655675  0.38332977124992368  0.40281224924629344
  0.42228193918137880  0.44099083429714420  0.45784123719378533  0.47384675883211202
  0.48928367251296850  0.50405081861444634  0.51693699371265012  0.52980013075335819
  0.54229903114330646  0.55410755350613261  0.56587360337576786  0.57818890455473559
  0.58993608122578689  0.60064738906888859  0.61053217768841106  0.61998273874053955
  0.62942058516159061  0.63937252361706332  0.64847581537876819  0.65791672572030879
  0.66678796437660126  0.67501681254115287  0.68283763048113000  0.69038646284572269
  0.69764273886488615  0.70471376856598045  0.71180692140801471  0.71872382426210213
  0.72492372656414594  0.73043455177253602  0.73577681696275743  0.74111705687397411
  0.74683963473321902  0.75299941518106861  0.75977378468268453  0.76635635662840407
  0.77303205098712069  0.77975722561260064  0.78581052576996446  0.79124895094758929
  0.79624223777639880  0.80082556754913037  0.80549442858183806  0.81045301766538624
  0.81546351905588732  0.82065653310217257  0.82656754199778881  0.83228438336901156
  0.83782100444523033  0.84353973414501016  0.84867781415617749  0.85421611559496258
  0.86041196774275286  0.86682009060059140  0.87307951856361865  0.87931101105681198
  0.88422026446939372  0.88860862632921600  0.89311878497117958  0.89724288465896296
  0.90146672104599912  0.90589813721645152  0.90966993749588354  0.91323976012824304
  0.91680116213682772  0.92047492587504331  0.92434910851483509  0.92907137219434677
  0.93412201459641231  0.93900918350432250  0.94358333489389368  0.94784929027443354
  0.95182315384616412  0.95569665799830139  0.95959926544785390  0.96305649466931442
  0.96646079906190718  0.96989880047165822  0.97343029058543251  0.97731337122106754
  0.98164268936193655  0.98619059761541217  0.99173807779098544  1.00000000000000000
 -0.01184332302777908  0.06958090067825243  0.09680715685376408  0.11514127865760208
  0.13006833862868108  0.14316021544042795  0.15410347658571066  0.16327049905050067
  0.17046759945984813  0.17761952777406523  0.18491266616736274  0.19316242263115355
  0.20157482034288246  0.20900575328122181  0.21543825163167823  0.22136530057130907
  0.22693855905262744  0.23219878532469174  0.23821548174151075  0.24459158042164564
  0.25323070845722379  0.26002806575505222  0.26591401037330203  0.27082677982586756
  0.27571577705448913  0.28097544550122966  0.28652858350171934  0.29253021460962764
  0.29755895677595356  0.30249075849960166  0.30757080730870973  0.31279059259847769
  0.31862828753821737  0.32425749584424918  0.33030380451155389  0.33658383231732775
  0.34222242283682025  0.34791055121355619  0.35345022685734745  0.35929759865957012
  0.36539226660535490  0.37125377259624998  0.37743328782763252  0.38377026808306436
  0.39189405257315912  0.39905940344725044  0.40534989036512764  0.41143077952601703
  0.41736814843042502  0.42306460743560481  0.42776452313062646  0.43203325360706790
  0.43648266171583294  0.44134555045645446  0.44674799982879593  0.45227837391301834
  0.45765010333089434  0.46344053938473329  0.47059465864890121  0.47776699833234026
  0.48500990565802188  0.49252385321357561  0.50057381191710404  0.50985294007732984
  0.51947801110319913  0.52656399714816160  0.53286758461038053  0.53926499316895093
  0.54513298092601126  0.55071394766314719  0.55596980716235544  0.56157229160327216
  0.56677179637189423  0.57280834581316098  0.57906956058923498  0.58697365126592549
  0.59642091798559860  0.60712265164819867  0.61755173557462906  0.62849596574042521
  0.63940189028956518  0.64952638772860394  0.66048753895750900  0.67239101885658281
  0.68664387276195937  0.70106950100085119  0.71319246333994757  0.72494143862352955
  0.73614950485693709  0.75223637666288967  0.76825738651790210  0.78291496228600366
  0.79954851780439529  0.82428965135604948  0.86586688147448387  1.00000000000000000
   1.0328111910710450E-007  -1.0000000000000000     
 F F F F F F F F F F F F F F F F F F F F F F F F F F F F F F F F
  <DiscreteSampler_grid>
  grouped_processes
  1 # 1 for a reference and 2 for a running grid.
  10 # Attribute 'min_bin_probing_points' of the grid.
  1 # Attribute 'grid_mode' of the grid. 1=='default',2=='initialization'
  0.0000000000000000 # Attribute 'small_contrib_threshold' of the grid.
  0.5000000000000000 # Attribute 'damping_power' of the grid.
 # binID   n_entries weight   weight_sqr   abs_weight
    55   10   5.562157558200894E+001   1.378458018656082E+004   5.562157558200894E+001
    56   10   5.562157558200896E+001   1.378458018656084E+004   5.562157558200896E+001
    58   10   1.040858041288059E+003   4.827140879491177E+006   1.040858041288059E+003
    59   10   1.040858041288059E+003   4.827140879491180E+006   1.040858041288059E+003
    61   10   2.972316634453450E+000   3.936380885982227E+001   2.972316634453450E+000
    62   10   2.972316634453450E+000   3.936380885982233E+001   2.972316634453450E+000
    64   10   5.562157558200893E+001   1.378458018656082E+004   5.562157558200893E+001
    65   10   5.562157558200894E+001   1.378458018656083E+004   5.562157558200894E+001
    91   10   5.562157558200899E+001   1.378458018656084E+004   5.562157558200899E+001
    92   10   5.562157558200896E+001   1.378458018656084E+004   5.562157558200896E+001
    94   10   1.040858041288059E+003   4.827140879491180E+006   1.040858041288059E+003
    95   10   1.040858041288059E+003   4.827140879491182E+006   1.040858041288059E+003
    97   10   2.972316634453451E+000   3.936380885982231E+001   2.972316634453451E+000
    98   10   2.972316634453450E+000   3.936380885982231E+001   2.972316634453450E+000
    100   10   5.562157558200896E+001   1.378458018656083E+004   5.562157558200896E+001
    101   10   5.562157558200895E+001   1.378458018656084E+004   5.562157558200895E+001
    118   10   4.771709413611414E+001   1.023604176908153E+004   4.771709413611414E+001
    119   10   4.771709413611407E+001   1.023604176908153E+004   4.771709413611407E+001
    121   10   2.549915408984367E+000   2.923045796288492E+001   2.549915408984367E+000
    122   10   2.549915408984365E+000   2.923045796288496E+001   2.549915408984365E+000
    124   10   8.929398460718654E+002   3.584499128663007E+006   8.929398460718654E+002
    125   10   8.929398460718642E+002   3.584499128663009E+006   8.929398460718642E+002
    127   10   4.771709413611413E+001   1.023604176908152E+004   4.771709413611413E+001
    128   10   4.771709413611408E+001   1.023604176908153E+004   4.771709413611408E+001
  </DiscreteSampler_grid>
