  0.00009872673566008  0.00010818921185415  0.00011583697384046  0.00012254346888775
  0.00012925981742903  0.00013635217167052  0.00014397718324382  0.00015102421813058
  0.00015751478759763  0.00016388330395660  0.00017038729076148  0.00017715505577094
  0.00018443128077259  0.00019224752617921  0.00020018640197508  0.00020821818082494
  0.00021621606426381  0.00022403674796262  0.00023191101333202  0.00023983880124357
  0.00024766628059428  0.00025551319682143  0.00026351305771762  0.00027171262248176
  0.00028034976637857  0.00028961549606615  0.00029763212166255  0.00030594335667375
  0.00031449402260915  0.00032204347857600  0.00032974458071719  0.00033766092496834
  0.00034594098021017  0.00035626663639433  0.00036694459651371  0.00037769600122214
  0.00038838973870614  0.00039903072720967  0.00040980474515923  0.00042089293721377
  0.00043463831677061  0.00044966080427437  0.00046484500916281  0.00048034933852439
  0.00049616675401204  0.00051227376390688  0.00052851975472397  0.00054419543479643
  0.00055942376022505  0.00057487327836694  0.00058896859604079  0.00060214200139636
  0.00061552252749312  0.00062967696348954  0.00064581543395623  0.00066364270330962
  0.00068236887159461  0.00070118936900485  0.00072097435704641  0.00074847918732497
  0.00078286770716150  0.00081383861884647  0.00083936202791427  0.00086215590744439
  0.00088581900569064  0.00091237587892683  0.00094009565939350  0.00096667608686280
  0.00099383128280757  0.00102309893459301  0.00106000786929365  0.00109912823117546
  0.00114274344620870  0.00119827753383672  0.00125397836361008  0.00130611494024695
  0.00135579429513550  0.00141262501244242  0.00148300077288665  0.00155727570167606
  0.00163691248489191  0.00172777060770100  0.00182378861263753  0.00195472343888436
  0.00216052757681889  0.00244592901571948  0.00276325918710958  0.00304864185889158
  0.00331976519483960  0.00364271751846503  0.00400256031926104  0.00450692765477832
  0.00507894448724616  0.00649349069229194  0.03441162060727491  1.00000000000000000
  0.00000242448173696  0.00000323479776490  0.00000398446618017  0.00000478069061037
  0.00000563122562216  0.00000652206612629  0.00000746682598286  0.00000845535298056
  0.00000956416537033  0.00001084367069166  0.00001228112606770  0.00001389081174814
  0.00001561580449022  0.00001738276175376  0.00001908811791785  0.00002094319753621
  0.00002292467797472  0.00002546047871688  0.00002697550877110  0.00002847209820546
  0.00002999532077058  0.00003170296996494  0.00003417131593169  0.00003671274563885
  0.00003903015783093  0.00004142415251667  0.00004398135592456  0.00004710814361093
  0.00005026171326352  0.00005336843262486  0.00005653593266579  0.00005989181222635
  0.00006368185755972  0.00006814563273846  0.00007277337109867  0.00007737923513833
  0.00008224061502832  0.00008753568744300  0.00009320334001323  0.00009868882331249
  0.00010429017527202  0.00011058391685252  0.00011766860574035  0.00012568664757306
  0.00013394381181564  0.00014189191402895  0.00015118041515587  0.00016035468327760
  0.00016976103856278  0.00017923057042995  0.00018888049524235  0.00019903186937432
  0.00020986534431437  0.00022123905675257  0.00023291283573086  0.00024460093661689
  0.00025690425381379  0.00026980194380918  0.00028286682003246  0.00029610026773882
  0.00030962901941251  0.00032292427274959  0.00033630409469150  0.00034811993709359
  0.00035886937065427  0.00037016719296257  0.00038369349070469  0.00039951617903228
  0.00041524145230866  0.00042932438205745  0.00044370740742454  0.00046019370318843
  0.00047934505722040  0.00050056409918951  0.00052248147303206  0.00054672963455417
  0.00057340628571907  0.00060228479793071  0.00063509744057270  0.00067764649988313
  0.00072430327744933  0.00077756442977490  0.00083751430887446  0.00090158332834487
  0.00097331139852591  0.00108037166839142  0.00118494778552822  0.00129065202690807
  0.00143781425803098  0.00163357411490161  0.00186997674593530  0.00224413355732702
  0.00290968162038612  0.00407079318060304  0.04439355010189453  1.00000000000000000
 -0.00596240395403460  0.05041137047740685  0.09800027247178095  0.13422404663916487
  0.16303542094663342  0.18728178302819382  0.21048967461698312  0.23280329026475791
  0.25267926664861384  0.26941743340297397  0.28809477801060651  0.30154044644115552
  0.31355116623700535  0.32410422708336573  0.33352130931900748  0.34203709867666721
  0.35010461984336605  0.35976418432814844  0.36887554845588577  0.37808094071808601
  0.38625803576461271  0.39482812407736501  0.40228894896114714  0.40993253853344613
  0.41741952445515856  0.42536165509286822  0.43437250659325916  0.44337069278653329
  0.45079669676749362  0.45741686960868616  0.46356458475823542  0.46885356188158711
  0.47514476048100734  0.48206858449659712  0.48886628698607681  0.49550110958136084
  0.50207048943245625  0.50817511059479992  0.51436626600374047  0.52081241723169003
  0.52710133226970401  0.53324350307774626  0.53907554950583425  0.54473597814441532
  0.55059184801771710  0.55650880505062406  0.56231861979478071  0.56780509408556956
  0.57298884015691176  0.57822108951541007  0.58409066967585044  0.59016734612185118
  0.59661525008414229  0.60238859633724817  0.60785171561687812  0.61313644406698176
  0.61845954206634790  0.62423034491971685  0.62974169470949126  0.63554890336228276
  0.64149520367356028  0.64776487058310961  0.65397553504983863  0.66021824460549738
  0.66661113818118622  0.67399999268050248  0.68023684983169763  0.68675778424828549
  0.69396588302635576  0.70224497098603955  0.71238895163238447  0.72284898894404348
  0.73304478334569989  0.74222962199680265  0.75148791675931848  0.76028925343816423
  0.76884358752007276  0.77716522868418836  0.78526260089458544  0.79373264324171999
  0.80258492271300996  0.81163538436555005  0.82141074013803661  0.83264804853742824
  0.84599720953120927  0.85729246951913374  0.86607318304924941  0.87491946414632360
  0.88442841751788559  0.89517519099329168  0.90710410117174189  0.92083288212637948
  0.93775559739885928  0.95828480489292744  0.97857445574070090  1.00000000000000000
 -0.00263463697477280  0.00891541467170538  0.01956353672863858  0.03015048342615511
  0.04091717803074073  0.05154142894329530  0.06203370475768080  0.07237235964451035
  0.08099076717420051  0.08897358803382360  0.09671394017161580  0.10539805376260739
  0.11479271123945317  0.12425919543399255  0.13399824765445334  0.14401565512394540
  0.15512413344232096  0.16488073934899383  0.17553819769571255  0.18646785412320366
  0.19657313355271192  0.20640572709376537  0.21551093073737232  0.22566500075062931
  0.23713647944628102  0.24795215994175290  0.25848013514814405  0.26935915988727493
  0.28285248072788710  0.29605753351728881  0.30787296345125648  0.31916683466173956
  0.33034440251555064  0.34190893811534412  0.35195660367776954  0.36066881734802292
  0.36926305420731986  0.37827178696202951  0.38633171509666636  0.39421153220216421
  0.40198980587701827  0.41012714435733860  0.42073506226543178  0.43317042089601993
  0.44568971367148641  0.45798280563778981  0.46924831756890456  0.48045975503737537
  0.49217954274356035  0.50450011489228364  0.51646584201290935  0.52796614095509631
  0.53826006809265781  0.54804431744615167  0.55784017404668484  0.56878513303743305
  0.57982467253109560  0.59010940573104409  0.59990301082948394  0.60911243281164029
  0.61872245125630598  0.62846031067472397  0.63841353760469099  0.64844457026735536
  0.65846297621679239  0.66746474112919141  0.67806599395229961  0.68877804186091340
  0.70063112686466478  0.71080999571594949  0.72049996521385484  0.73115467664012501
  0.74175022542021896  0.75149808966346754  0.76138948567722564  0.77294370491968956
  0.78645810243906833  0.79967519627490447  0.81251460027625466  0.82504118881981880
  0.83956936660472425  0.85363269018042021  0.86786551536087653  0.88243329852245000
  0.89585037232842424  0.90672624428988369  0.91559289749142825  0.92486797450832103
  0.93401673026781584  0.94364317054267932  0.95319573341192720  0.96293498311203918
  0.97332268144222511  0.98233261443170516  0.99126240476039995  1.00000000000000000
 -0.00252117174014413  0.01006118670280336  0.02115893551871126  0.03350425509572950
  0.04614597690288997  0.05864614698965325  0.07047538387934735  0.08111198555951894
  0.09168915031881113  0.10274757522233446  0.11418640563939610  0.12619619743290206
  0.13851167528281197  0.15087496949901136  0.16356399628122806  0.17459526574851447
  0.18551218899320410  0.19654916179596066  0.20637971983779699  0.21606732048697219
  0.22507931928264444  0.23442455360950212  0.24447653009465112  0.25489935237564421
  0.26549409726182238  0.27638609626716903  0.28769411507210141  0.29940420561680342
  0.30988958911860393  0.32164771396364528  0.33371621627038250  0.34554462716516310
  0.35699914083847101  0.36779972490211671  0.37945808063792508  0.39100488348770612
  0.40264691956037707  0.41384721639423300  0.42421586204690931  0.43393654398881659
  0.44322402562933444  0.45230579791954501  0.46227181854563948  0.47359313449100615
  0.48735349148922458  0.50230959035931144  0.51628692033768153  0.52876781966872877
  0.54062899473043835  0.55279803904444025  0.56488930410359151  0.57637893001595331
  0.58742926345882196  0.59880036667581449  0.61031639699971441  0.62171275167435058
  0.63610333773429240  0.64870817453095875  0.66005260186095183  0.66919084237220772
  0.67772542108164591  0.68660949803193794  0.69453058748448981  0.70198812720044390
  0.70958293633696090  0.71721936215802418  0.72670752673363059  0.73783568197191451
  0.74837206559539671  0.75697711481367114  0.76538990294769571  0.77415665496859332
  0.78485709652730395  0.79794070138868201  0.80944503690420533  0.81834813478248514
  0.82605354273601761  0.83386497490679123  0.84303465340845318  0.85225914574727146
  0.85992378926351076  0.86746507061789213  0.87542841441064756  0.88486896512060342
  0.89544809674720494  0.90516946360181205  0.91493988064564558  0.92499425796991130
  0.93342784729003303  0.94151454782867450  0.94846267213925484  0.95576522459904700
  0.96394520544699402  0.97393530800892680  0.98643363285930075  1.00000000000000000
  0.04133805920576819  0.26145991114171946  0.35098587812083037  0.39789382089057185
  0.42254372084411695  0.43808953807198608  0.44895778832507366  0.45680690600269708
  0.46564902402488573  0.47976189143320158  0.49809949070470982  0.51385963545121582
  0.52584836663905832  0.53515749277610203  0.54296472371778859  0.55266996643527122
  0.56351985198515819  0.57848138667485194  0.59276463147884995  0.60627657668139867
  0.61759988943441113  0.62786307264510344  0.63794529037691472  0.64789862678350119
  0.65766332626956947  0.66689604189102880  0.67479906608649054  0.68217027790138096
  0.68765348324401832  0.69251244600171380  0.69716515526161427  0.70197262838867647
  0.70972463668587460  0.71783221147427922  0.72650132669775935  0.73501492597185658
  0.74350102828585696  0.75126276467898989  0.75901927667482905  0.76696566619583828
  0.77515470231467587  0.78254904786153578  0.78837706657392104  0.79333122526293165
  0.79781025814745599  0.80273761232138330  0.80862416590758679  0.81504025661306634
  0.82148290339546215  0.82783223211874679  0.83344458535858346  0.83833277456162902
  0.84310867659225175  0.84781188689341158  0.85245337252889641  0.85827976740327172
  0.86384138857086001  0.86946408329753477  0.87464810257023984  0.87957238411566607
  0.88435398451012226  0.88896505666468351  0.89379235039889871  0.89787416656439911
  0.90181076245285574  0.90581952880888805  0.90953289744206711  0.91319647701516526
  0.91678106401661308  0.92018653072953649  0.92358133154780053  0.92709922556168078
  0.93067556052103606  0.93429685680237218  0.93747781555898713  0.94037689780864564
  0.94312164458086634  0.94581015168726978  0.94834735371409906  0.95093416685904064
  0.95340880196654842  0.95587961892510909  0.95848257200833809  0.96124057810390984
  0.96409391259230870  0.96695019664604853  0.96976092652714829  0.97254231334203867
  0.97524144155008152  0.97796315954776092  0.98078479676859209  0.98376208868449766
  0.98696620334147189  0.99052916638211497  0.99491820937222908  1.00000000000000000
 -0.01868842456950741  0.10677383137974512  0.14459316318288395  0.16506898699017519
  0.18242827404090700  0.19907814416883704  0.21369253245697134  0.22485368481853418
  0.23364141767246241  0.24224547800022911  0.25070417037677240  0.25856153785089325
  0.26648891427201410  0.27500649996977866  0.28420175609620130  0.29329326886445845
  0.30122494592562787  0.30889471857924661  0.31638434257568887  0.32366283397747875
  0.33070810852486426  0.33787577633719346  0.34415183798359739  0.35155578285811773
  0.35857243491126251  0.36559427526558003  0.37079513556342103  0.37558975119063925
  0.38025510156163228  0.38460711004563397  0.38930213209395065  0.39505273187888773
  0.40130234755738231  0.40698842591164713  0.41280178695916186  0.41825168608128499
  0.42372987164905251  0.42980701426469614  0.43556958192983913  0.44107302477374682
  0.44636851137074979  0.45162656703688220  0.45679051948149813  0.46171821447728528
  0.46661685692915361  0.47179535403304418  0.47739079139833301  0.48300533788025951
  0.48842191286446801  0.49323340135530958  0.49807908753283336  0.50291549943135294
  0.50827249118579643  0.51344340343917705  0.51823303955341715  0.52310932387217635
  0.52831754315187140  0.53389707948936260  0.53954386970309232  0.54510068019586322
  0.55068301708143319  0.55655530899733774  0.56252931084377777  0.56831144033368386
  0.57400497265900496  0.57957490147246449  0.58573330433686410  0.59260421263270091
  0.59985067985874285  0.60654766510709435  0.61235000742023282  0.61811820639666293
  0.62441961391479239  0.63137839228090431  0.63893791289980773  0.64658095097563661
  0.65444352547172446  0.66162978706533115  0.66951314018987984  0.67798741408914631
  0.68722663893815483  0.69603620211324335  0.70483085669066725  0.71327278892908730
  0.72178178614628319  0.73071329210474312  0.74007485856443656  0.74971520120483104
  0.76064614895523774  0.77371756714782258  0.78756884751717005  0.80193673370678686
  0.81942751502479449  0.84423028049911220  0.88537365701243975  1.00000000000000000
   1.8399492055406899E-010  -1.0000000000000000     
 F F F F F F F F F F F F F F F F F F F F F F F F F F F F F F F F
  <DiscreteSampler_grid>
  grouped_processes
  1 # 1 for a reference and 2 for a running grid.
  10 # Attribute 'min_bin_probing_points' of the grid.
  1 # Attribute 'grid_mode' of the grid. 1=='default',2=='initialization'
  0.0000000000000000 # Attribute 'small_contrib_threshold' of the grid.
  0.5000000000000000 # Attribute 'damping_power' of the grid.
 # binID   n_entries weight   weight_sqr   abs_weight
    16   10   1.781933104400242E+000   2.055815679282626E+001   1.781933104400242E+000
    22   10   1.781933104400244E+000   2.055815679282628E+001   1.781933104400244E+000
    28   10   1.781933104400209E+000   2.055815679282536E+001   1.781933104400209E+000
    31   10   3.582753387845890E+000   8.233660379101322E+001   3.582753387845890E+000
    32   10   3.582753387845908E+000   8.233660379101417E+001   3.582753387845908E+000
    34   10   1.781933104400210E+000   2.055815679282538E+001   1.781933104400210E+000
  </DiscreteSampler_grid>
