  0.00009992779039690  0.00010316232099455  0.00010683951058708  0.00011024382729138
  0.00011332750879922  0.00011600620625047  0.00011845491186237  0.00012062839896483
  0.00012221702426827  0.00012357809566704  0.00012484951635575  0.00012613632577937
  0.00012744114145033  0.00012957032473037  0.00013175121407177  0.00013371527671185
  0.00013553673038383  0.00013730987440328  0.00013900553972082  0.00014060407854429
  0.00014215445922433  0.00014384532082548  0.00014542491086727  0.00014702663482539
  0.00014871683530307  0.00015044824852607  0.00015250070554506  0.00015473569246906
  0.00015699305349023  0.00015926785682943  0.00016157623775797  0.00016402621852048
  0.00016674753917266  0.00016967357522053  0.00017289590470992  0.00017621592339885
  0.00017977222111450  0.00018318209428899  0.00018619636031748  0.00018889556495975
  0.00019158425632136  0.00019444818305803  0.00019728654064881  0.00020064470483021
  0.00020442025950399  0.00020858297053220  0.00021301883715218  0.00021750768167963
  0.00022220910966843  0.00022678946691812  0.00023127358073123  0.00023560937315514
  0.00023985463773560  0.00024408763609646  0.00024835476197408  0.00025414844039532
  0.00026053097242177  0.00026726346788734  0.00027396156421254  0.00028023193577451
  0.00028638653846241  0.00029298586690422  0.00029948133982753  0.00030589128223203
  0.00031217228571349  0.00031787963826667  0.00032336920489684  0.00032909159258209
  0.00033562143210015  0.00034496352766193  0.00035466184029442  0.00036366615406511
  0.00037212494573424  0.00038175900630680  0.00039445526168890  0.00040940285996675
  0.00042489243511312  0.00044228121449567  0.00045985243402808  0.00047887380473520
  0.00050092899682640  0.00052445382202319  0.00055256714407423  0.00058650646973037
  0.00062449733469816  0.00066877381353630  0.00071971185180313  0.00077777439620528
  0.00084848547233812  0.00094075131392418  0.00104462160941875  0.00117780038389457
  0.00139353619762438  0.00186198671028899  0.07557335057195290  1.00000000000000000
 -0.00002465109109248  0.00040777071634879  0.00138231403776388  0.00324286105481403
  0.00628332757907120  0.00958773874467021  0.01347477623425109  0.01829157289181970
  0.02439588206141884  0.03191285306238077  0.04044268707984579  0.04761519167166074
  0.05509056619686870  0.06497727707860772  0.07598852172560519  0.08656087654890475
  0.09600112037520249  0.10570164479025761  0.11580481574872052  0.12652636555552829
  0.13790861123843298  0.15092917865668382  0.16488442571782166  0.17799118378156689
  0.18970181746411235  0.20009782837152446  0.20923760729336124  0.21782030480216522
  0.22662704143554269  0.23610277242060951  0.24552948624851950  0.25477465484455847
  0.26385995660577566  0.27248561493911860  0.28110732360340501  0.29024839135538355
  0.29815862254600833  0.30539795571911826  0.31280509991841016  0.32066627351677207
  0.32911259117963659  0.33878496833853988  0.34920922468176679  0.35901066017578087
  0.36854415287225639  0.37848457685134201  0.38926587072982438  0.40073521995911598
  0.41277476429537163  0.42519403436639991  0.43725226468215672  0.44956236950755424
  0.46237035569194884  0.47496847855411573  0.48671829204914019  0.49798340519610684
  0.50945752129219934  0.52072892104073287  0.53110271126076891  0.54142233473061741
  0.55205103641086262  0.56342519299220750  0.57529637452142335  0.58598984254555908
  0.59552914972427962  0.60434076569784745  0.61287805240493687  0.62214805804607254
  0.63133109443806401  0.64093295440226317  0.65188739039824894  0.66382736215598515
  0.67491089029562279  0.68592759949500615  0.69766565654387658  0.70979542155131570
  0.72217834659677616  0.73442946644221174  0.74692556095267981  0.75886439813562212
  0.76966889291312746  0.78100372647592931  0.79329220079913831  0.80494886379636321
  0.81679098417114937  0.82914040705072423  0.84311039612298733  0.85799830839453217
  0.87696137891225090  0.89798125326483969  0.91971450713815817  0.93915007710393750
  0.95529585687851948  0.97078445272473446  0.98565629999030424  1.00000000000000000
 -0.00208489898380992  0.00933593838215917  0.01808960268560925  0.02550463190823476
  0.03293187009125999  0.04086307910682146  0.04943193523134958  0.05877627963318836
  0.06902176693940842  0.08022690347721939  0.09244320703496357  0.10266102460345708
  0.11129646222327771  0.12164340379087996  0.13248807089015846  0.14411097323326821
  0.15405529190458789  0.16312358042483721  0.17084027215647601  0.17704461538142671
  0.18220811643543253  0.18711154260512289  0.19193475316103878  0.20011513323145488
  0.20837553891872806  0.21898518179749560  0.23020727946868649  0.23977298185870047
  0.24978464496278871  0.25990383803514228  0.26963336353644329  0.27929889037422323
  0.28969900940180193  0.30198571872726071  0.31473091044104784  0.32644021354904024
  0.33782828231545164  0.34854712941362942  0.36314025752642232  0.37794537386558863
  0.39103974914503353  0.40459296797200800  0.41776749890404652  0.42969043395529782
  0.44172050885627673  0.45386718902098799  0.46344471539534754  0.47063761703366658
  0.47794431757764722  0.48628300238188532  0.49445296750780843  0.50186331226104874
  0.50902255071473579  0.51621611451873417  0.52509501979726292  0.53615707779044874
  0.54843609813697558  0.56188686195024362  0.57585206260143917  0.58845970122595681
  0.59946482337964280  0.61086908225564418  0.62351555594677810  0.63700508111189313
  0.64971791382549626  0.66084788755858281  0.67138322465286782  0.68227982993956571
  0.69332718056258991  0.70342560002874099  0.71431469349257326  0.72710272001827725
  0.73860302315728654  0.74897295936549391  0.75951246860340615  0.76934869237134784
  0.77989137292551203  0.78914525791547729  0.79855495837837198  0.80775998484369560
  0.81735579242848799  0.82705861081582699  0.83927625055177557  0.85376722743887912
  0.86934338098993669  0.88351637579306119  0.89523622425241678  0.90587677230499541
  0.91608683146202763  0.92624340752979983  0.93592317170304073  0.94750275230227254
  0.95912714871606042  0.97158977437069904  0.98517798133044565  1.00000000000000000
 -0.01107166868536185  0.05957853088524225  0.08544438069202592  0.10272477027429722
  0.12428964776774881  0.14761191874836063  0.16849510836070641  0.18879956890194269
  0.21196544421287325  0.23404309278211727  0.25071835029777811  0.26350479422786144
  0.27389546670657094  0.28417016914495435  0.29382764277584261  0.30331690677282991
  0.31240668158474200  0.31817449896874728  0.32341135037995428  0.32885511076093987
  0.33432574775284124  0.34003638549169968  0.34602099105324968  0.35224617612964804
  0.35826202015844044  0.36350816265255964  0.36848985591917960  0.37415242673931443
  0.38150198755237402  0.39012504578010565  0.39809612966268487  0.40604533886990518
  0.41382400678847253  0.42129296916882247  0.42810009092448309  0.43422068711733947
  0.44040141114318987  0.44647313488656026  0.45209322465079915  0.45785391091656696
  0.46369438949667141  0.46967642852636482  0.47543874310546874  0.48089135796868038
  0.48615737814886462  0.49168631973491089  0.49713867739803663  0.50271130669918285
  0.50865978521329924  0.51498921676085752  0.52126318853130860  0.52723745277020428
  0.53330005416355486  0.53947529953068585  0.54611433834475498  0.55321245556842646
  0.55939138391071519  0.56496317022106624  0.57017641021636145  0.57527992972268605
  0.58037647609811016  0.58582184291544315  0.59149084878347336  0.59889510474329100
  0.60689599607040523  0.61542859346349310  0.62406228731895796  0.63211095819859453
  0.63923534353374611  0.64580371992692898  0.65174294111192954  0.65805509509012750
  0.66561553009142016  0.67260557023020273  0.67852387920349311  0.68412979247198435
  0.69011478311689178  0.69628891662449288  0.70228503108499885  0.70873538615666487
  0.71721290611637445  0.72602353864431979  0.73394774089786474  0.74161207187445499
  0.74992664604321868  0.75836362152386882  0.76820378324131622  0.78223196989723520
  0.79910175103944137  0.81667403346291811  0.83829224863339991  0.86125136395213364
  0.88548294092554558  0.91101103219054036  0.95012975790253973  1.00000000000000000
 -0.00240826222745017  0.00994900592625280  0.01968003430888649  0.03096488958319979
  0.04300747521977814  0.05403737453486468  0.06547185003545855  0.07708153928910751
  0.08724811303495905  0.09624870927300423  0.10448952670922856  0.11293546914669109
  0.12187893080318316  0.13287905307097680  0.14300592410614424  0.15213439727915667
  0.16111022890858462  0.17123609532604300  0.18180099057972174  0.19124030934875630
  0.20079827644089088  0.21371246747611478  0.22799308145718947  0.23967061917405255
  0.24965236621522052  0.25813718938494612  0.26704645184588666  0.27632763846538100
  0.28640809793146305  0.29663344490671872  0.30693560352978327  0.32004986835321736
  0.33679894490391593  0.35607517627343549  0.37520713157113678  0.39026483986478755
  0.40108183271703401  0.41020510697688534  0.41904918646938921  0.42880136505710553
  0.44068857564451747  0.45288277249322861  0.46231997249693890  0.47268627226003651
  0.48269213450182835  0.49448460332989913  0.50875920199427582  0.52394811569763866
  0.53912710638268924  0.55311613208376254  0.56515792265964293  0.57638320093319484
  0.58744841908190970  0.59790020467822491  0.60828135425545060  0.61921931431563360
  0.63206511418646660  0.64606376911786589  0.66082443732205454  0.67400636132500669
  0.68536959871868230  0.69441960597293662  0.70276238728211837  0.71295806292700137
  0.72388992270502306  0.73421462891599565  0.74197211417765285  0.74874125716852391
  0.75588406981168177  0.76428553506050079  0.77403709646911700  0.78447731885409999
  0.79313583411059596  0.80242364514732123  0.81132384537572388  0.82099788160490761
  0.83249661903178096  0.84468535797038402  0.85684289040509742  0.86866526515258724
  0.87746183864156491  0.88617946913343493  0.89482998988463058  0.90188566364104006
  0.91124910471181186  0.92042770567559129  0.92909912904459502  0.93773407337668635
  0.94526174892243942  0.95396588017061612  0.96277143100596696  0.97115516734322993
  0.97877491690936169  0.98603728360359921  0.99310913114997978  1.00000000000000000
  0.07905416966914412  0.35841941380924702  0.41757302783841072  0.44230047569482200
  0.45043488804640069  0.45752039961468915  0.46302322090198877  0.46763711264357238
  0.47149043677176788  0.47598578624242582  0.48049924747450207  0.48463017371002154
  0.49037702631643398  0.49708169383409412  0.50379163765156354  0.50989830723204743
  0.51613415903102411  0.52148653810454226  0.52703465397815596  0.53258473528068062
  0.54021906719489654  0.54813326105880467  0.55523618163433119  0.56053916453601049
  0.56503419420557432  0.57158696450605417  0.57944451856243018  0.58915838690303624
  0.60059151230387275  0.61147100858581505  0.61976945556214502  0.62854134605291145
  0.63750865366652365  0.64615588149774561  0.65559719618252610  0.66579838331117935
  0.67513593197921862  0.68476691315125593  0.69441521008356311  0.70422460505841900
  0.71420684806628654  0.72464332776796581  0.73549004243222182  0.74638569246863506
  0.75746520643690496  0.76888925736034142  0.77821120520011189  0.78649182788958427
  0.79389477452067525  0.79964914848263235  0.80504192091339344  0.81035332807033178
  0.81538589246451465  0.82017768635630806  0.82458039303986197  0.82922957806039899
  0.83413486464340014  0.83892702359423987  0.84348641517372513  0.84798206078375982
  0.85223390827638135  0.85594950036609507  0.85976165273672078  0.86345100517022866
  0.86686785777577091  0.87045035212923971  0.87409754323041755  0.87774864952761344
  0.88141538903742367  0.88526233811938460  0.88912826897263486  0.89296080465806227
  0.89667511698128133  0.90016327681529174  0.90346005204307622  0.90692943182076369
  0.91031919261646421  0.91377993035767024  0.91725512086899197  0.92064264321558642
  0.92420067979128884  0.92759408948018474  0.93089706716118126  0.93412222983314530
  0.93716581981276881  0.94021909934298631  0.94328744512438278  0.94635714213765332
  0.94971203349777000  0.95359813668831972  0.95779041684907817  0.96251040388177933
  0.96759477287742468  0.97341363699753358  0.98302974807386900  1.00000000000000000
 -0.02051789123912366  0.11921011212115983  0.15602682449864749  0.17668325262403786
  0.19284974262499877  0.20750496809366056  0.22079025679877942  0.23339560333642034
  0.24510529571842898  0.25607287901957604  0.26748006641782129  0.27750060221207179
  0.28604063359716170  0.29378287708227796  0.30176480473203643  0.31020548180810453
  0.31863138220210219  0.32628555014213767  0.33260976655237762  0.33883775501110164
  0.34592411686839730  0.35386388559392057  0.36119025237111968  0.36845380426558350
  0.37554077396949292  0.38290295283883341  0.39056999823557470  0.39681330842090901
  0.40181892505542238  0.40625160203710636  0.41106092463970678  0.41628690043317940
  0.42207714817744441  0.42869901611594907  0.43460458515629091  0.43939358546282042
  0.44364129630001187  0.44755330320872150  0.45179669714271270  0.45644676966621334
  0.46135020065323123  0.46746493653839155  0.47360623222156051  0.47995213217931432
  0.48600984071000058  0.49187247578064430  0.49764840235217789  0.50368312434118578
  0.50996458205733530  0.51604645060526300  0.52220357145001406  0.52851426285516112
  0.53571108846823379  0.54229353635199717  0.54839489044634782  0.55461844978774399
  0.56128246298746276  0.56814674856637370  0.57473589831042993  0.58126631055235733
  0.58649259556586986  0.59150172822209679  0.59627325202551673  0.60092089232589951
  0.60560588324821452  0.61069863196254404  0.61611350185639591  0.62214521622767138
  0.62850429267548324  0.63475994364747368  0.64068736722895803  0.64504302491546550
  0.65000757170094281  0.65648589380170763  0.66292921584461328  0.67017184764386084
  0.67914229001832338  0.68997934324956389  0.70231815348125459  0.71598226248433172
  0.73003145004004277  0.74225203398788675  0.75165533717893107  0.75759678893848370
  0.76396716976339663  0.77058041804611854  0.77597806029127747  0.78118113943406764
  0.78656885036718838  0.79353889150096923  0.80464439768445351  0.81833319478846200
  0.83632870125554482  0.85289087488248860  0.88160938994691396  1.00000000000000000
   2.9064112983780646E-013  -1.0000000000000000     
 F F F F F F F F F F F F F F F F F F F F F F F F F F F F F F F F
  <DiscreteSampler_grid>
  grouped_processes
  1 # 1 for a reference and 2 for a running grid.
  10 # Attribute 'min_bin_probing_points' of the grid.
  1 # Attribute 'grid_mode' of the grid. 1=='default',2=='initialization'
  0.0000000000000000 # Attribute 'small_contrib_threshold' of the grid.
  0.5000000000000000 # Attribute 'damping_power' of the grid.
 # binID   n_entries weight   weight_sqr   abs_weight
    19   10   5.851889196302052E-004   2.253488033006454E-006   5.851889196302052E-004
    20   10   5.851889196302054E-004   2.253488033006455E-006   5.851889196302054E-004
    31   10   1.279441199079662E-003   1.162884879726326E-005   1.279441199079662E-003
    32   10   1.279441199079663E-003   1.162884879726327E-005   1.279441199079663E-003
  </DiscreteSampler_grid>
