  0.00000281985132526  0.00000306318001521  0.00000323906483237  0.00000339316911908
  0.00000352859081924  0.00000366597635854  0.00000384392174183  0.00000401521545115
  0.00000416692086439  0.00000431624663504  0.00000453289243118  0.00000482904427710
  0.00000512387850086  0.00000540544103769  0.00000570142352757  0.00000599359439258
  0.00000633879456030  0.00000671420554913  0.00000707531879115  0.00000743963821865
  0.00000781350782650  0.00000815274122982  0.00000859096756619  0.00000903106379116
  0.00000940832283183  0.00000976615734544  0.00001012455426016  0.00001049435672684
  0.00001088097493419  0.00001142768571199  0.00001189981896060  0.00001238082936767
  0.00001294557144107  0.00001355879982084  0.00001411278390750  0.00001456237430826
  0.00001499071736616  0.00001545261578489  0.00001591335067853  0.00001631334309970
  0.00001672998129701  0.00001708127539965  0.00001757940370108  0.00001822537942220
  0.00001886666538794  0.00001945243153967  0.00002010358938258  0.00002074736268439
  0.00002136516522678  0.00002193235870245  0.00002238879072485  0.00002292986059816
  0.00002356778425930  0.00002428455008525  0.00002498084403573  0.00002565330401920
  0.00002627598148153  0.00002695103028557  0.00002771711186511  0.00002847840900637
  0.00002933935639583  0.00003026467165287  0.00003147208643983  0.00003283278241177
  0.00003419361583823  0.00003556606926906  0.00003702976902627  0.00003858799793839
  0.00004026269588207  0.00004184052712098  0.00004349306583986  0.00004539006246802
  0.00004759292268245  0.00005010076679969  0.00005275298576404  0.00005565179008780
  0.00005843389549348  0.00006075128384665  0.00006296769713377  0.00006537988993057
  0.00006751240386972  0.00006945945849515  0.00007231641406449  0.00007816245484129
  0.00008511924249038  0.00009211742458030  0.00010050778551822  0.00011333900316914
  0.00013211350832013  0.00015336295937317  0.00017780265739160  0.00021636123334778
  0.00031349762595057  0.00059292376629173  0.31879109856798066  1.00000000000000000
 -0.00000043592376269  0.00000647429990517  0.00001066794843223  0.00001384376639009
  0.00001633421721500  0.00001845074832535  0.00002043010270324  0.00002203821221381
  0.00002361627404975  0.00002507971709520  0.00002663088337883  0.00002849292173947
  0.00003053163207704  0.00003228177021013  0.00003387639413320  0.00003531583769319
  0.00003689182823361  0.00003847058524543  0.00004015172400596  0.00004175143641213
  0.00004339747737113  0.00004529344305129  0.00004720283155813  0.00004899815388262
  0.00005075974452775  0.00005251491724752  0.00005424184541517  0.00005576448187941
  0.00005725017704988  0.00005880081436417  0.00006034534360901  0.00006179224095373
  0.00006357929523713  0.00006581857239915  0.00006811600666920  0.00006984409207601
  0.00007146578554715  0.00007324731144498  0.00007518101612866  0.00007674388325454
  0.00007816808581337  0.00008012359785802  0.00008255999178801  0.00008516636188690
  0.00008802899643137  0.00009082511191510  0.00009348051323690  0.00009606615354097
  0.00009892252587776  0.00010263924139324  0.00010694099816336  0.00011107023738000
  0.00011448195798398  0.00011815641053568  0.00012357210232187  0.00013021803104220
  0.00013540090287416  0.00013869546733071  0.00014246208843791  0.00014690098429283
  0.00015206568715774  0.00015724326706150  0.00016351927154766  0.00017330331517464
  0.00018336943043870  0.00019011846948160  0.00019584128270704  0.00020150914663977
  0.00020747955352960  0.00021471515978848  0.00022300853626707  0.00023643038661035
  0.00025025911985174  0.00026458449088559  0.00028027211968422  0.00029822372883839
  0.00032018812289525  0.00034737908970633  0.00037814390554702  0.00041270612440379
  0.00045126812404043  0.00049856398728822  0.00055446345116453  0.00060737214059176
  0.00066727579229155  0.00072722666111078  0.00079092151481282  0.00086831332472053
  0.00097254640059976  0.00105859535735239  0.00123115848931814  0.00148858851720657
  0.00204932936098157  0.00275746509061432  0.03417245870268706  1.00000000000000000
 -0.00184641919935775  0.00908185159411967  0.02003920621238576  0.03011859214674076
  0.04072480211697083  0.05215768306073115  0.06499922816827469  0.07701935411847051
  0.08805867471489136  0.09983243097260237  0.11170196614708278  0.12566647840762901
  0.13986036958995310  0.15343119279262327  0.16573818000096954  0.17667983908556892
  0.18859984363156349  0.20154580108700290  0.21492705399877551  0.22946656042494326
  0.24095485760449070  0.25160632555338053  0.26198965773226951  0.26937225244899321
  0.27639444865314466  0.28348340101419045  0.29092265203439666  0.30110249270749967
  0.31268171820091772  0.32450082458782503  0.33376257466817860  0.34268270605100742
  0.35107593098369938  0.35940567741571339  0.36871999571092101  0.38094274068524192
  0.39408857437856459  0.40921081083653021  0.42539421023006890  0.43984953888389383
  0.45122428720275881  0.46228472132164566  0.47429993922261154  0.48974678109288161
  0.50450799570638938  0.51780103194759519  0.53016181828828080  0.53999732649199172
  0.54897992998038792  0.55712250267176733  0.56422296576369579  0.57103290598684531
  0.58024396668915557  0.59375342988495039  0.60797637263355442  0.62094857303726647
  0.63247023726349905  0.64342700660526975  0.65373995051142342  0.66406837680632924
  0.67529988859257184  0.68578611409694601  0.69426209669521910  0.70161965018986328
  0.70996437300757764  0.71847875773426362  0.72698236247214720  0.73515029739452009
  0.74260503072099004  0.75115764704496624  0.76173746064709480  0.77423861791425741
  0.78834173127001028  0.79913288044335751  0.80623416871569220  0.81236336037062451
  0.81810079416837289  0.82358693368735025  0.82941488627169691  0.83579070151204871
  0.84107916007296069  0.84760112848283109  0.85651722849216216  0.86704350506804362
  0.87800642321473543  0.88913350178770256  0.89810362527284149  0.90662787266514566
  0.91659587378587548  0.92806493419758462  0.94175181061302005  0.95367577830240569
  0.96589864028358163  0.97668351477624760  0.98854061210343469  1.00000000000000000
  0.00009580802404624  0.00011531277040225  0.00013347039398880  0.00014906464281356
  0.00016362088940116  0.00018265167723379  0.00020140200793202  0.00021939247467021
  0.00023726406452235  0.00025484603977717  0.00027231647226934  0.00028947985719054
  0.00030654661395729  0.00032320817711509  0.00033988519177474  0.00035662847381838
  0.00037357753107969  0.00039134921080297  0.00040938995776923  0.00042798648570574
  0.00044540197580795  0.00046179271924590  0.00047819325632654  0.00049464671054728
  0.00051117210303105  0.00052530366035464  0.00053860563170050  0.00054930591507238
  0.00056041824208536  0.00057193290759304  0.00058717256460952  0.00060347182601902
  0.00061953212841691  0.00063535701073510  0.00065119677507778  0.00066695347631872
  0.00068220657218846  0.00069714544278630  0.00071225063086936  0.00072791574271505
  0.00074566721988880  0.00076480491473079  0.00078510153135447  0.00080848965282593
  0.00083222048237958  0.00085500606579078  0.00087724722705544  0.00089953235305033
  0.00092447662503832  0.00095095115082052  0.00098175352006426  0.00101453058013809
  0.00104889649000460  0.00108578120451880  0.00112808470354394  0.00117232215908586
  0.00122131875951051  0.00127597795559014  0.00133365587457891  0.00138665238567742
  0.00143755438578017  0.00149091866288973  0.00154740356709601  0.00160061853926747
  0.00164363060133260  0.00168721785566836  0.00173339814081013  0.00178487167227626
  0.00184722814361096  0.00190136608506386  0.00195470161429805  0.00201655198079368
  0.00209594093650734  0.00220065614865771  0.00230933886956486  0.00244035720855136
  0.00260143105455160  0.00288286892525206  0.00301860185870297  0.00314266645753499
  0.00327244285363707  0.00340633754635832  0.00374917814500310  0.00397799381099754
  0.00420016742333364  0.00443272084005264  0.00480497581454029  0.00536296328948575
  0.00571527345061823  0.00608941455956854  0.00631910420319924  0.00659028733210851
  0.00825008687511731  0.01065601346784661  0.54238356482270933  1.00000000000000000
 -0.00091180482989986  0.00518961996978315  0.01144919879534463  0.01790275343858156
  0.02515328126814148  0.03266242848131194  0.04051997664249340  0.04841032231442039
  0.05608480339388604  0.06408170158308066  0.07286288076457628  0.08262922392297405
  0.09207319956212877  0.10121022666498830  0.10984066645145217  0.11875151490231865
  0.12859826531128718  0.13785771059876156  0.14663723008572541  0.15478906631801567
  0.16308949624922514  0.17143592740154659  0.18161300917219006  0.19049904669797452
  0.19700010018550043  0.20340792051667758  0.21015398058159210  0.21657078591010634
  0.22378875616404090  0.23307096702053012  0.24344052070089289  0.25463928875928199
  0.26523021432891358  0.27541659053849138  0.28417928977827139  0.29252816332223669
  0.30183001170801455  0.31262083979064531  0.32590328842750416  0.34005336458705354
  0.35531491866365461  0.37259603797838636  0.39613556395042182  0.41826778484464344
  0.43719579875389170  0.45731724279742153  0.48295441833681396  0.51403787671904089
  0.54298487274843132  0.56907667687264529  0.59105890031883923  0.60854110748068757
  0.61613758528355345  0.62348418554102492  0.63238343679890907  0.64361607981255864
  0.65496558840200980  0.66393951935462503  0.67690647336438214  0.69114321038054227
  0.70441018662115884  0.71615079855862773  0.72638592722981909  0.73699435857752016
  0.74476772462283047  0.75450908146043050  0.76171562508048662  0.76827962756033041
  0.77328402623879855  0.77826285154790631  0.78357665876430482  0.79131430750612497
  0.79944020012712891  0.80898994609199271  0.81760008831300712  0.82716930729996951
  0.83716217916470870  0.84793822718579548  0.85833878735851143  0.86721302635571074
  0.87625768575710794  0.88535879374757831  0.89530274006030852  0.90591297450333685
  0.91631338944288243  0.92658328168466386  0.93406872147527209  0.94045525746713299
  0.94686554005089973  0.95280291559831487  0.95813420640969205  0.96476682221159593
  0.97256496056593456  0.98083755728283861  0.98956221450673842  1.00000000000000000
  0.04659559356028865  0.26976425579972202  0.34636165798899921  0.39461179667359408
  0.41958325550728159  0.43200614802625759  0.44162237437324553  0.45124768835058260
  0.46100128905789439  0.46904175746330456  0.47523107505412915  0.48221086201156826
  0.49057793584764581  0.49922278356606808  0.50799291389139134  0.51527355613698489
  0.52176937881015317  0.52787923313622898  0.53368609166681513  0.53907482324009681
  0.54418133372434641  0.54937322521124676  0.55573338913951853  0.56319624157074277
  0.57150668368271240  0.58000555052429670  0.58769879947563908  0.59450853881891874
  0.60168892746943592  0.60778755456718614  0.61380570932692002  0.61969817220209733
  0.62542437640897630  0.63048577857611487  0.63466978440109256  0.63869884766438012
  0.64263666769968097  0.64691319981737661  0.65191374981746286  0.65776461973653833
  0.66368012178874758  0.66898977818880911  0.67363090489457567  0.67782319323750428
  0.68175803926867440  0.68586930423583348  0.69053142578457682  0.69575227648973115
  0.70156168193783208  0.70700045382368715  0.71051171088585308  0.71367984630200521
  0.71685478992073071  0.72056542361566311  0.72474343759870863  0.72797344602577585
  0.73242638420271977  0.73694988388706595  0.74192514089168227  0.74721419965812996
  0.75288760127829735  0.75978033590575700  0.76679993205733221  0.77436646217189808
  0.78275885713009496  0.79160214402551621  0.80013694253751022  0.80764103310353696
  0.81444750518066023  0.82116744979375000  0.82809478569623973  0.83562901800412526
  0.84212455787082463  0.84868147111742021  0.85587974013258350  0.86420026040436793
  0.87235952576395581  0.87993222909597468  0.88742023572136275  0.89489901843438646
  0.90239230030244622  0.90954555189426400  0.91619445990987480  0.92256248721848166
  0.92943946767093921  0.93731040153946343  0.94498754725259615  0.95071391755945378
  0.95513882556214647  0.95955515954225168  0.96362161091385867  0.96744845495305964
  0.97174328010294897  0.97708779503016885  0.98435991736059547  1.00000000000000000
 -0.02594990551263101  0.12473474724041367  0.14520970765278124  0.16181159656208213
  0.17956478677160961  0.19909491080710989  0.21362075333515335  0.22733879782605798
  0.24025678157239769  0.25277211031781260  0.26417385650300190  0.27578440905422097
  0.28727620774544466  0.29802894891639148  0.30774455581480670  0.31697689907448712
  0.32552881729954569  0.33347358085639983  0.34101204937861024  0.34824071869583828
  0.35562346012374185  0.36274228808617842  0.36953547492835132  0.37569308002791013
  0.37931793345667475  0.38348721817948672  0.38953158258229503  0.39517379966543320
  0.40121977473901660  0.40822172987817590  0.41452627523633079  0.41950186156878938
  0.42384657060234909  0.42771324709209596  0.43127065853143570  0.43500675401109345
  0.43877434711616459  0.44300975327025288  0.44741342525835792  0.45166302337084818
  0.45660482262273755  0.46191121109042971  0.46701956014565915  0.47170115508597310
  0.47592672805953873  0.47946885227392161  0.48373669179431472  0.48834364935460495
  0.49371590510536306  0.50018821104732736  0.50818895484535220  0.51400342869665550
  0.51870936249255684  0.52351205710395421  0.52830079760530113  0.53301166599454763
  0.53820889830335994  0.54426802435156929  0.55093976494654107  0.55749102153298991
  0.56447734648251191  0.57147993109376705  0.57824687673320319  0.58446670430963588
  0.59025303464719348  0.59559475872877443  0.60099073663068081  0.60711035824540605
  0.61372935077933255  0.62142159462682178  0.63065544358117520  0.64044144338049369
  0.64960614254008642  0.65719510206910992  0.66338762358883141  0.66970004001274142
  0.67650161266784081  0.68496288706757580  0.69441480100152753  0.70358231372547064
  0.71195474179796803  0.71957921927048507  0.72691389551763741  0.73467031035207797
  0.74360020515801240  0.75609086647614532  0.76532730037627150  0.77172429440602297
  0.77804376980151624  0.78424818311248434  0.79115368120746610  0.80370195861921112
  0.82290392504842136  0.84389098746053637  0.87634480460174691  1.00000000000000000
   7.1278324773961943E-009  -1.0000000000000000     
 F F F F F F F F F F F F F F F F F F F F F F F F F F F F F F F F
  <DiscreteSampler_grid>
  grouped_processes
  1 # 1 for a reference and 2 for a running grid.
  10 # Attribute 'min_bin_probing_points' of the grid.
  1 # Attribute 'grid_mode' of the grid. 1=='default',2=='initialization'
  0.0000000000000000 # Attribute 'small_contrib_threshold' of the grid.
  0.5000000000000000 # Attribute 'damping_power' of the grid.
 # binID   n_entries weight   weight_sqr   abs_weight
    22   10   2.105480249656385E+001   1.441527368846888E+003   2.105480249656385E+001
    23   10   2.105480249656386E+001   1.441527368846889E+003   2.105480249656386E+001
    25   10   9.046473306142308E+001   3.199147479358811E+004   9.046473306142308E+001
    26   10   9.046473306142300E+001   3.199147479358810E+004   9.046473306142300E+001
    31   10   4.276345579289911E+000   1.014489951720886E+002   4.276345579289911E+000
    32   10   4.276345579289908E+000   1.014489951720886E+002   4.276345579289908E+000
    34   10   4.276345579289911E+000   1.014489951720886E+002   4.276345579289911E+000
    35   10   4.276345579289908E+000   1.014489951720886E+002   4.276345579289908E+000
  </DiscreteSampler_grid>
