 -0.00366191441834833  0.01420865569717268  0.02893217813540349  0.04295595783328452
  0.05494493454397904  0.06644981231319545  0.07843403975716666  0.09066194221036417
  0.10268777293890401  0.11366566500897658  0.12464161358306146  0.13435495101209635
  0.14428639666996251  0.15417852785628147  0.16448768177037026  0.17541339153750832
  0.18587396648377996  0.19660585693580507  0.20689354765667733  0.21729007100488126
  0.22760043054458595  0.23789439165703469  0.24817669014908764  0.25985484178970347
  0.27100226894914015  0.28160936066941750  0.29178337499159446  0.30240279779601514
  0.31288991682248357  0.32269342729653688  0.33240601134857883  0.34310985143646933
  0.35388657101102894  0.36532079996521050  0.37683480929134971  0.38850800671327923
  0.39973511242961879  0.41041406211323000  0.42148502080494649  0.43250436008495163
  0.44266711387169944  0.45245728281918790  0.46269566522613315  0.47350529248896378
  0.48375799217681653  0.49334314895057818  0.50279093679328535  0.51208731725803114
  0.52128824992866196  0.53053652315937216  0.54027626093258252  0.55104881147482754
  0.56221577048713955  0.57425043077107163  0.58601754381271742  0.59800504823737244
  0.60953070400063536  0.62138594782636458  0.63202487712869904  0.64272442548182429
  0.65397856937845222  0.66568882466357449  0.67665120787709065  0.68708544442949115
  0.69737420942465300  0.70794696338616403  0.71844793958812769  0.72931287246001641
  0.73998106752522208  0.75022465549759243  0.76010802885018336  0.77036453943829664
  0.78128160228943710  0.79158091311792822  0.80142103963792510  0.81129584615449579
  0.82194504492935683  0.83296136211542460  0.84312937307359304  0.85315155119986452
  0.86312447911532142  0.87279683538197184  0.88260381157112267  0.89262549153048709
  0.90326631594078166  0.91388934738209870  0.92399808138265827  0.93405848229170541
  0.94425231008590294  0.95465886994692073  0.96433550088313680  0.97302253439914199
  0.98066831489303741  0.98760406052707705  0.99396123120355528  1.00000000000000000
 -0.00000057563521388  0.00001045906632337  0.00001541795534778  0.00001928502916179
  0.00002265966802256  0.00002570779113826  0.00002863180435350  0.00003151604183800
  0.00003432211599909  0.00003709024521190  0.00003985840634282  0.00004267872159417
  0.00004557843330533  0.00004859086555569  0.00005178264273353  0.00005501668734740
  0.00005837414426952  0.00006186263926686  0.00006536330396478  0.00006880463759116
  0.00007228429595825  0.00007592725841302  0.00007981855274288  0.00008385035431951
  0.00008789619757786  0.00009196172564251  0.00009616035127844  0.00010054351408999
  0.00010487473660186  0.00010919406849390  0.00011361994901117  0.00011810802266925
  0.00012276959928659  0.00012772590825139  0.00013287677780715  0.00013829255591189
  0.00014438252529896  0.00015063062478240  0.00015691240691512  0.00016370159823825
  0.00017105963724626  0.00017861630149883  0.00018612251396099  0.00019382041130254
  0.00020175962273374  0.00021027774226684  0.00021866627627303  0.00022680723115666
  0.00023488428568097  0.00024341577962334  0.00025272882500004  0.00026235859434245
  0.00027241858334325  0.00028354719617156  0.00029537804888611  0.00030744038223772
  0.00032069905963321  0.00033622156381322  0.00035067877491733  0.00036821500767100
  0.00038536976935481  0.00040225167492198  0.00041922988632846  0.00043643101436769
  0.00045335506005386  0.00047262889918551  0.00049260617324568  0.00051310541222146
  0.00053496651209903  0.00055992596523717  0.00058676233692855  0.00061603948111226
  0.00064914724905244  0.00068242915524301  0.00071582443315991  0.00075129233429411
  0.00078864237108068  0.00082618869806450  0.00086811435855165  0.00091183708997286
  0.00096786631612845  0.00102442393259822  0.00109186697551681  0.00116391941977564
  0.00126667199936455  0.00136638794107463  0.00153842661104359  0.00175802567649789
  0.00196646873722984  0.00211360427300521  0.00240380151926970  0.00283715428484657
  0.00327051151414961  0.00394916708738178  0.00913181413512189  1.00000000000000000
 -0.00087878769726071  0.01274626483613163  0.02606435836622674  0.04248064141930979
  0.05912612720574031  0.07430434089937293  0.08730640253275669  0.10160867884652416
  0.11780280807542512  0.13436619839018196  0.14802281891258143  0.16047928466315747
  0.17323744861206669  0.18685751563002809  0.20227914465904481  0.21645065780795986
  0.23046166106585006  0.24370384242527368  0.25801367759791749  0.27244059438954016
  0.28734713603497242  0.30117570794021697  0.31430988186686731  0.32713038194810506
  0.33918656004433950  0.35072982556464538  0.36147722729107057  0.37197260048228004
  0.38263759575259432  0.39344702286850392  0.40400874381802743  0.41400798942627204
  0.42361881822651987  0.43280523243237046  0.44201885581855327  0.45111312671388593
  0.46015712089194832  0.46935682065320872  0.47858223060211574  0.48827323932585870
  0.49738822521963710  0.50696273009984283  0.51651896999370961  0.52671289587613213
  0.53672889198627216  0.54665337552924442  0.55627706988605985  0.56574913121865256
  0.57517097629922376  0.58430287708132433  0.59303724799573021  0.60165817807607447
  0.61082050062486415  0.62052349133711771  0.63043212347293331  0.63941081729934701
  0.64897371593648456  0.65867483234790536  0.66857798493288978  0.67867499949642363
  0.68888113935219997  0.69921342826430499  0.71013185030292392  0.72142944017736998
  0.73276519498143478  0.74399185885282326  0.75498002078195758  0.76583387429162675
  0.77605758511083744  0.78506810858363441  0.79394938106965307  0.80230077114596487
  0.81150700815829457  0.82119792279748272  0.83090405537736856  0.84046333000731466
  0.85053256906454611  0.86035677766192198  0.87039898340648036  0.87942532851671562
  0.88798536882199031  0.89625393322836211  0.90449687820862912  0.91285030300371361
  0.92086341849651232  0.92838248304074189  0.93571558286287393  0.94309409427923252
  0.95050223010967350  0.95801077076103414  0.96514213126641291  0.97248646553990392
  0.97942270526783182  0.98634475439513369  0.99320421847528928  1.00000000000000000
 -0.00247569495112760  0.00975014603800455  0.01993931123492668  0.03070344028181999
  0.04236087364715262  0.05432494862467630  0.06635610090798805  0.07781970723240850
  0.08848764299659762  0.09860598718173795  0.10873731100520734  0.11921897280929492
  0.12949248007007483  0.13893729047001518  0.14799466946908627  0.15723654749840257
  0.16717115581106134  0.17766231907278601  0.18870258395501999  0.20010937070396154
  0.21264158217283913  0.22558644587797244  0.23788584214599112  0.24910698047549251
  0.25926381878901078  0.26909689067926013  0.27895259370374975  0.28876721781713005
  0.29865508066639851  0.30870115039984514  0.31899235157716377  0.32964948409489248
  0.34006301709473413  0.34978514573584457  0.35959520258225242  0.36911640610385782
  0.37920697797507702  0.38897092022255531  0.39881367794526723  0.40853495320231609
  0.41782755697087198  0.42754017000828942  0.43756329001524402  0.44836070340796197
  0.45951977724993959  0.47013283571926900  0.48074648267558623  0.49149247854061440
  0.50320948106887120  0.51508148202950188  0.52669005974479954  0.53806354572276938
  0.54929760119674576  0.56048877642794803  0.57142299110619166  0.58219340882338899
  0.59274513742960389  0.60344839737270173  0.61377579778738212  0.62431103751383854
  0.63473592736142159  0.64511357347876652  0.65580770684236789  0.66643495418761012
  0.67703230594325192  0.68758897383336770  0.69801158383887718  0.70885886117201446
  0.71904400768694399  0.72882479005210443  0.73849869905544629  0.74851972911288633
  0.75899955009990439  0.76915755123226504  0.77922000845579098  0.78886592306028913
  0.79967326908605552  0.81140389521969025  0.82327909680065070  0.83477477845346437
  0.84577449888422318  0.85662947290721725  0.86704067797032791  0.87712896492230941
  0.88677744103331080  0.89621811634997917  0.90566478443782605  0.91493878095592496
  0.92462813432781643  0.93438189306049302  0.94537897753975131  0.95617759219218623
  0.96790970610724547  0.97870532503070773  0.98943801563997424  1.00000000000000000
 -0.00215725839632922  0.01059301723559300  0.02113679478223898  0.03159298589503044
  0.04221602783694289  0.05391232489255699  0.06641633839474009  0.07966714141999336
  0.09131110138071069  0.10285513951395084  0.11306072653564689  0.12326848527543049
  0.13336303290356777  0.14440602248680123  0.15521234756271035  0.16613944618789672
  0.17690340262611845  0.18780519226268222  0.19860524774577221  0.20925778588086871
  0.21999239911716725  0.23011177365223612  0.23925007116669955  0.24900386255761775
  0.25842420692745199  0.26844761358726382  0.27799099162485874  0.28742482143311471
  0.29719114167594990  0.30687799459212650  0.31642541991748196  0.32621879552971911
  0.33692971460149435  0.34860219337409393  0.36022757141597406  0.37162720064728072
  0.38283349252942350  0.39401802794565682  0.40539922899099595  0.41698921856645443
  0.42835641096860999  0.43893390268130589  0.44930228877136613  0.45960882090322419
  0.46989388843128843  0.47989857512461731  0.48954682994601162  0.49899565350552511
  0.50889841835660665  0.51930697058933617  0.52993049513026025  0.54075120181829972
  0.55202649900844147  0.56335041121069129  0.57461661425481658  0.58556309640643045
  0.59606411145814275  0.60624602811562789  0.61624882647154855  0.62654440985997528
  0.63693524956185621  0.64692613388993947  0.65651650695225150  0.66604381575059146
  0.67611798116266675  0.68664656509773425  0.69709152030999288  0.70706025456565258
  0.71675376735670993  0.72641048848121503  0.73596020569817266  0.74543505732011239
  0.75518648670714650  0.76548733041503947  0.77634277007437014  0.78722582083750048
  0.79785229008726155  0.80830129580187382  0.81855439603869085  0.82911017168947643
  0.83971320183759912  0.85022529282739145  0.86060437798862222  0.87065297340912062
  0.88064270384985999  0.89098072597782896  0.90204523766535294  0.91343556739635456
  0.92417991888280160  0.93440833979565463  0.94474403842899690  0.95534617118243459
  0.96612093451424375  0.97672640947602640  0.98833263881876166  1.00000000000000000
 -0.00635323385688740  0.07353428423517906  0.12627869790132581  0.15211606257797852
  0.16872762995650370  0.18104226955515323  0.19217493990174206  0.20308874009945999
  0.21398909607599856  0.22440904180781879  0.23415338599705562  0.24318538914170262
  0.25156084003751789  0.25968779409468107  0.26795287100944998  0.27662692459115407
  0.28520782429863872  0.29326051987896801  0.30070749670406205  0.30794586648625555
  0.31531117812240017  0.32336067206716901  0.33116741845720310  0.33903467274060395
  0.34653925934137375  0.35410720601693091  0.36178531570605194  0.36892162536018297
  0.37557656476935869  0.38235671997987908  0.38935561080977399  0.39676751959288747
  0.40471218277779664  0.41286930763024665  0.42129628713523470  0.42981978852952402
  0.43782619932651951  0.44528595972348217  0.45273615634299652  0.46038056920734077
  0.46851568714558839  0.47707858900002881  0.48515551072442964  0.49314692054028508
  0.50073042994942873  0.50841407222128654  0.51598720663514863  0.52361559844390371
  0.53144566889902001  0.53941617553097942  0.54718891368302192  0.55499199988718972
  0.56268612617449076  0.57015505700616331  0.57775197251215560  0.58548681766359345
  0.59331996164596768  0.60105126874449666  0.60859523550292538  0.61587736220352662
  0.62288273592502319  0.63009012267394426  0.63757461619694555  0.64519092605685435
  0.65316028949915328  0.66109202783286547  0.66897957129629082  0.67676983215075226
  0.68477511359519194  0.69378529968771030  0.70254139551484929  0.71053536798341033
  0.71868204963226745  0.72702699537745497  0.73544633386315950  0.74362784001354054
  0.75164903877116551  0.75963857124152168  0.76791802259476327  0.77672084647216855
  0.78610503926448794  0.79606176312356647  0.80639026157186511  0.81731672248439802
  0.82818727440737605  0.83879621289301498  0.84918902461928192  0.85942042014331987
  0.86945116018148116  0.87964791693682642  0.89013859252439920  0.90087934878401299
  0.91417005550115515  0.93261226920861351  0.95846662728774168  1.00000000000000000
 -0.01903344733379291  0.11320325093660885  0.14806296800735680  0.16933061763876905
  0.18658414805805462  0.20120089127189827  0.21387432188690678  0.22616413305022134
  0.23725449121777803  0.24791977805748741  0.25804513613437036  0.26795135954976024
  0.27724807246579347  0.28590164500561377  0.29398850825807360  0.30217420720112637
  0.31041607255861969  0.31872251490317394  0.32649368224686531  0.33390724974337338
  0.34123156289136314  0.34830379404215234  0.35515826486930036  0.36195847297970069
  0.36863541155522755  0.37554767373201248  0.38216368263731465  0.38859221541411321
  0.39474104313128705  0.40071971439632215  0.40668069325075562  0.41264345161827076
  0.41846897637667946  0.42408817771851837  0.42959571630173771  0.43507846103090275
  0.44055883338551999  0.44605371984230086  0.45170186998886219  0.45730990312084224
  0.46313099684441517  0.46909592497933261  0.47501536837810543  0.48089026435075632
  0.48663154364528299  0.49228116068424266  0.49798867924265278  0.50392369125040215
  0.50963551490092107  0.51520068050273127  0.52074579006494626  0.52632887253584981
  0.53200397167864610  0.53765567387233415  0.54320965062506010  0.54870416778217146
  0.55419037360619539  0.55972274251736254  0.56508216482374451  0.57034114778165679
  0.57563522976281423  0.58114615464082242  0.58674411061636322  0.59256690297202164
  0.59840911768404481  0.60422871321286087  0.60993118203016150  0.61567131643006934
  0.62150555421253040  0.62751664719698097  0.63357982694706450  0.63919926233789826
  0.64445500623179519  0.64992565865178509  0.65565353679503657  0.66217854143964971
  0.66915414127409900  0.67660661297148050  0.68452933947010930  0.69335838274315642
  0.70282620410822882  0.71199340287712776  0.72101236344887998  0.72998416284611856
  0.73890999034157390  0.74839606534988923  0.75809999460297040  0.76830952891771054
  0.77931201094662117  0.79107443204205785  0.80394236241902017  0.81866330555644606
  0.83597285501483631  0.85729767461320960  0.89108290195461282  1.00000000000000000
   3.8928968675896193E-009  -1.0000000000000000     
 F F F F F F F F F F F F F F F F F F F F F F F F F F F F F F F F
  <DiscreteSampler_grid>
  grouped_processes
  1 # 1 for a reference and 2 for a running grid.
  10 # Attribute 'min_bin_probing_points' of the grid.
  1 # Attribute 'grid_mode' of the grid. 1=='default',2=='initialization'
  0.0000000000000000 # Attribute 'small_contrib_threshold' of the grid.
  0.5000000000000000 # Attribute 'damping_power' of the grid.
 # binID   n_entries weight   weight_sqr   abs_weight
    19   10   2.054016126148148E+002   1.152023950942617E+005   2.054016126148148E+002
    20   10   2.054016126148145E+002   1.152023950942614E+005   2.054016126148145E+002
  </DiscreteSampler_grid>
