 -0.00257449853548769  0.01114085418601718  0.02328602004243284  0.03589758657760932
  0.04752644219340587  0.05830700758645827  0.06918944994336386  0.08000663619997354
  0.09084380220569528  0.10159464142456867  0.11164540371386224  0.12165516385027836
  0.13154861708337953  0.14144143580866908  0.15108997813466313  0.16080637477641296
  0.17115700860417490  0.18258548304466740  0.19458520748344549  0.20619141290968712
  0.21669685495588736  0.22690348974957625  0.23710803472322572  0.24711903607213082
  0.25676457300485717  0.26706637555975477  0.27819454314635611  0.28892573112918912
  0.29858702176002189  0.30772739098048291  0.31771567238504067  0.32864687784513852
  0.33968759859383013  0.35089017300982295  0.36219082361485494  0.37313663961012433
  0.38387403236119566  0.39534864390602636  0.40744442038943818  0.41945393521270014
  0.43088223347003363  0.44125332515473914  0.45093469826193450  0.46098724612243741
  0.47152910050954489  0.48190402425062129  0.49129708052821602  0.50071603540452703
  0.51018753535359307  0.51997069024006970  0.53052286607844201  0.54119148110843174
  0.55268545977526107  0.56454461353035768  0.57630049618964174  0.58754972364118518
  0.59798556899870692  0.60881554645057856  0.62046486584993177  0.63236349849347395
  0.64363681500797498  0.65445115991779101  0.66466357219308880  0.67431421919554402
  0.68400275713956615  0.69401967685028143  0.70456450057013875  0.71488745786478891
  0.72491000710190401  0.73451007722518036  0.74365880247562755  0.75320721396785462
  0.76313999576250058  0.77336562704748335  0.78388628942824445  0.79441247086699684
  0.80482735870780264  0.81519867196684481  0.82547389238349389  0.83631141208985615
  0.84618008950200574  0.85596403982480818  0.86573920268117566  0.87605019910544701
  0.88617329058289185  0.89614030632032138  0.90613203779693208  0.91626561276933383
  0.92645207253009665  0.93666094836182379  0.94691124737085519  0.95721901688863453
  0.96787300141945176  0.97877386489835594  0.98938550057122865  1.00000000000000000
 -0.00000098813469931  0.00001047050659917  0.00001526545390165  0.00001898496461983
  0.00002233610284208  0.00002546658653207  0.00002836157642063  0.00003127348619931
  0.00003416544373122  0.00003686101719665  0.00003960195561727  0.00004224642503108
  0.00004485900661070  0.00004746487189785  0.00005022806898381  0.00005310984928204
  0.00005615462722827  0.00005916373259208  0.00006219317432286  0.00006541523983386
  0.00006871726917797  0.00007221427134780  0.00007589463763924  0.00007969853544755
  0.00008359782609099  0.00008755596662985  0.00009159318885707  0.00009570045865986
  0.00009983477971088  0.00010401896279913  0.00010846410385232  0.00011334259005201
  0.00011838418182209  0.00012371849775603  0.00012926678636635  0.00013487182160147
  0.00014045199184760  0.00014615925911566  0.00015195480036475  0.00015784942284793
  0.00016404630922114  0.00017063556179735  0.00017755706421529  0.00018494531569191
  0.00019318453087838  0.00020194778852746  0.00021078374568057  0.00021914490633305
  0.00022721601780343  0.00023543008632643  0.00024543646497801  0.00025583498429110
  0.00026558578546501  0.00027517642957941  0.00028520880606374  0.00029580974644356
  0.00030705881866429  0.00031899988194344  0.00033130718170313  0.00034408745626238
  0.00035795341617375  0.00037336458386423  0.00039011163270169  0.00040558885308858
  0.00042263809542606  0.00044039243263664  0.00045920094563559  0.00048055643546267
  0.00050411553573184  0.00052976278634176  0.00055923734845127  0.00059289054076184
  0.00062463945231877  0.00065755275816730  0.00068685207051507  0.00071762173799332
  0.00075140608770590  0.00078668927483566  0.00082299161950509  0.00086273084691580
  0.00090911577685930  0.00096276560768448  0.00101075284091220  0.00105771432302026
  0.00110560407239001  0.00116185066074631  0.00123062658958457  0.00131203881950878
  0.00140965002917095  0.00154187784645366  0.00169836561726623  0.00189132848070193
  0.00212501529987605  0.00234854350962733  0.05796129018851905  1.00000000000000000
 -0.00168941130556777  0.01193706613958053  0.02394449293334531  0.03880010189865057
  0.05330897954495371  0.06874448993067664  0.08575569469889040  0.10374583225365779
  0.12105404096067963  0.13928447281503464  0.15793042821129885  0.17732475941455381
  0.19456097146425791  0.20933829412192123  0.22286926614218580  0.23576453731304439
  0.24852198837003672  0.26188468123723851  0.27582385905603296  0.29025696014909347
  0.30314900747110829  0.31554120813302566  0.32742314904570957  0.33809819404972646
  0.34836739078949586  0.35875324157471916  0.36995469507654077  0.38203777779091425
  0.39324316781010010  0.40343375186146185  0.41324118189984826  0.42348389784320772
  0.43422938181953125  0.44434011115376332  0.45398373690933069  0.46339718561206067
  0.47289314775713470  0.48253115026965726  0.49226052221616085  0.50188052937100747
  0.51117720080272711  0.52056520668370276  0.53043870291687600  0.54042814168307551
  0.55024572276561279  0.55985370841782123  0.56978403960739843  0.57961208871567527
  0.58902599231784913  0.59804419113598084  0.60715795408920414  0.61701194137963700
  0.62719297118132666  0.63712125624697502  0.64691171131408653  0.65665227792720804
  0.66643407925519960  0.67627175613535395  0.68603082376537339  0.69588314808493057
  0.70577000336937656  0.71521723613726640  0.72422172587139377  0.73320302411885774
  0.74196093639514182  0.75109899729070040  0.76064080188124783  0.77022922001699645
  0.78024717755061490  0.78967348902062562  0.79896521483440852  0.80768533596597158
  0.81701594666539257  0.82632974388311609  0.83559249995765139  0.84442176149076109
  0.85336727009416025  0.86264787216911110  0.87189558860384020  0.88088635850089092
  0.88979669086172519  0.89871676048224425  0.90774441910326520  0.91691515198686524
  0.92562592648418429  0.93437127700043310  0.94209871488217045  0.94896775005471823
  0.95559210867133337  0.96217152222968594  0.96886399062926287  0.97557053831201546
  0.98215536383083424  0.98848811853262741  0.99439197368008136  1.00000000000000000
 -0.00225657152594802  0.00905009581294406  0.01860596930672042  0.02894817399014166
  0.03924966269406623  0.04962442543224452  0.05992768909225416  0.07046913588984266
  0.08134595890690489  0.09150625808873621  0.10202248614199129  0.11211704570931137
  0.12212298614438927  0.13193314735564562  0.14170744618509368  0.15180914842056073
  0.16285764400047506  0.17369575982218735  0.18431669455476646  0.19419683638347487
  0.20404081674871610  0.21527278460459415  0.22597804739951208  0.23601079328670654
  0.24545479058593278  0.25509206553805203  0.26528983235787457  0.27541977353676728
  0.28505140363390280  0.29469498787956011  0.30467180549136341  0.31511474152681013
  0.32573214851609356  0.33666478446608916  0.34805921943508311  0.35937248000027278
  0.37033261646759202  0.38130536835481110  0.39185402102235095  0.40251373747560554
  0.41270409031251715  0.42398045182244282  0.43566045794726976  0.44751082906736439
  0.45866993366498410  0.46933057500174752  0.47983414840748811  0.49073994490077788
  0.50176140149880055  0.51287609585538563  0.52363744824539871  0.53428402650812523
  0.54488947842892355  0.55547044121072819  0.56573321085320238  0.57613844655989510
  0.58707699897975785  0.59899747561096717  0.61022689306077615  0.62130657525876443
  0.63174272478671933  0.64210948098388687  0.65210087890427737  0.66213902617169162
  0.67191131130636006  0.68163638238241864  0.69183237941837361  0.70254027529248342
  0.71307185071562074  0.72361462861261283  0.73425498913562648  0.74505306664728321
  0.75556201296508507  0.76606889607112461  0.77629436986956402  0.78641311366829836
  0.79643818831696278  0.80683168248136339  0.81711080181322260  0.82711508008619383
  0.83779780681891136  0.84916712257405091  0.86061775121814588  0.87180303857393460
  0.88332542013358728  0.89404783761413198  0.90442862189588058  0.91367619228794583
  0.92371774436128906  0.93359068107131959  0.94482731990584590  0.95584417849051106
  0.96692302552563192  0.97788383571648929  0.98885235894311874  1.00000000000000000
 -0.00188627580903204  0.01033249503555869  0.02068884429056132  0.03112017443426042
  0.04141171606227919  0.05133889462907292  0.06049925390924909  0.06948757962512746
  0.07873797174871755  0.08847616960239198  0.09862539689410756  0.10956457685556932
  0.12136256928888628  0.13363854702210609  0.14520797157924187  0.15595413951373743
  0.16569045979342381  0.17526784353793309  0.18522061304432993  0.19601660546875496
  0.20729793041526801  0.21748642914885175  0.22754414572236206  0.23751283348466376
  0.24763972175066384  0.25809143736237511  0.26852966480005575  0.27909128870958105
  0.28982422149093928  0.30080170515695592  0.31135747741353864  0.32149215049673957
  0.33145602546854869  0.34162425596345192  0.35167044077328624  0.36172489821391496
  0.37199544235505977  0.38178506999429457  0.39131514436841908  0.40108679691718269
  0.41140785126785134  0.42149528260741198  0.43119104892943527  0.44092844344793103
  0.45081510840597727  0.46097856385535024  0.47122391209324122  0.48135786595204327
  0.49110381475582338  0.50051822847791738  0.50984552854024656  0.51905995725961340
  0.52860852174532713  0.53895453518206682  0.54997801319142614  0.56102118869623652
  0.57248122699132664  0.58417183348966362  0.59574610276980255  0.60693980926455282
  0.61847470113947289  0.63007962711468035  0.64140795368962089  0.65260489829712953
  0.66339526870083687  0.67439160836153722  0.68565399610814803  0.69734347960556420
  0.70954995136977916  0.72033281351141087  0.73091158048700000  0.74117681904022081
  0.75195805230851154  0.76186165959742291  0.77167023431481030  0.78194594972541631
  0.79296204658480540  0.80449904181008236  0.81597657110606403  0.82716751635524732
  0.83812587613611034  0.84903599279460684  0.85968205084380311  0.87013864130004581
  0.88113355821346262  0.89328421814450265  0.90312973870227498  0.91284347596853177
  0.92230859280821065  0.93256622085446161  0.94275269926456173  0.95370316147101164
  0.96469809506140836  0.97685319475936594  0.98820741390564915  1.00000000000000000
 -0.00965816212702312  0.07193002063691276  0.12352667150313043  0.15196091897619271
  0.16839039108765724  0.18061248664446178  0.19121858742076450  0.20105127479803403
  0.21025505851653942  0.21941165413335259  0.22876758582968737  0.23767308187098690
  0.24638816163328192  0.25482171439009482  0.26360429407984359  0.27244117502450904
  0.28138396104240859  0.29005230447334646  0.29832578019978684  0.30654474998143549
  0.31467500936766107  0.32238739809704064  0.32983081325404229  0.33713932915452061
  0.34430945069404945  0.35146123590570627  0.35858994964245050  0.36562183430908624
  0.37263034954588242  0.37962588054254376  0.38671304425105535  0.39386227506606358
  0.40108018370978959  0.40859295622872560  0.41621711685516150  0.42432809588091303
  0.43294113473422624  0.44169179534058134  0.45002173663389727  0.45773169493959631
  0.46489955403828315  0.47240547640889302  0.48038258089948577  0.48832342031017334
  0.49583729265804588  0.50311751893057188  0.51059754782290423  0.51812271539717647
  0.52552915072791817  0.53275533870676306  0.53962158598785837  0.54671482249726877
  0.55384195101922407  0.56137362628740550  0.56941732150661017  0.57786618003414725
  0.58648100999262187  0.59466480394645516  0.60260873959417827  0.61037553978143833
  0.61816879024111493  0.62572792988007531  0.63303395925339589  0.64072619313857759
  0.64897400525951954  0.65722598991806624  0.66516884578553315  0.67273204808262022
  0.68006641929852851  0.68762476746538637  0.69554528890535439  0.70370082645977672
  0.71201926599337229  0.72041554764571836  0.72920801270059765  0.73849321468690243
  0.74837756084607454  0.75815512534486706  0.76766694811895786  0.77645063436967310
  0.78461461297313317  0.79275937395756657  0.80077635046231121  0.80911582168778595
  0.81789888852770043  0.82789951958309227  0.83842156151922220  0.84972114863344494
  0.86196372784402175  0.87554445852863849  0.88904161568313245  0.90169886571456126
  0.91499407652959208  0.93200300270321867  0.95633014578499254  1.00000000000000000
 -0.01840090488813269  0.10521914125871346  0.13779627072681119  0.15846424600284029
  0.17502518912699938  0.18994553771869405  0.20377858866739848  0.21646438737296081
  0.22795364751686270  0.23897803027380884  0.24985627562016777  0.25992143247345706
  0.26939010440986222  0.27837740174977682  0.28730884395968331  0.29572058852830485
  0.30344794932951047  0.31069082698153105  0.31789093677669295  0.32491331184426125
  0.33205583016884588  0.33884306326189789  0.34561075100305300  0.35239569486901307
  0.35905790364208157  0.36548114486725952  0.37170693149560752  0.37766494757888958
  0.38365325500050729  0.38947154047800081  0.39535579166922791  0.40118743495658210
  0.40695809651681625  0.41262996857024148  0.41803111681114924  0.42324820856901268
  0.42854346636133811  0.43389809339596930  0.43933392592473902  0.44503303835453517
  0.45054711675175668  0.45599954744609938  0.46121161850193576  0.46673652453184455
  0.47202143499192806  0.47774192335548032  0.48330457278291777  0.48883872573826442
  0.49435578370903527  0.49993047001328478  0.50556732964822504  0.51119907999533976
  0.51674014995162232  0.52219172642284062  0.52781963485644379  0.53365847168339309
  0.53971407848651232  0.54577308990643969  0.55196335632679150  0.55806659454970353
  0.56390116114553879  0.56950668149278616  0.57505758688449338  0.58064231037516112
  0.58619691677548569  0.59169152730467278  0.59728573114386729  0.60314564131843906
  0.60957623563710639  0.61581299053786676  0.62206306397347388  0.62846623414234748
  0.63540456350704511  0.64256562121255711  0.65016583590377186  0.65791898413096683
  0.66585729168046048  0.67418584675208004  0.68281635562087928  0.69147322151129853
  0.69993305852366294  0.70818953859850076  0.71662434937000197  0.72550462164867702
  0.73533840024341024  0.74619007928966141  0.75699887316359027  0.76760600202317442
  0.77894659322752191  0.79097889754374739  0.80418087287068629  0.82043529215285471
  0.83906619272658767  0.86195840193720796  0.89693509978646435  1.00000000000000000
   3.7616463724794130E-009  -1.0000000000000000     
 F F F F F F F F F F F F F F F F F F F F F F F F F F F F F F F F
  <DiscreteSampler_grid>
  grouped_processes
  1 # 1 for a reference and 2 for a running grid.
  10 # Attribute 'min_bin_probing_points' of the grid.
  1 # Attribute 'grid_mode' of the grid. 1=='default',2=='initialization'
  0.0000000000000000 # Attribute 'small_contrib_threshold' of the grid.
  0.5000000000000000 # Attribute 'damping_power' of the grid.
 # binID   n_entries weight   weight_sqr   abs_weight
    19   10   2.274521846308417E+002   1.974546289893895E+005   2.274521846308417E+002
    20   10   2.274521846308417E+002   1.974546289893893E+005   2.274521846308417E+002
  </DiscreteSampler_grid>
