  0.00946391582025568  0.01590112276626859  0.02485790222357668  0.03405240378130137
  0.04250573571424453  0.05184873759359951  0.06343902955409808  0.07341169409627657
  0.08513637535117974  0.09720768253756105  0.10835633874990681  0.11988252424713801
  0.13151025812121192  0.14174306486683408  0.15041145734908654  0.15788539214527728
  0.16484829113694821  0.17252069289627706  0.18094278061712324  0.19137427455571648
  0.20353244536705814  0.21720199911063198  0.23070665175682500  0.24628651273076843
  0.26063439151601620  0.27127904540245334  0.28009965418647254  0.28930240602462143
  0.30025599575795631  0.31143315720568721  0.32215077045082247  0.33153791138303601
  0.33987416738581822  0.34918461074741713  0.35881301212547906  0.36858528103631849
  0.37728942457369247  0.38728135053773416  0.39931760112897197  0.41521474925211010
  0.42752448151676375  0.43822658498324119  0.44742186765229863  0.45559208246883598
  0.46474346326604193  0.47490669402958463  0.48704949848188123  0.49957035671054573
  0.51117771799804612  0.52219896080905015  0.53168056221335080  0.54059391765011844
  0.55049076609560754  0.56091006098700746  0.57155341375291302  0.58116480955242178
  0.58961238013753781  0.59850079395596889  0.60919966717830565  0.61938686816644672
  0.62989687157838170  0.64033774876275718  0.65028427447419734  0.65977726131099779
  0.66920823313717226  0.67868830178831530  0.68798147760407802  0.70117115591683543
  0.71406947897535078  0.72530162291229550  0.73595208906660536  0.74577248553425313
  0.75486852569248086  0.76501247423998908  0.77417413783374944  0.78255961236687621
  0.79084634251985164  0.79927618886584950  0.80896853594228801  0.82051959950082443
  0.83236785182362183  0.84447253760849150  0.85599326612980942  0.86527724983012411
  0.87456934708011258  0.88571155271421786  0.89903260230492565  0.91387338716203437
  0.92641003290794421  0.93741024323368805  0.94837533459031331  0.95885819286415264
  0.96918397495452902  0.98099128300587612  0.99107328927028993  1.00000000000000000
  0.00000296078814261  0.00000309706569046  0.00000324388630620  0.00000342446668189
  0.00000360915690902  0.00000376716402338  0.00000390653964072  0.00000403933516912
  0.00000418556946335  0.00000442878765398  0.00000467358824723  0.00000488201240398
  0.00000511218080665  0.00000538418643612  0.00000568302658857  0.00000600411461250
  0.00000633844122162  0.00000668821335221  0.00000709003017068  0.00000754770269108
  0.00000802715184320  0.00000852537503162  0.00000903653412742  0.00000951682736417
  0.00000997414100813  0.00001045823267666  0.00001098246981228  0.00001152960171457
  0.00001203146579795  0.00001257589009229  0.00001310789596277  0.00001358539952389
  0.00001412413684062  0.00001470596849653  0.00001532480736278  0.00001607309973559
  0.00001674103882333  0.00001733384088518  0.00001790690057002  0.00001847284183473
  0.00001903561350449  0.00001971258970855  0.00002033558897779  0.00002098147657924
  0.00002164212240388  0.00002238761045523  0.00002322136410164  0.00002410046015002
  0.00002498365737185  0.00002591873179215  0.00002681138643689  0.00002773312285583
  0.00002861215045548  0.00002951256151290  0.00003053367367705  0.00003170560271265
  0.00003307113870136  0.00003447726181406  0.00003581698747886  0.00003701224017662
  0.00003812632207902  0.00003923847890588  0.00004052065988076  0.00004191183863735
  0.00004335650954674  0.00004482946482802  0.00004653428652449  0.00004866842109634
  0.00005077555172993  0.00005310434367532  0.00005573306386737  0.00005861388302869
  0.00006162710303307  0.00006505643850051  0.00006894344633829  0.00007315403394745
  0.00007788545082748  0.00008296035395481  0.00008882946060663  0.00009558441584818
  0.00010357317670932  0.00011348841067672  0.00012548215247544  0.00014046658323890
  0.00015854393373367  0.00017741236463998  0.00019688438675785  0.00022025171866960
  0.00025192316194908  0.00029186833336051  0.00034223492261340  0.00040994061371914
  0.00053003175471039  0.00096743405237225  0.13313882766294721  1.00000000000000000
 -0.00000028649412187  0.00000621882309168  0.00001030842938979  0.00001345820238055
  0.00001606985692809  0.00001837112116715  0.00002075508813532  0.00002316187082050
  0.00002547383840152  0.00002763004494053  0.00002959160491208  0.00003146648021529
  0.00003337950277540  0.00003524115201734  0.00003699109517833  0.00003872898134707
  0.00004050017067331  0.00004224179455701  0.00004414489509982  0.00004590409303127
  0.00004747776115546  0.00004904630738385  0.00005055120797015  0.00005205934245129
  0.00005349762160659  0.00005491463690134  0.00005630430770994  0.00005800627592570
  0.00005981526517905  0.00006168946379359  0.00006379230184062  0.00006609223699542
  0.00006828382578681  0.00007027241088068  0.00007251119463263  0.00007501855397043
  0.00007801162378579  0.00008135778093975  0.00008472681908112  0.00008822372682016
  0.00009181055084547  0.00009603030665951  0.00010107625468140  0.00010702672713188
  0.00011301742455993  0.00011886343584949  0.00012476445268686  0.00013026678495295
  0.00013523376566812  0.00014037787434468  0.00014558606244379  0.00015114912001972
  0.00015612970873547  0.00016081870103578  0.00016581299280611  0.00017221366800248
  0.00018193354371131  0.00019424259024065  0.00020671652657899  0.00021800234944230
  0.00022879187167674  0.00024016921932482  0.00025337625235419  0.00026954741951269
  0.00028824058398192  0.00030663202559233  0.00032388971924212  0.00034171507575060
  0.00035913169942732  0.00037487166431503  0.00039330138064228  0.00041286577692164
  0.00043636602448074  0.00046709423182714  0.00049910344434186  0.00052338344738451
  0.00054686648417999  0.00057230300333038  0.00060980347137306  0.00066009816878680
  0.00073217698491886  0.00081029426786121  0.00089321259382330  0.00099221001772536
  0.00109294759009124  0.00120801216112750  0.00140380398976422  0.00174652608662422
  0.00213535546194068  0.00249705031751812  0.00290388262562830  0.00336221666351965
  0.00386242947742735  0.01596946274518690  0.03027547020925229  1.00000000000000000
 -0.00219723758076442  0.00975094070033620  0.02267193266506642  0.03718658139524939
  0.05007728057488529  0.06059569911155030  0.07031340306731589  0.08045269947431005
  0.09261169904261166  0.10704330458151798  0.11812372577884393  0.12617452406409738
  0.13413582860987619  0.14387950020256718  0.15769863007725424  0.17481421044367260
  0.19283109203981139  0.20552950434061201  0.21633017029230533  0.22619743800055497
  0.23543278052029570  0.24743984262095522  0.25767077691433488  0.26988352381762543
  0.28273567164307067  0.29404988500438095  0.30429206185196733  0.31320915960107787
  0.32048678991171092  0.32796859261949035  0.33790311011027085  0.34910061826694333
  0.36072612208404509  0.37118745654783813  0.38282661986263095  0.39725363708207101
  0.41153097744245376  0.42568829574213146  0.43677608218346625  0.44624111606669398
  0.45606452737161818  0.46601307495396660  0.47814998333552716  0.48995284689065971
  0.50014243742725806  0.50895575155824779  0.51672593349191365  0.52564657330401643
  0.53483289004777157  0.54245753269766339  0.54995187849049831  0.55721944089261854
  0.56452831033582351  0.57225752690899523  0.57994170681428681  0.58742591485826146
  0.59507000590934211  0.60368134778395510  0.61238540412204867  0.62189617808723130
  0.63196954973253228  0.64239704957139931  0.65327064733481188  0.66371590968809879
  0.67437660466594240  0.68586619979904428  0.69875525335681443  0.71333035199755779
  0.72630473875945034  0.73578139972743895  0.74327264316087716  0.75118182784242238
  0.76066885015505303  0.77198383933403536  0.78385267827105920  0.79505211060518066
  0.80604950875578518  0.81668957056062208  0.82620873641577119  0.83545340192251127
  0.84361568931527531  0.85093458072191719  0.85890875713280523  0.86777331111484368
  0.87692758913983238  0.88572655169761594  0.89389557953923604  0.90260840683269938
  0.91324221396258864  0.92595824405849481  0.93908351165361670  0.95100723344870208
  0.96321662932755658  0.97625179637188075  0.98879728678462087  1.00000000000000000
 -0.00270541636977439  0.01067277451181473  0.02363401624562488  0.03623751867338686
  0.04688287394658121  0.05559989628171089  0.06355244665711603  0.07184310672183165
  0.08073666360000853  0.08992797456907789  0.09909493873793528  0.10854774895449523
  0.11979502309468941  0.12992962398178820  0.13889811028474153  0.14856811344818321
  0.15840701361126977  0.16768912278607917  0.17650081183169156  0.18534618735688785
  0.19390685245132258  0.20181289854395668  0.20947835010863453  0.21759137062238013
  0.22720437528911627  0.23858968709942915  0.25138151372346423  0.26412679855797611
  0.27705842284687415  0.28795404032595701  0.29602883311254236  0.30231185025790791
  0.30977606396416135  0.31784066437768704  0.32694843869294127  0.33446206553396673
  0.34170312108549300  0.35015639088523509  0.36101005517950718  0.37163615527593380
  0.38143808356293768  0.39140251457601383  0.40162200866953635  0.41401918471723853
  0.42796025601773180  0.44289467612814026  0.45711094750851267  0.46962455477108644
  0.48192457870166638  0.49494506058703702  0.50828271632215327  0.52368369037560303
  0.53899670812829681  0.55080142276261745  0.55979648336099519  0.56835831017208938
  0.57687564985289141  0.58695705479909421  0.59947124218392012  0.60994643068019050
  0.61990086990996796  0.63007415453726423  0.64352993770598699  0.65537114736215063
  0.66796392618341316  0.68152383035009689  0.69655332553044680  0.71286691118798462
  0.72438073678257564  0.73385569424661790  0.74348033949007153  0.75436175463572530
  0.76715425054487674  0.78288888891258224  0.79747602392216543  0.80848515826873790
  0.81753177923050191  0.82560866084847340  0.83429505066249388  0.84431753138767995
  0.85506644509626295  0.86437216242597892  0.87354667556490573  0.88131223687755722
  0.88934764732267257  0.89914662332665052  0.90888439751568773  0.91779648630594113
  0.92663700274453464  0.93662924681004767  0.94806259896031952  0.95920052124081367
  0.96954577056750624  0.98028451395993577  0.99038735969935210  1.00000000000000000
 -0.00195993616665650  0.01033979159888682  0.02141931884232934  0.03232076439831511
  0.04255544417541880  0.05060139265069169  0.05701709313442428  0.06311463655581542
  0.06978979613487041  0.07990499124175808  0.08938789005506602  0.10022591266638148
  0.10905241899995564  0.11808836113247477  0.12695107508889256  0.13881136541115388
  0.15043725139013739  0.16198590756675504  0.17381895560106325  0.18650423332837496
  0.19922915308081002  0.21059693686077893  0.22121318121333219  0.23096202875191366
  0.24116934864370160  0.25223249138036036  0.26447652513197217  0.27670495268637757
  0.28790607810283847  0.29932689297305343  0.31123288454891701  0.32329986964830609
  0.33325757523399385  0.34253838010544135  0.35322385103039583  0.36461153444157929
  0.37469510767818037  0.38170702362620934  0.38817075102653587  0.39696468915084754
  0.40866706439322487  0.42164260817478794  0.43387401757842980  0.44580818671264494
  0.45780726573878738  0.46996667020574728  0.48229664811312412  0.49220643809793901
  0.50070418708435105  0.50908867539084546  0.51778587287528821  0.52697048490822906
  0.53902606211932480  0.55345469341815301  0.56758986392058908  0.58001771128920498
  0.59068496133617387  0.60021164655662118  0.60907389395988498  0.61847229907204604
  0.62929407467616050  0.64050140032173519  0.65172122168127500  0.66397129725940773
  0.67709031633519057  0.68934114085582177  0.70049638077251430  0.71044633306861826
  0.72060641428406502  0.73155141840384585  0.74288897434718126  0.75332982217713940
  0.76206157090229920  0.77033479896401991  0.77815110113753694  0.78772168171426238
  0.79759387491042066  0.80657210839603888  0.81592084851181212  0.82502027342796791
  0.83489602532350116  0.84511904661786386  0.85701209296531322  0.87018048698020634
  0.88302017018495427  0.89351788120671038  0.90359724138842257  0.91363545644738076
  0.92648499052516997  0.94109130816398079  0.95313076480289216  0.96303874569846426
  0.97119607937582630  0.97893228135639332  0.98827776173856607  1.00000000000000000
  0.00010178632970871  0.00011425015860899  0.00013544673838651  0.00016265946672279
  0.00019022500505998  0.00021821228964195  0.00024604211364769  0.00027371411425538
  0.00030066113165409  0.00032725607920062  0.00035472203338129  0.00038200390197430
  0.00040882400377492  0.00043399957925465  0.00045839408622248  0.00048337002136781
  0.00050803850910295  0.00053183071681646  0.00054896218371132  0.00056524183537457
  0.00058150228562433  0.00059861654242630  0.00061661552022855  0.00063649264030306
  0.00065908142427052  0.00068271690038208  0.00070631952172176  0.00073108938719311
  0.00075740811769783  0.00078548505133314  0.00081495911483272  0.00084382848167172
  0.00087337675433975  0.00090243573777782  0.00093182385081126  0.00096241612604999
  0.00099535784540618  0.00102822256476781  0.00105136059394103  0.00107562465162581
  0.00110123761995044  0.00112736544970451  0.00115374927512051  0.00120066213757300
  0.00124846284353324  0.00129219451437004  0.00133436373862551  0.00137676246977786
  0.00141988949551884  0.00146212521781450  0.00150455949223083  0.00154471134633880
  0.00158924710010328  0.00162826799539582  0.00167080823952937  0.00170601874114666
  0.00173858539688057  0.00177337572741173  0.00181236115032859  0.00185791510288813
  0.00190615704335384  0.00196054081149711  0.00205014746948079  0.00215907735101084
  0.00225787172088961  0.00235454613784324  0.00246083759105175  0.00262038304637609
  0.00283539621227903  0.00304115693686502  0.00319257005118162  0.00333273104434947
  0.00344227824241967  0.00360563843405732  0.00377330909208178  0.00404881303874870
  0.00437382208780686  0.00456990784217735  0.00473295036560448  0.00489104935027782
  0.00503308153477270  0.00522637859390171  0.00543047586538009  0.00566553895019101
  0.00587627781175147  0.00612966808344811  0.00645789742210072  0.00720529948116302
  0.00848479101082987  0.00953894221131886  0.01163901456421376  0.01283539645646815
  0.01350077501278291  0.01392004942409590  0.24750410228354860  1.00000000000000000
 -0.00437613670929457  0.01852320053469055  0.04003516075874252  0.06310364146229935
  0.08700462936808268  0.10885720092102186  0.12640512742266763  0.13988040919429864
  0.15292148655085400  0.16700470671454332  0.18312986029886119  0.19969579730497850
  0.21463756532922429  0.22893634884540034  0.24144167799428995  0.25025216126771899
  0.25664035609080504  0.26303162483633680  0.27244337383709338  0.28156949193694747
  0.28968199676508544  0.29766711540910296  0.30401484156168951  0.31096163210143718
  0.31880843421635224  0.32705427962983169  0.33440329058990381  0.34175210667666445
  0.34790194903633942  0.35368686278675066  0.36068747871442430  0.36781598913642766
  0.37456599299014387  0.38184822700889581  0.38930526619058059  0.39633099771989844
  0.40326188938809893  0.41004382566893982  0.41693155965460982  0.42534783261777148
  0.43341607709786967  0.44254297618884580  0.45115335409044627  0.46007744690895747
  0.46875724225215498  0.47682296807779118  0.48410067186818045  0.49047857760179192
  0.49698266458483392  0.50468932801540378  0.51329272442051854  0.52242919270661958
  0.53144815095381415  0.53987682943707693  0.54791216547125376  0.55574701575612817
  0.56487336654884990  0.57203768943644140  0.57934158362254518  0.58590866879091252
  0.59302520623214194  0.60075051591325368  0.60741238832911781  0.61363749184254912
  0.62061130669985842  0.62770297011520404  0.63402627576024573  0.63996978767716617
  0.64650877891234293  0.65353386673164249  0.66263279164386713  0.67136745580413681
  0.67946470185425212  0.68634931629502982  0.69306329951745160  0.69983892190748509
  0.70788758804547580  0.71745061877750493  0.72671288747821605  0.73777973816473430
  0.74988470901034898  0.76301359432797500  0.77445633729643470  0.78434803771160788
  0.79438964544250512  0.80708687160641379  0.82180804278967423  0.83397198825086072
  0.84366578967201722  0.85528816200390700  0.87150734217130432  0.89156123925966979
  0.91223535645660547  0.93727576679170255  0.96818581014000304  1.00000000000000000
  0.08783426447764639  0.22156124324235008  0.29478331633121430  0.35113706395604188
  0.38812314254169422  0.40900975219391322  0.42329113534019597  0.43511418558300868
  0.44505321479979681  0.45439707026027198  0.46356111507758480  0.47308382393309201
  0.48056041386224307  0.48651188320519984  0.49210158645761298  0.49808402763900766
  0.50395479552290223  0.50886974692729992  0.51284503007782245  0.51679045565478476
  0.52126358666670980  0.52634225115567435  0.53130541089536509  0.53675032293470970
  0.54171122939980554  0.54620151449990029  0.54997370550423719  0.55400679380486839
  0.55789896440494657  0.56106748982214316  0.56416284335565281  0.56790965270058524
  0.57373459256155568  0.58043508671023392  0.58628876057609092  0.59188134977126738
  0.59726120568876262  0.60255971782292250  0.60818221038858655  0.61567143104620814
  0.62413093098981054  0.63316709125614257  0.64038691930392699  0.64600227746330885
  0.65134567839379753  0.65743862829773914  0.66322316506408507  0.66837505102971839
  0.67327352185680256  0.67815600645460794  0.68305481656250377  0.68829908767953973
  0.69481023075498016  0.70232216497150990  0.70955589082936088  0.71633823975561406
  0.72350521444537363  0.73074199915588078  0.73824789693008863  0.74508687677290286
  0.75149799390680050  0.75822527563088193  0.76522117512371024  0.77266227379496766
  0.78045187077757627  0.78854829893532363  0.79636773658056459  0.80380534408174931
  0.81117019091233111  0.81768638230780100  0.82409677596634956  0.83036008084313251
  0.83626218487164383  0.84256769395480136  0.85036795361103024  0.86005633570769779
  0.86832566250950294  0.87554165885550972  0.88252710094816500  0.88895607055904102
  0.89582933627459171  0.90177464222067483  0.90807074265428378  0.91460143177585107
  0.92052460705026751  0.92674873827459703  0.93290230139396724  0.93911640345436076
  0.94523117512014865  0.95103175062528478  0.95711115107426414  0.96290861858687571
  0.96916635321823996  0.97661339744485465  0.98759969045014140  1.00000000000000000
 -0.02338759600135468  0.12214401214333850  0.15502679627730340  0.17672981496755291
  0.19447789003161978  0.20972953467758967  0.22597014800672657  0.24250126130654026
  0.25653201032004763  0.26687269162050559  0.27572257897103658  0.28360214945589451
  0.29216484425762124  0.30078167131622630  0.30931146994270031  0.31643626885627579
  0.32236187585918014  0.32869293728771143  0.33575182202867487  0.34412761535689296
  0.35304601414123743  0.36017585884028464  0.36650029147114127  0.37257123390582925
  0.37781849825846875  0.38357880978786529  0.38943079185836782  0.39476190711484804
  0.39953532604625930  0.40417543939894929  0.40890387477076900  0.41366310618830660
  0.41821799507317259  0.42264123333446529  0.42733636781050988  0.43221283744191874
  0.43738633147314071  0.44291490872614248  0.44867587910184620  0.45446631501060197
  0.45975627336956759  0.46513395875239355  0.47004805313947939  0.47534305304358238
  0.48086793732760480  0.48674591554871027  0.49211090063314106  0.49710513856505156
  0.50178982445884535  0.50617735990106949  0.51129800472653053  0.51694885822670589
  0.52371343943298765  0.52992067405224508  0.53634683937971217  0.54229942406384668
  0.54826246848696703  0.55413244239255632  0.55943068886884673  0.56373449887299709
  0.56741721824358271  0.57074585868824101  0.57458832415836070  0.57871953383374941
  0.58454913515628126  0.59282313659472263  0.60127627990221089  0.60832114684293737
  0.61445200605683925  0.62053706142682175  0.62648619165415342  0.63256581949525481
  0.63938793286222118  0.64578021532889773  0.65270590093861580  0.66048945332524278
  0.66756187434933656  0.67543312170010028  0.68317252658643690  0.69265511957322379
  0.70158240502311353  0.70985344525201011  0.71748332165560547  0.72593181632448600
  0.73564196128277792  0.74553209137655663  0.75465911816334130  0.76438311747218568
  0.77581029263595447  0.79001301115498790  0.80466046111712641  0.81788287139346161
  0.83070924631644605  0.84882859369891506  0.87778167515312744  1.00000000000000000
   1.4407071013321220E-010  -1.0000000000000000     
 F F F F F F F F F F F F F F F F F F F F F F F F F F F F F F F F F F F F F F F F F F F F F F F F F F F F F F F F F F F F F F F F F F F F F F F F F F F F F F F F F F F F F F F F F F F F F F F F F F F F F F F F F F F F F F F F F F F F F F F F F F F F F F F F
  <DiscreteSampler_grid>
  grouped_processes
  1 # 1 for a reference and 2 for a running grid.
  10 # Attribute 'min_bin_probing_points' of the grid.
  1 # Attribute 'grid_mode' of the grid. 1=='default',2=='initialization'
  0.0000000000000000 # Attribute 'small_contrib_threshold' of the grid.
  0.5000000000000000 # Attribute 'damping_power' of the grid.
 # binID   n_entries weight   weight_sqr   abs_weight
    16   10   6.360888308388826E+000   9.403273853155261E+001   6.360888308388826E+000
    22   10   6.360888308388827E+000   9.403273853155260E+001   6.360888308388827E+000
    28   10   6.360888308388775E+000   9.403273853155008E+001   6.360888308388775E+000
    31   10   1.139201176995528E+001   4.896514822236834E+002   1.139201176995528E+001
    32   10   1.139201176995529E+001   4.896514822236842E+002   1.139201176995529E+001
    34   10   6.360888308388778E+000   9.403273853155012E+001   6.360888308388778E+000
  </DiscreteSampler_grid>
