 -0.00342227410581889  0.01428274061532305  0.02694557318839758  0.03857890673180649
  0.04890493704812177  0.05921661643742907  0.07016352359640164  0.08154651759868110
  0.09272420609727910  0.10321707217874393  0.11358828938939554  0.12371695690059822
  0.13370204143370065  0.14361397826296243  0.15337061105946426  0.16312791303040142
  0.17233405072425501  0.18091490796728096  0.18920336645294181  0.19779806972368147
  0.20618013488655934  0.21582018595176838  0.22569473312418065  0.23613830112922099
  0.24620480852198495  0.25577118896724138  0.26490066985356975  0.27463039733970473
  0.28503627423062955  0.29560633601742237  0.30660207643509979  0.31722172157851497
  0.32832122321732493  0.33945940287147480  0.35052350966585538  0.36119419584923740
  0.37107024165057223  0.38110863032678366  0.39142463704354713  0.40249913099041812
  0.41442819608881226  0.42682934077643470  0.43893383837474481  0.45066805542290095
  0.46202197857124883  0.47304219530623770  0.48432663924515618  0.49552676782966920
  0.50617647669171117  0.51663875266284176  0.52741016175011168  0.53797890116779390
  0.54800698850869745  0.55756801346702667  0.56749513576483723  0.57833927318413658
  0.58938671458254699  0.60044863049372443  0.61100355787946659  0.62105898649148328
  0.63068221879258790  0.64018070448403619  0.64996157700252466  0.66023850050026278
  0.67092726580404582  0.68212249101967937  0.69364206020587871  0.70495055942049034
  0.71634873196344817  0.72756233497881284  0.73798432777465295  0.74790768038667266
  0.75804009900197644  0.76853671102760457  0.77893678009816270  0.78935125892239333
  0.80028521273632047  0.81137051297977947  0.82214077278638031  0.83314704362999881
  0.84462854984359992  0.85568633787714832  0.86521151224153092  0.87459288616166553
  0.88396981491185023  0.89298350044451602  0.90184729494992644  0.91121857566851794
  0.92089615574526151  0.93031437455735699  0.93954081231904596  0.94972767040703332
  0.96084489481521584  0.97268723298485726  0.98588648800394429  1.00000000000000000
  0.00000008742214403  0.00001266279097958  0.00001925201326940  0.00002482786878703
  0.00003017527799924  0.00003531918579832  0.00004037593517260  0.00004557107598561
  0.00005127636030614  0.00005745381461592  0.00006386464668768  0.00007004604616385
  0.00007617875854012  0.00008209402554219  0.00008776642180015  0.00009356095414639
  0.00009960941149266  0.00010573251904526  0.00011198738639395  0.00011830557637680
  0.00012489217002927  0.00013178974855853  0.00013884587608520  0.00014628172666394
  0.00015403197701440  0.00016185644342499  0.00016994942698104  0.00017840513160170
  0.00018719152483454  0.00019664512096496  0.00020630041320614  0.00021555725805245
  0.00022551173825118  0.00023548420828422  0.00024595215692846  0.00025734493748269
  0.00026964632760026  0.00028259050485400  0.00029584298870497  0.00030886324633762
  0.00032106972693325  0.00033349492512756  0.00034650093956571  0.00035881051996127
  0.00037253333853627  0.00038657006026798  0.00040102565822140  0.00041560478422680
  0.00043031842366223  0.00044558330123386  0.00046179782546711  0.00047974745178290
  0.00049931076068214  0.00051814988439215  0.00053911722606608  0.00056195345108347
  0.00058562726037399  0.00061001769363023  0.00063277929949338  0.00065591790802585
  0.00067941848048624  0.00070453060824733  0.00073132797954805  0.00075824415796470
  0.00078506924386858  0.00080992681893713  0.00083253468239046  0.00085605823585959
  0.00087973556136582  0.00091391479895059  0.00095321193459657  0.00099155550189156
  0.00102770032043592  0.00106169290892775  0.00110009691252739  0.00114408643122798
  0.00119555770620667  0.00126043989013022  0.00132853131304186  0.00140321665003334
  0.00148091146227446  0.00156655715995976  0.00164640370405711  0.00175311649307127
  0.00187623347836135  0.00200362029016462  0.00210755867289423  0.00220949826320117
  0.00230891303784268  0.00245118951728451  0.00265301925437107  0.00295472316970853
  0.00336062771404147  0.00384426324151265  0.00566416044794577  1.00000000000000000
 -0.00178569362501352  0.00680873035963304  0.01350185263357645  0.02042043174380883
  0.02775746237272567  0.03546181045485103  0.04377559784271331  0.05159206515440783
  0.05874356570194006  0.06591601467588019  0.07361400770253727  0.08146492841922370
  0.08936690864372829  0.09736294414792948  0.10547347044791244  0.11413168860289263
  0.12281114267619893  0.13135152513230325  0.13942008397040778  0.14755842182890827
  0.15630564792746771  0.16556850112803598  0.17454230157844958  0.18308205831728333
  0.19215381189793124  0.20212507928086912  0.21210663407245123  0.22109580163236159
  0.23005511814723562  0.23947539604379531  0.24892434332460286  0.25814862722294002
  0.26718630549123962  0.27710753509291486  0.28736168718747790  0.29746464576295223
  0.30696318717178533  0.31604764264023844  0.32520190992484077  0.33482942915076869
  0.34508581523999565  0.35514432011149477  0.36466592516525620  0.37410967522580096
  0.38367918160873626  0.39358532766846804  0.40388598198973791  0.41451509560272443
  0.42525903722948261  0.43570456203802688  0.44571274868224342  0.45527746142806969
  0.46448302522500717  0.47371685949864561  0.48327175120671945  0.49319580345744601
  0.50330403575574656  0.51325479874120539  0.52282612622232005  0.53216209333921083
  0.54182202519631550  0.55178440079360880  0.56165174391358696  0.57088803031342661
  0.57982391458247107  0.58941428114736794  0.59947001891125884  0.60942076114057286
  0.61908276167149678  0.62874439744207633  0.63955077634461144  0.65043250816718490
  0.66164442056679829  0.67237774504031678  0.68331623174474376  0.69395306436940973
  0.70504934091095395  0.71697854556847573  0.72948060884695209  0.74208597702760626
  0.75588032263217975  0.77098051856842376  0.78629457990449636  0.80047563652744169
  0.81417016241890516  0.82934566024298739  0.84648203428350843  0.86399736157055407
  0.88025037762134739  0.89709249969593907  0.91516372585502814  0.93377953875823894
  0.95187684265444850  0.96854385050915737  0.98373725130180711  1.00000000000000000
 -0.00245198824377821  0.01126298997594547  0.02212460035989688  0.03243318010047803
  0.04241617191065667  0.05233500204349576  0.06237829998242189  0.07172556112030613
  0.08126584535248503  0.09062133215285982  0.09984251303184999  0.10856896530345665
  0.11813165600705992  0.12775572030235260  0.13846818337427769  0.14857207371469239
  0.15886572375296651  0.16901401010703226  0.17884021176517920  0.18846677928351288
  0.19787452527590613  0.20746506223250588  0.21742279567907960  0.22727692370882505
  0.23727465520363522  0.24697614609889368  0.25756857191124377  0.26861994852633414
  0.27958490841292571  0.29052796818213367  0.30129669109809948  0.31172721257223718
  0.32244162458739817  0.33336464188907561  0.34492998869386227  0.35623652686211937
  0.36731076536406204  0.37843160841359963  0.38983089008958144  0.40142641128587764
  0.41290378590770066  0.42431923487900547  0.43545219401450969  0.44574687556167836
  0.45541196147548402  0.46539633844749478  0.47552574864801428  0.48532136160237077
  0.49518741360717244  0.50614955709415543  0.51810665878663298  0.52961876306930478
  0.54024379754436125  0.55185149349351892  0.56353794354826137  0.57591325924469927
  0.58757609761352170  0.59880820287228265  0.60967269327378593  0.62066061258884753
  0.63223115026579479  0.64373942587293564  0.65491948040172621  0.66574384254997387
  0.67616348844366903  0.68666468648668655  0.69795508110131665  0.70961831381994678
  0.72084713374897869  0.73121243964703653  0.74172295071870087  0.75273954462147186
  0.76435774210345619  0.77666106073220209  0.78863031561004693  0.79912886335057376
  0.80885947812366399  0.81860798358260145  0.82872598045687140  0.83895498979740990
  0.84884838963932707  0.85892998266113230  0.86964820888998917  0.88018525882793008
  0.89055832842874438  0.90032918936647777  0.90968857476500564  0.91922433181733365
  0.92918491237061640  0.93876861475197837  0.94805907034907566  0.95736857009371390
  0.96814613805102168  0.97928986363611248  0.99006939457596754  1.00000000000000000
 -0.00224137365355020  0.00970801924969861  0.02014130418349914  0.03127195669994717
  0.04172594088898965  0.05138824500725333  0.06044847207127909  0.07103464746694027
  0.08146902474066882  0.09194624931438834  0.10238106917753464  0.11263229072603353
  0.12321310037101477  0.13301652615665979  0.14299949086070035  0.15310610080506046
  0.16334405080270911  0.17421068039466589  0.18514399370055404  0.19597201583420959
  0.20637211729039429  0.21685766960268640  0.22731515863705917  0.23762193969344875
  0.24795961610844189  0.25925764079179575  0.27112457268290274  0.28265214736689998
  0.29423237369265048  0.30564373695318608  0.31707455286321012  0.32744695993083323
  0.33781625347750127  0.34853010935419754  0.35914072598071994  0.37009902482357521
  0.38057619011528337  0.39096166837095808  0.40043128992654875  0.40990196986466421
  0.41947082260201551  0.42934845590953047  0.43926565613123292  0.44933185189196229
  0.45960869686645156  0.47022753765126440  0.48166452045117064  0.49357745583564044
  0.50482433309077390  0.51508386868134470  0.52497578336974915  0.53509782888658197
  0.54552824288032009  0.55610697997907366  0.56662531869565036  0.57685599707590818
  0.58714480564983973  0.59782950782366628  0.60865889339129042  0.61891987082429889
  0.62878169297526387  0.63852463771548229  0.64824808995298333  0.65794083700235484
  0.66810708608705527  0.67860338561042977  0.68884394679353067  0.69927212513598569
  0.70987873932725232  0.72116260739769245  0.73206793552455374  0.74264412908007282
  0.75272694854748057  0.76254366894640779  0.77271475122949396  0.78334880448537203
  0.79424503254887313  0.80539228433182808  0.81697726013450667  0.82790192613122227
  0.83790116206261345  0.84775886601404915  0.85788433248142792  0.86924329548201840
  0.88141717408257914  0.89364403687902871  0.90515798028391425  0.91551579590846888
  0.92535679703795681  0.93560295774648983  0.94643181866722392  0.95785243456010938
  0.96856624382240586  0.97884358090094248  0.98955832735639837  1.00000000000000000
 -0.00848485471802173  0.08346518015355056  0.13850179595352699  0.16409585713038138
  0.18068510689038275  0.19399956086856168  0.20580770730916503  0.21642176747893485
  0.22648179981650249  0.23619755154254640  0.24562579378414617  0.25489300311146279
  0.26392329784035595  0.27310957500460908  0.28254537184153516  0.29185878314521718
  0.30092747572782125  0.30967410279591823  0.31796348311298100  0.32596423461508167
  0.33396152169816584  0.34215624924529697  0.35054375472667737  0.35902706185158217
  0.36756504636640641  0.37589157850771526  0.38394547048043676  0.39176764759493110
  0.39972160570523257  0.40785916784301263  0.41603723959308775  0.42383949363211643
  0.43136385078775458  0.43907921165394403  0.44750801580714322  0.45577830346823978
  0.46355348520424533  0.47101722362388387  0.47867920036954248  0.48620418459635134
  0.49433650786533417  0.50229939201142515  0.51037022478526506  0.51857306677670367
  0.52764010587526722  0.53716332340583550  0.54648389928327668  0.55520116729503588
  0.56346855458970357  0.57170607140941732  0.58002051567990642  0.58833336378524770
  0.59668716292831014  0.60484889795279440  0.61266870041308685  0.62040832707155191
  0.62848891626534120  0.63702442523330494  0.64575527545825318  0.65377086396731199
  0.66118601473630367  0.66829825366258022  0.67575682410924198  0.68315273680694621
  0.69033614818071443  0.69775379509978319  0.70547229805440292  0.71344146049651314
  0.72157849367650451  0.72949927756717126  0.73716618704162495  0.74489096447438052
  0.75256040742054975  0.76004144096148751  0.76780810754691942  0.77511840157129941
  0.78250594599378642  0.78963095505671066  0.79661089391381645  0.80420152005422685
  0.81184996380787133  0.82049353385532298  0.82977867452638332  0.83839546184238911
  0.84662112020032243  0.85437718965322784  0.86200720030104350  0.87005907567844698
  0.87894653305748793  0.88848210607762812  0.89869669079835979  0.91120531926287140
  0.92482909266373814  0.94076661990020172  0.96096373530387091  1.00000000000000000
 -0.01462659067946208  0.09583867947544294  0.13272669888287561  0.15478436811619772
  0.17065323024808096  0.18385087202510153  0.19570080802837764  0.20684486364338672
  0.21729198200969635  0.22785605120273086  0.23813917015170735  0.24801126094825132
  0.25746842649648449  0.26627654657264771  0.27460005601340776  0.28269436959661870
  0.29059862890674554  0.29832438725141119  0.30568000082501567  0.31242856267440849
  0.31870058857748246  0.32507439205673155  0.33159679654989999  0.33841601089274248
  0.34545912392385875  0.35228390288498790  0.35879648445146878  0.36509544693067086
  0.37114132432506869  0.37704567972946762  0.38298877662359576  0.38896848529203837
  0.39501626783616867  0.40089795489204127  0.40657618365452919  0.41204211656668777
  0.41771853754553329  0.42323144402114199  0.42900197750760266  0.43474723900461670
  0.44038084432234764  0.44594010520417038  0.45143931374613916  0.45725920449059010
  0.46310519000364908  0.46908427400189473  0.47520909128079425  0.48123148435219149
  0.48729016309966283  0.49299370412366550  0.49866739326763204  0.50413457902491188
  0.50928307996486599  0.51429021430856092  0.51931555953822295  0.52431113968886911
  0.52938759986145323  0.53440728597913223  0.53948114473390418  0.54479973712351615
  0.55004237944257861  0.55524419655963198  0.56054064994487141  0.56670119622380344
  0.57394955719504304  0.58089333051964487  0.58781610080815616  0.59479588964336139
  0.60152263446521359  0.60841765197128939  0.61506798152169950  0.62162532711447671
  0.62831815444047545  0.63519065592274182  0.64238980143077029  0.65031041667784117
  0.65861113019723805  0.66682868090729630  0.67503448439124814  0.68376480929263339
  0.69298019052636828  0.70212497662042850  0.71075189283973783  0.71931321784858038
  0.72869264613046103  0.73856759918643211  0.74787056895829718  0.75790669709248926
  0.76893565572151168  0.78181162490674982  0.79636044044265430  0.81271736412753892
  0.83092003027524819  0.85375390624339897  0.89131106238335334  1.00000000000000000
   1.1284502604436604E-007  -1.0000000000000000     
 F F F F F F F F F F F F F F F F F F F F F F F F F F F F F F F F
  <DiscreteSampler_grid>
  grouped_processes
  1 # 1 for a reference and 2 for a running grid.
  10 # Attribute 'min_bin_probing_points' of the grid.
  1 # Attribute 'grid_mode' of the grid. 1=='default',2=='initialization'
  0.0000000000000000 # Attribute 'small_contrib_threshold' of the grid.
  0.5000000000000000 # Attribute 'damping_power' of the grid.
 # binID   n_entries weight   weight_sqr   abs_weight
    52   10   3.099350809701959E+001   1.901988524627219E+003   3.099350809701959E+001
    53   10   3.099350809701959E+001   1.901988524627218E+003   3.099350809701959E+001
    55   10   9.228567387362178E+003   2.054517171442374E+008   9.228567387362178E+003
    56   10   9.228567387362180E+003   2.054517171442374E+008   9.228567387362180E+003
    73   10   2.576869276529398E+003   1.677391260671710E+007   2.576869276529398E+003
    74   10   2.576869276529399E+003   1.677391260671713E+007   2.576869276529399E+003
    76   10   2.576869276529397E+003   1.677391260671710E+007   2.576869276529397E+003
    77   10   2.576869276529398E+003   1.677391260671712E+007   2.576869276529398E+003
  </DiscreteSampler_grid>
