  0.00857593005443609  0.01953171389358946  0.03257020317661276  0.04462709294108411
  0.05575282777820843  0.06637074890778462  0.07665637476705316  0.08704114857204226
  0.09830290191399221  0.11078388080068101  0.12343702667227792  0.13538044601093727
  0.14704699410548322  0.15878527643404708  0.17014335035321385  0.18047579582405510
  0.19031752538502508  0.20029510223728500  0.21065669054020816  0.22116832046880877
  0.23173472493101954  0.24225691074528999  0.25284104289994808  0.26370860178482752
  0.27432022865355660  0.28473748114027392  0.29537617725102461  0.30647310810460032
  0.31691432237714978  0.32696819741222261  0.33740600470381837  0.34829604197553055
  0.35907798585604384  0.36912931912740604  0.37901774123464621  0.38901026806781763
  0.39943184274326637  0.40962137439678015  0.42021041127926523  0.43095512309533218
  0.44174730634535070  0.45283360455551203  0.46382932182900755  0.47483358697048567
  0.48596209884527336  0.49625555485804984  0.50594624995560966  0.51494896074288665
  0.52455172393169958  0.53481749957411695  0.54538890804578999  0.55638777799925243
  0.56732735925305555  0.57805205036257912  0.58834413315038847  0.59823311621423281
  0.60799341913376415  0.61834467415225902  0.62850350187247939  0.63871038104905309
  0.64883254104799815  0.65867951592327245  0.66898840748606669  0.67944139898126299
  0.68987537513838415  0.70005749025327790  0.71068192574913691  0.72187199387696754
  0.73310904925451681  0.74333792436218460  0.75317891504818002  0.76370236589234930
  0.77474630415498613  0.78576650556679906  0.79449398234283231  0.80335189098184079
  0.81220053813352933  0.82192315239275293  0.83184537388125368  0.84114541487916550
  0.85013308026780987  0.85896402363304158  0.86766787037033921  0.87627345469029660
  0.88471723655269907  0.89322151402103855  0.90255655742597152  0.91189909986576134
  0.92149901810764612  0.93090314459170564  0.94084406148694089  0.95118963224567643
  0.96211210592251195  0.97392372300601615  0.98659286449010741  1.00000000000000000
 -0.00386443974281054  0.01743521627426061  0.03336085245492559  0.04740832935120130
  0.06058551977250633  0.07267090644164532  0.08459954755534302  0.09758852552340952
  0.11055823981523721  0.12264465780156508  0.13455680770856945  0.14573352553922400
  0.15621362320039930  0.16653827786868011  0.17714066623263136  0.18797122988405801
  0.19874634339879635  0.20997178176433084  0.22120240981000278  0.23331473771690164
  0.24533716889700008  0.25629315577758388  0.26615046967579681  0.27583160711683330
  0.28568569632874702  0.29573767546095636  0.30533374637120764  0.31496922080892187
  0.32536496363543954  0.33628097299996063  0.34702006968270416  0.35792324723995966
  0.36864867479573321  0.37924647128152944  0.38972680975456070  0.40010405577416769
  0.41034451719569381  0.42079561507551694  0.43039019294886793  0.43998822212432587
  0.44902676881013670  0.45853969847240450  0.46804320584291531  0.47791133536190328
  0.48741397034258205  0.49652015940881855  0.50552562915394572  0.51496617915585829
  0.52458718922013237  0.53523813022466837  0.54628016220416453  0.55761222500184560
  0.56819853464573489  0.57825556543464551  0.58826941004813549  0.59840194718403572
  0.60896679010056165  0.62008613275398516  0.63182581526209436  0.64400863046038703
  0.65537134079869253  0.66638519156406451  0.67753347655920271  0.68888543114833378
  0.69961229181012197  0.70984704637199680  0.72011117472034769  0.72987806385717158
  0.73916069779650007  0.74871917002483812  0.75867298103125647  0.76864572452385937
  0.77875371065782761  0.78921665087617610  0.79935305260892997  0.80894042969398627
  0.81832229740585971  0.82804230202659024  0.83780850790520456  0.84749859233305425
  0.85752581518777082  0.86835880353434070  0.87987936216049845  0.89139360704884552
  0.90307193329823210  0.91361000931142611  0.92399735533886351  0.93434488746106226
  0.94494108470698102  0.95523297317450817  0.96475583140310173  0.97385456875052823
  0.98140535973734433  0.98811817213808051  0.99426447286627551  1.00000000000000000
  0.00000017606255744  0.00001030501904608  0.00001489012000632  0.00001884227688355
  0.00002269523851189  0.00002611627825378  0.00002922782076615  0.00003226842796333
  0.00003550084660920  0.00003875322443594  0.00004188059767303  0.00004503506112367
  0.00004816798066295  0.00005132727166279  0.00005457244765480  0.00005803985219551
  0.00006163376185176  0.00006526523349185  0.00006888216671398  0.00007254008315644
  0.00007608873918275  0.00007960281720809  0.00008315520835060  0.00008678332141251
  0.00009075176190562  0.00009480756946102  0.00009894841487021  0.00010309331782180
  0.00010735260479527  0.00011198251065522  0.00011672057801296  0.00012174548826617
  0.00012694957087185  0.00013227634216185  0.00013757320133248  0.00014288060455896
  0.00014823764560713  0.00015369764622625  0.00015939693114263  0.00016516787380833
  0.00017127407837327  0.00017759415145228  0.00018457826603347  0.00019256128944995
  0.00020014062584424  0.00020751341159829  0.00021508734656242  0.00022314915084760
  0.00023153773396942  0.00024056471002630  0.00024980131917121  0.00025891872412278
  0.00026786782392862  0.00027708022861070  0.00028749543481009  0.00029783775636963
  0.00030860585164806  0.00031961951625640  0.00033233191770112  0.00034481153336825
  0.00035924290261214  0.00037868962879068  0.00039984526770890  0.00042020506619576
  0.00043956417125308  0.00045768572141631  0.00047636873385689  0.00049587344912990
  0.00051604555346184  0.00053809053308849  0.00056427059014994  0.00059216189696737
  0.00062118135357958  0.00065224701632736  0.00068452822796599  0.00072299793025263
  0.00076582481653197  0.00080903372861995  0.00084843053718990  0.00088453962198664
  0.00092004073336392  0.00096669848525626  0.00101957945388928  0.00107961665530531
  0.00115902644787262  0.00126911588077877  0.00140247759064879  0.00155667696543292
  0.00171495996101762  0.00183709383563783  0.00194873852384448  0.00206656295731887
  0.00229036988962309  0.00264789961279884  0.00401370964001642  1.00000000000000000
 -0.00218900830237787  0.01064043325843276  0.02119071125770648  0.03124498688208735
  0.04100592194691999  0.05086197373345126  0.06153684373861967  0.07273731007654401
  0.08430842333337693  0.09519666054575412  0.10572650076605185  0.11613193948971928
  0.12677307195537429  0.13718588306489624  0.14804121598460199  0.15921921833597177
  0.17045142792547921  0.18216296822907158  0.19332828039432695  0.20480714670086683
  0.21591447942835493  0.22853841513659415  0.23941636869097702  0.24852949888745909
  0.25744312507422312  0.26601256164907428  0.27500344098707175  0.28379160733698677
  0.29302935512428196  0.30254535219111006  0.31190185210051147  0.32146241201496367
  0.33183758059705498  0.34240402811485737  0.35240375127878953  0.36139187185099092
  0.37047781632122728  0.38046034605579515  0.39131479759954785  0.40213367722990712
  0.41241340325838854  0.42227932919361028  0.43192859185677557  0.44151668497983804
  0.45094822270966795  0.46056631577241303  0.47043650732175013  0.48068276860740428
  0.49097094823872117  0.50117297734507382  0.51197678409639069  0.52305613072037360
  0.53398176152707388  0.54454288840850307  0.55513566044478813  0.56640578538411168
  0.57747745600905098  0.58925802528747795  0.60108776999325053  0.61147369561305265
  0.62081523133749361  0.62982979288634167  0.63924700704653437  0.64970410705473103
  0.66013255084069944  0.67057772545166061  0.68139090919925216  0.69288174825898508
  0.70469410382821696  0.71591616633799815  0.72653630783742518  0.73726360400207669
  0.74847775577740894  0.76030161970303944  0.77245623034463873  0.78451318434698625
  0.79686274379808708  0.80924796209343230  0.82130367094440959  0.83274641782232828
  0.84409565790873520  0.85507755884754089  0.86605702241444671  0.87714574185100214
  0.88900781773937310  0.90089691833803753  0.91168354543359864  0.92217030578029979
  0.93205335452514393  0.94186419607129712  0.95093428218437237  0.96049658146788652
  0.97027835115714334  0.98042641915030038  0.99020754329179994  1.00000000000000000
 -0.00262572271071127  0.01109421425711852  0.02184419941628306  0.03231314119154152
  0.04291666912876084  0.05339236257406840  0.06367152032515526  0.07230336040246300
  0.08086861933661676  0.08984786674188965  0.10008981892876513  0.11244992573701711
  0.12501825101730130  0.13640955267261626  0.14685852837140190  0.15691207443382030
  0.16727173066573531  0.17794922890333856  0.18889677261602472  0.19994363239616217
  0.21106096713373981  0.22263471120716619  0.23406686182395020  0.24519706277512479
  0.25615769143239436  0.26653070283767816  0.27676810188245776  0.28654412001164747
  0.29674509751061384  0.30687954780352250  0.31669640337123722  0.32682501220956511
  0.33809727530578354  0.34987297677617157  0.36122758709365227  0.37258493198469361
  0.38402105457122482  0.39502363193004886  0.40540917400397247  0.41587813614829672
  0.42694313931714067  0.43843190155907286  0.44879740802665624  0.45855354433058865
  0.46879307559463690  0.47918239079740943  0.48942520384396654  0.49953581016524368
  0.50939249845818080  0.51899492563902672  0.52826645230936431  0.53757107495847312
  0.54710459098688480  0.55677159865046366  0.56643521809343056  0.57627709722011400
  0.58650915870380937  0.59662075658476876  0.60713674902865222  0.61826076869857827
  0.62990149880217716  0.64203958062542266  0.65419856523268594  0.66624824120857173
  0.67813266879031453  0.69010302104695853  0.70227277747871353  0.71417341910793242
  0.72552656787761483  0.73598345732140047  0.74659116712184026  0.75707157161338756
  0.76752986495568509  0.77778866802464242  0.78809660572149265  0.79815226104658987
  0.80829763064904214  0.81894194534820064  0.82987269041235767  0.83994036081790402
  0.84980025884062027  0.85968031648961152  0.86970575075956225  0.87947783409925939
  0.88917937892363519  0.89933311933135218  0.90997902318190049  0.91984418462169626
  0.92888264885816296  0.93780586280623157  0.94729303471422699  0.95761206096354057
  0.96839493746976613  0.97894176650961229  0.98962550252702453  1.00000000000000000
 -0.00264531054726507  0.01248732069241684  0.02714119118615459  0.04396535422356072
  0.06094628516493625  0.07687615605610150  0.09186734846998378  0.10837636930942379
  0.13054811163555052  0.15206069581550771  0.17100302839288795  0.18743077454942181
  0.20350897387605288  0.21831707492899013  0.23166996709900273  0.24443345505465255
  0.25687424944330178  0.26982039276568803  0.28342222574585502  0.29688528123311320
  0.30941028995515757  0.32170334700547304  0.33457180631187750  0.34496574605494446
  0.35516998646311781  0.36500202495273915  0.37503304752070693  0.38512721573037201
  0.39533705493119975  0.40634720067122532  0.41726157926365465  0.42710609203022920
  0.43688139292538769  0.44616599074974095  0.45494013979885217  0.46332176384621221
  0.47170841624423565  0.48090341385357194  0.49099683883602180  0.50119207397831245
  0.51134969468146207  0.52183659451889652  0.53239581136812553  0.54345567576119769
  0.55478383217737937  0.56595035155075990  0.57630314325705534  0.58640157086183375
  0.59665741894486768  0.60645464183522391  0.61612215261277536  0.62593808513426097
  0.63641838253676297  0.64709983042718178  0.65741663435444908  0.66735414178515406
  0.67699687991494106  0.68660421562248675  0.69615314801358730  0.70540107102778327
  0.71490738042303292  0.72449322575120734  0.73416951666819619  0.74378174820314069
  0.75323532065699006  0.76279375183019060  0.77223329902677806  0.78179862781453124
  0.79176854900614091  0.80152769389296219  0.81117194316979047  0.82063570092073712
  0.83032108783054803  0.83976035324244536  0.84882406566065283  0.85740274939243377
  0.86598368352595378  0.87461040692790526  0.88309223841748596  0.89150568302268729
  0.89942750541378969  0.90702079645908595  0.91452995073341381  0.92195401016361667
  0.92909178455490593  0.93600537329518207  0.94265692188946892  0.94940307280094427
  0.95648633583061071  0.96345711537700640  0.97012715222284551  0.97659243248506145
  0.98271298959791253  0.98869802437848120  0.99441190395445300  1.00000000000000000
 -0.00231242636223850  0.00918017415574558  0.01868990027027494  0.02886092583311800
  0.03882351617710124  0.04978437730057451  0.06089512758362550  0.07151848726929708
  0.08225639225133764  0.09350945579781450  0.10514520890280438  0.11647024945707464
  0.12724038677597091  0.13814218091058925  0.14841940197113840  0.15821895819053364
  0.16786851698623639  0.17766475698714423  0.18783637390291172  0.19834497928822967
  0.20975768794174077  0.22177210468727060  0.23385613372363911  0.24506264748508824
  0.25601432704762656  0.26676815363096484  0.27772661009598548  0.28894295511150003
  0.30035602754896912  0.31163508997454004  0.32306590769681864  0.33306848319264371
  0.34329465644740687  0.35370080306092011  0.36546230586990458  0.37800403132454569
  0.39023959685968129  0.40272832329848834  0.41498033602597079  0.42631994113232169
  0.43695505812231250  0.44740504654940638  0.45782871018940419  0.46805434153017716
  0.47821178087230637  0.48822313784104299  0.49862797696266364  0.50889248399149645
  0.51884125039432216  0.52826895358171766  0.53762873349153661  0.54707749718178567
  0.55654311958039526  0.56601629123385044  0.57547192251137835  0.58518082732216248
  0.59526181353886287  0.60555532931031431  0.61489638359314169  0.62425775138510675
  0.63463581067671748  0.64584190154490728  0.65728589635953805  0.66851637942402820
  0.67971272920113712  0.69054053934705006  0.70149400015092156  0.71224853324015314
  0.72250637970224796  0.73259733898055890  0.74280596917909714  0.75317181179895532
  0.76361504795282886  0.77454744879272164  0.78527911916653026  0.79534835784221980
  0.80487721941528856  0.81490992120630312  0.82537988728862022  0.83554322825860838
  0.84595682533673278  0.85693834461172946  0.86955448531741930  0.88144302720980339
  0.89228557807945386  0.90285386157575953  0.91306080812329304  0.92257126817051005
  0.93226694470597138  0.94211459786685137  0.95187223877762095  0.96132617237582152
  0.97054744537193349  0.97984786920411238  0.98949286070300724  1.00000000000000000
 -0.00301366490842907  0.01006035947408321  0.02180209964546645  0.03385957929944397
  0.04575312990861963  0.05708716058463080  0.06787192311419897  0.07834543904689233
  0.08893760519622458  0.09982216946548027  0.11061453411990964  0.12171255795193045
  0.13301091454320627  0.14431218960918324  0.15551515307956673  0.16669761192175955
  0.17817940978142413  0.18941399636937473  0.19986798658998964  0.20997190551737818
  0.22007760384948266  0.23032267330886411  0.24055682714323653  0.25047284506739609
  0.26055937191115586  0.27101496071850417  0.28145564695137243  0.29181747433315069
  0.30181618906979213  0.31176253563211637  0.32133173520677144  0.33090034580682420
  0.34021146413162212  0.34943568262819757  0.35880956363133021  0.36818934360654926
  0.37735373993311361  0.38683363409669708  0.39701037338654388  0.40841552589514629
  0.41992296150501773  0.43067803551662998  0.44120423835152328  0.45155113881770148
  0.46159371546720401  0.47137605860066834  0.48123966425254133  0.49131908298581245
  0.50183281483290265  0.51237156265623429  0.52299320499153745  0.53317052566797984
  0.54334394757925430  0.55402764378560043  0.56528600878844903  0.57687830906017923
  0.58880808901633386  0.60091117269351990  0.61314736159193017  0.62554574884490155
  0.63789774657866660  0.64989703961628054  0.66154507272863550  0.67322755396880329
  0.68495274625188463  0.69631374515691313  0.70733781702243137  0.71841148312687908
  0.72935392832363788  0.73958290599197229  0.74897062809712067  0.75838384669056713
  0.76846183962577586  0.77816972635365600  0.78726183843296793  0.79631168653047812
  0.80504994289069887  0.81484283414065672  0.82415081116959998  0.83435357298519353
  0.84429992196073267  0.85383794091048237  0.86318412892652319  0.87220954928427008
  0.88197263074192200  0.89179934081320023  0.90236240313114968  0.91368605227929078
  0.92526372148146907  0.93701109678425321  0.94831375396172957  0.95925089410514641
  0.96966781276098546  0.97984240815996959  0.98995163855022172  1.00000000000000000
  0.03336644519793545  0.17257922207282117  0.26000000966194681  0.32726241812395268
  0.38013962221907488  0.41065225559344415  0.42808949461940099  0.43934263342646324
  0.44820095420756251  0.45660208627368926  0.46441791416389394  0.47165824735663409
  0.47802003769607893  0.48368130753971500  0.48910040357718826  0.49452797193359915
  0.50016200956648915  0.50593700595711666  0.51151370319846401  0.51690458670684369
  0.52220216606883330  0.52760855072376711  0.53273260819788715  0.53801878236672218
  0.54332208850423058  0.54885669141043125  0.55443219065541727  0.55991891922839732
  0.56527239293326748  0.57059361210505144  0.57602779181486619  0.58157111123979466
  0.58697374915359668  0.59161229204446919  0.59632752285304691  0.60110684017426974
  0.60610185366706926  0.61149487636986211  0.61669333378375923  0.62171713089080394
  0.62671032917119873  0.63195187860191515  0.63724870376219844  0.64268637975998388
  0.64839063729850133  0.65424928363489154  0.66017109073004632  0.66585894092137610
  0.67106664857987475  0.67599567748419209  0.68105047305419086  0.68621067856812012
  0.69121680217227155  0.69593393889854960  0.70034899678460472  0.70461101681605220
  0.70894125477917136  0.71333089416714268  0.71771611464699059  0.72212493104816600
  0.72662019328869232  0.73139430707950814  0.73678314434595149  0.74200628754589448
  0.74742279042665638  0.75343117242533908  0.75954931471013842  0.76549104205647178
  0.77110060543294801  0.77643543698634787  0.78171083969139787  0.78720360962453528
  0.79292230826158572  0.79858664545201774  0.80427124156225993  0.80998843059798209
  0.81580291843205266  0.82162607214692795  0.82738679087153388  0.83333657462111799
  0.83983534662552672  0.84679934320909134  0.85383578792315395  0.86108145187779095
  0.86860247687133496  0.87577174710817263  0.88353229565310432  0.89158924602386669
  0.90006703313402892  0.90828450991376530  0.91696977557936499  0.92634920029399437
  0.93765391234835993  0.95184005790967974  0.97042749896446678  1.00000000000000000
 -0.01814980849585321  0.10854837565599017  0.14211887331803091  0.16380977296340127
  0.18169807986617681  0.19663349582707534  0.20989899045127058  0.22200880615261873
  0.23365155902035706  0.24481331368195744  0.25454168712398972  0.26358197087729901
  0.27272045017105445  0.28205946381137670  0.29085125321095434  0.29883927671253796
  0.30648126282954347  0.31409412652054602  0.32152583327598644  0.32936216436227411
  0.33696540180244722  0.34400157033129042  0.35056135233898217  0.35675288420920104
  0.36261836593180863  0.36831209299883916  0.37400145315089167  0.37985747163604117
  0.38598401062777221  0.39205552363718921  0.39790215932012962  0.40362261895462853
  0.40926085636416454  0.41504053816751724  0.42075593441030018  0.42666314541403744
  0.43236611546121806  0.43784119732496757  0.44319773867901296  0.44848851683861068
  0.45371797899388716  0.45895674421023264  0.46439817493683672  0.47001084339196214
  0.47563408416237418  0.48125843043090089  0.48691633484913188  0.49263996995922454
  0.49854679154347908  0.50417872500955374  0.50945795191215804  0.51455789958810949
  0.51952752734590468  0.52443114781313505  0.52995783862216284  0.53521039847148943
  0.54047100144415183  0.54583395858226225  0.55120431048364738  0.55658276926976313
  0.56193460388504379  0.56722178167683479  0.57255931616471234  0.57821100128816139
  0.58418061394089427  0.59014745921628020  0.59615155596425606  0.60213391366224089
  0.60825599334728098  0.61461281100549536  0.62098432643638712  0.62790768311546674
  0.63493187753885028  0.64166863970290899  0.64831686042568260  0.65496916217341483
  0.66177881339317579  0.66884287054642511  0.67672126159712542  0.68539946207069169
  0.69409214142406273  0.70247020554955586  0.71094263931332746  0.72015797961288486
  0.73012090988100153  0.74018595939647158  0.75079816161960056  0.76227357297467535
  0.77523887029819061  0.78891482481031816  0.80277664383713121  0.81739299345448047
  0.83414284223875679  0.85414102762203525  0.88907270172337172  1.00000000000000000
   2.4257561102831303E-010  -1.0000000000000000     
 F F F F F F F F F F F F F F F F F F F F F F F F F F F F F F F F F F F F F F F F F F F F F F F F F F F F F F F F F F F F F F F F F F F F F F F F F F F F F F F F F F F F F F F F F F F F F F F F F F F F F F F F F F F F F F F F F F F F F F F F F F F F F F F F
  <DiscreteSampler_grid>
  grouped_processes
  1 # 1 for a reference and 2 for a running grid.
  10 # Attribute 'min_bin_probing_points' of the grid.
  1 # Attribute 'grid_mode' of the grid. 1=='default',2=='initialization'
  0.0000000000000000 # Attribute 'small_contrib_threshold' of the grid.
  0.5000000000000000 # Attribute 'damping_power' of the grid.
 # binID   n_entries weight   weight_sqr   abs_weight
    19   10   2.713852761469080E+002   6.241545525184495E+005   2.713852761469080E+002
    20   10   2.713852761469082E+002   6.241545525184500E+005   2.713852761469082E+002
  </DiscreteSampler_grid>
