  0.00000048879755025  0.00000137629069748  0.00000195517443372  0.00000254686100028
  0.00000312784311871  0.00000374282026314  0.00000438826893680  0.00000507923280121
  0.00000578604092508  0.00000651448291292  0.00000728406589114  0.00000810183669781
  0.00000888690194771  0.00000964237279210  0.00001046568559925  0.00001135114843976
  0.00001226456123585  0.00001316728218998  0.00001407215069985  0.00001501121515622
  0.00001589564635695  0.00001679292262751  0.00001772739274532  0.00001866695333048
  0.00001960128168321  0.00002053252102870  0.00002146566569021  0.00002241179512378
  0.00002332276881222  0.00002417621931876  0.00002496468206352  0.00002571449101819
  0.00002646105517455  0.00002721336589885  0.00002796193909510  0.00002868161209394
  0.00002934332443680  0.00002998493989538  0.00003059747918891  0.00003117599094214
  0.00003172609053166  0.00003223564295862  0.00003272561038513  0.00003321036857916
  0.00003370997162878  0.00003428941180581  0.00003484057946086  0.00003530487276557
  0.00003565360470388  0.00003599940207193  0.00003632048513545  0.00003666302204409
  0.00003704993871296  0.00004199833466187  0.00006276717322901  0.00006366152343323
  0.00006445273369010  0.00006514332533968  0.00006583641335176  0.00006659505558662
  0.00006749975993119  0.00006842940800811  0.00006939745164276  0.00007043681163116
  0.00007148890120496  0.00007258307100494  0.00007373231863219  0.00007494352851266
  0.00007620436427919  0.00007766100209552  0.00007944238631494  0.00008158238375962
  0.00008412478867228  0.00008732656700673  0.00009051549500552  0.00009379858524712
  0.00009751512071090  0.00010342936065056  0.00011099186608280  0.00011999815593825
  0.00013045626366621  0.00014221561048120  0.00015475010849148  0.00016823251604341
  0.00018442324954116  0.00020129248691871  0.00022059158257455  0.00024190822300532
  0.00026636453747639  0.00029635662186369  0.00032951727391218  0.00039539339949911
  0.00051339163477215  0.00068035880383356  0.06039740003985870  1.00000000000000000
  0.00829882947300877  0.01847946709855360  0.03025515427554043  0.04275098160548008
  0.05507352009237023  0.06668868174855394  0.07748199281182723  0.08665946347687983
  0.09443691227152870  0.10361893731571108  0.11235885144967392  0.12171910633202576
  0.13157060558863526  0.14069120967450044  0.14884714319300490  0.15788112738362131
  0.16700158964645420  0.17574456516950579  0.18436663056407335  0.19286711292775316
  0.20120669622856813  0.21194906578763809  0.22362798539718001  0.23508342342996630
  0.24690708253413698  0.25905411700102660  0.27142155428844433  0.28387306638127419
  0.29623774275583581  0.30941842843950157  0.32364209056625715  0.33803732659867147
  0.35421397615439487  0.36851854972870635  0.37991784718346755  0.38865291665469776
  0.39668516489121436  0.40478030348070132  0.41376515987674933  0.42256322137667646
  0.43117258428947791  0.44049855962608125  0.45095993424687980  0.46167977516474401
  0.47253034617524037  0.48343465406152375  0.49452846621956759  0.50470385193842737
  0.51434268282969886  0.52446756349000012  0.53445576793556437  0.54442930931455291
  0.55447588922983748  0.56573148667700279  0.57719133544054768  0.58715250972962207
  0.59633846440310068  0.60603774967207336  0.61616043970895373  0.62683261231795662
  0.63838922622281058  0.64968923882050877  0.65924311037803696  0.66781136814115050
  0.67611689824076204  0.68469318509998600  0.69391573237613868  0.70435485404493792
  0.71738436630333446  0.73212670576572469  0.74466181720989566  0.75437367365990238
  0.76223071133486719  0.77042285742988748  0.77931829634005534  0.78927849585819521
  0.79877741302027172  0.80729904653962392  0.81643202508957580  0.82710831740378721
  0.83776522116997376  0.84844220046722563  0.85919595026708573  0.86990067897592904
  0.88149560772972058  0.89400562476239609  0.90555341535439149  0.91646340537304272
  0.92785945329318753  0.93928165003293573  0.94935248472901279  0.95975836540798332
  0.97164201033047914  0.98247074778572052  0.99095942068817922  1.00000000000000000
 -0.00002227482100738  0.00031867834835963  0.00101866714563955  0.00211981270475033
  0.00355487294709472  0.00525105629019560  0.00730543509719810  0.00989695360757576
  0.01230720865297517  0.01526848017248121  0.01863020644558377  0.02272846342398097
  0.02730106294074445  0.03258691799401432  0.03825853563480578  0.04405844089210441
  0.05050989668924066  0.05792123375749032  0.06542664789282807  0.07304355907807210
  0.08175443073292259  0.09030720331867936  0.09910998798026704  0.10801274486560494
  0.11781370301456856  0.12668985515681710  0.13628678866128041  0.14501680112695167
  0.15367509416986330  0.16256539506349726  0.17187283317781779  0.18240782979971387
  0.19373812112472877  0.20453036635793603  0.21431805488063721  0.22413373348508914
  0.23524169120126243  0.24678094495553016  0.25744947316114758  0.26756495131660801
  0.27765925291993576  0.28776289142492989  0.29760200878717730  0.30706494629304532
  0.31623759956757896  0.32496275810909975  0.33427203482932605  0.34289138476788095
  0.35161506361058376  0.36069378915774447  0.36992939092083160  0.37955129606373827
  0.38959592070572918  0.40063799838629366  0.41176924340226995  0.42252206888181337
  0.43321452751824058  0.44298060278180929  0.45289698555993152  0.46270134274468133
  0.47288551992681543  0.48467102329159767  0.49689400432442088  0.50687317417180999
  0.51693814591801490  0.52707358693360551  0.53804297061514850  0.54990059915782807
  0.56299446907710049  0.57650245231457464  0.59150937934460424  0.60916609940779431
  0.62645931571809488  0.64374366657327975  0.66120830957291088  0.67854962741089375
  0.69512193388044818  0.71183223482009894  0.72987903747760285  0.74896348341702967
  0.76839078021218055  0.78821237174236902  0.80725357447604540  0.82575101719105304
  0.84410272487681781  0.86169177117977880  0.87764457144765973  0.89205218325874336
  0.90559665117081112  0.91907715557929148  0.93309247759483993  0.94725591153343858
  0.96096803516763019  0.97415217629344020  0.98704901263319633  1.00000000000000000
 -0.00184721382651850  0.00848216492555423  0.01708809352299993  0.02644842434857135
  0.03649904925995161  0.04561892337407941  0.05488202241641062  0.06509104855248408
  0.07573790403812715  0.08499507286732760  0.09295776536647736  0.10058479180516672
  0.10837851944382092  0.11619947252847544  0.12432721388065701  0.13428862071560652
  0.14473515021404007  0.15580581709296798  0.16770735426822703  0.18064287949330851
  0.19342673538391519  0.20380250333451813  0.21271605407308430  0.22112274255772932
  0.22895667088019470  0.23911064524896411  0.25036911470966877  0.26540477216368263
  0.27896492285497804  0.29050352308912902  0.30088674739105936  0.31082579661667603
  0.32098150464795544  0.33216694828790289  0.34461100622563107  0.35639109758452286
  0.36755120538325625  0.37855536773497328  0.38980965644294485  0.39955244084937547
  0.40810674469447983  0.41752740625341933  0.42810716592279902  0.43873002860005755
  0.44805751695096513  0.45684979945604054  0.46548144739784941  0.47399753794270755
  0.48210726876835303  0.49049737514492342  0.50017205448862467  0.51028001579119142
  0.51973727097466038  0.53069411541565081  0.54139435488807242  0.55221873190318416
  0.56377312271958469  0.57611314988592177  0.58957250540206374  0.60440996827751603
  0.62031919289179183  0.63500976367745121  0.64668065785065154  0.65614450904266697
  0.66550287779668749  0.67468497070796529  0.68455123677142671  0.69375431103711871
  0.70208739079187510  0.71032436216451400  0.71879944230084236  0.72740198319103677
  0.73523152208058162  0.74389289106885437  0.75352019580662122  0.76324629715499848
  0.77283452271029263  0.78188065353233438  0.79067745414314805  0.80199285804788001
  0.81424290345837080  0.82586334245470239  0.83716599433862038  0.84865968674479486
  0.85979007148673825  0.87153811614870591  0.88368618881931571  0.89706249446784159
  0.90957667902342187  0.92291416050841601  0.93706303505078936  0.95085370372975853
  0.96489661484795863  0.97845259694904507  0.98963227926357222  1.00000000000000000
 -0.00181820105501684  0.00887239123945584  0.01831642880177631  0.02924571670399444
  0.04024830598714650  0.05251917436317319  0.06623506578164329  0.07742888767104818
  0.08812254245966937  0.09783987390869120  0.10536064726181583  0.11315064978939653
  0.12255194559135893  0.13093759391064419  0.13880109530396509  0.14679149220263213
  0.15527530634507211  0.16515390380965692  0.17824524489531893  0.19234561903901704
  0.20432608081338097  0.21490923046132723  0.22536458601538450  0.23458293545042283
  0.24268186056459828  0.25079685150676551  0.25973477777455273  0.26899749075358476
  0.27810726729772661  0.28666322175801517  0.29776950132436064  0.31019606931683674
  0.32329938298074201  0.33725999499529768  0.35096976532899193  0.36548015336868789
  0.38035292436402879  0.39439897461347734  0.40950559519322915  0.42424492331304697
  0.43920314897435625  0.45196344450686948  0.46316820594281050  0.47405499699384190
  0.48448104487145688  0.49430271435468714  0.50283499547154320  0.51052244687058157
  0.51850724888841881  0.52627936448350754  0.53377055160704578  0.54258191886182983
  0.55196815345652661  0.56394803554443451  0.57836206972210447  0.59127834306650295
  0.60301308160295963  0.61554325047238867  0.62770452656018560  0.63925349268214993
  0.65101549746217646  0.66247747456255146  0.67316575685794167  0.68289310439924267
  0.69311001680277651  0.70408284705038304  0.71540478774134708  0.72641329612719463
  0.73572723712278254  0.74422399856396138  0.75225996888386115  0.76007811496674516
  0.76822971624529601  0.77677948467247393  0.78522325858936604  0.79438561800701768
  0.80337044364594690  0.81233787351693465  0.82165688361834355  0.83210837077421151
  0.84434514351646028  0.85694271226104424  0.86876145767413127  0.87953514996345594
  0.88969602791283064  0.89944206198044829  0.90883677968283338  0.91782344456754539
  0.92684065220347889  0.93621994307565704  0.94668562132777123  0.95704056266210202
  0.96687415035678104  0.97698851464076153  0.98795514722050481  1.00000000000000000
 -0.00196226367861946  0.00737733964771837  0.01657917859473710  0.02528445617167650
  0.03483888844137624  0.04527013268848200  0.05593055633108381  0.06648104015999469
  0.07586396612717348  0.08509386879914460  0.09498077065870925  0.10523898372158257
  0.11653063957928302  0.12766691992667839  0.13942845797646941  0.15170044079793918
  0.16331023879053536  0.17419819389937338  0.18498720007936914  0.19623292516110943
  0.20756632798485977  0.21785340380205509  0.22714964685379702  0.23776727853389765
  0.25027504724123500  0.26195573506076936  0.27291114855323689  0.28449651093446643
  0.29633745675786449  0.30791579891516435  0.31747126032721396  0.32512306265414792
  0.33338997139414328  0.34148172924286541  0.34974282518381250  0.35844321653722316
  0.36737937450365415  0.37647745438951397  0.38785095443976847  0.40015164185226554
  0.41232320996133121  0.42507653809107737  0.43774806069514038  0.44977579326275879
  0.46175341197447933  0.47365237923990544  0.48568804079978667  0.49763302721377978
  0.50824259545628603  0.51738957911313488  0.52641951910417284  0.53497506569926356
  0.54597078498122176  0.55987068767189319  0.57239491300001977  0.58182661407317871
  0.59110404292876340  0.60007690416441850  0.61027308914074407  0.62052703874232884
  0.63155595822830524  0.64385094888955952  0.65626204459098436  0.66659403574354226
  0.67469707389418954  0.68267164171917594  0.69221334063563555  0.70315446496163958
  0.71417464429527355  0.72376396977961044  0.73494026573468940  0.74786247730969435
  0.76055636551028249  0.77330654561224466  0.78539319557183807  0.79586240088140703
  0.80558099645329995  0.81569461907316110  0.82647402153249105  0.83655482637945544
  0.84570476751623169  0.85506245912506040  0.86450764537845970  0.87593593397258129
  0.88504537229947644  0.89343453508992698  0.90121043323475791  0.90916230847093971
  0.91722297736874525  0.92598863345938576  0.93542299975279819  0.94768484001543707
  0.96176196152506332  0.97527825736422469  0.98792568426138427  1.00000000000000000
 -0.01065189250472499  0.07563496447397304  0.12502005943336036  0.16390562674665340
  0.19177540707873528  0.21211694813885845  0.23125680716115846  0.24620760564885050
  0.26049438076656034  0.27327939754579478  0.28442655295544017  0.29439573237243533
  0.30409487224135029  0.31429245579686088  0.32229403575426147  0.33097572674449321
  0.33876148642919485  0.34649467676802587  0.35371839281567724  0.36079815849431657
  0.36696381032550401  0.37262431483130232  0.37841169656230306  0.38436492187835952
  0.39016249888788168  0.39615606579844959  0.40217643181266455  0.40829058847113764
  0.41418803560531253  0.41917045336252290  0.42313650936264069  0.42735466299524577
  0.43159084804546916  0.43579189348944436  0.44031297588225021  0.44508100304356119
  0.44986863407574929  0.45465612001323530  0.45938951613806367  0.46404537051107148
  0.46860949206601243  0.47324004261657843  0.47808277641275054  0.48323514046245802
  0.48902975316830932  0.49416308944432552  0.49860425624572513  0.50244104011787760
  0.50596350888351826  0.50947691575349752  0.51306404366473379  0.51710443000526285
  0.52149345882488429  0.52566207204585658  0.52950207330059207  0.53309204417699319
  0.53683510770100085  0.54073619527663308  0.54487001158958359  0.54870117245902406
  0.55215107574746869  0.55571097658188517  0.55961613768996210  0.56382042077355632
  0.56843670735632801  0.57318143714840608  0.57798026494805832  0.58322805228319208
  0.58993375725377295  0.59709076863694022  0.60362596578746042  0.60963724340701242
  0.61535594934997229  0.62148512751537210  0.62770076351678072  0.63381829076191210
  0.64021893375836836  0.64687299049837133  0.65402914684266766  0.66150189077484067
  0.66876607098734286  0.67643533634987296  0.68384803358157409  0.69244961353506640
  0.70277577698089233  0.71320121029477102  0.72435656697114659  0.73609488945377477
  0.74849028767103021  0.76300846734254635  0.78301815552672960  0.80777134098828607
  0.83442913659108464  0.87663726665391195  0.93114216688442886  1.00000000000000000
 -0.00179860279169761  0.00709601899916029  0.01467152556691999  0.02348804522251636
  0.03397533253051238  0.04494378434770799  0.05652707369936234  0.06778112433813192
  0.07846459063675880  0.08941629509319121  0.10130407269336154  0.11067536568742981
  0.11990572963371617  0.12740313885134050  0.13433822073564064  0.14123370349614267
  0.14905789625544816  0.15818340056205843  0.16717928118225470  0.17574254233553144
  0.18449370775484467  0.19438128467098686  0.20548618611536981  0.21707692558913724
  0.22848126826662929  0.23980956286842581  0.24961396265521427  0.25892445587027774
  0.26759908515492781  0.27613125070154598  0.28477760931523560  0.29384577882928908
  0.30338592199387537  0.31302216470193683  0.32344545985961926  0.33445778675441573
  0.34532573708516290  0.35608640579270434  0.36700999555548353  0.37758318858163631
  0.38794215944365762  0.39790306578632756  0.40801159978812501  0.41895787695430481
  0.43108739731939660  0.44421755641991206  0.45742330275030324  0.47032599213987736
  0.48278185422734349  0.49606278038531959  0.50968251525857999  0.52475132962652216
  0.53929420179675447  0.55001113766814402  0.56037948123089254  0.57094809869427032
  0.58199920853104636  0.59281606653791974  0.60300500402477708  0.61465730155967313
  0.62771409931990330  0.64124180104077633  0.65543374675421717  0.66881644989454014
  0.67751976768738009  0.68556864245280935  0.69325887796828078  0.70055485887645219
  0.70881341439545320  0.71754904208132653  0.72650813202434061  0.73638599640015989
  0.74685438562283557  0.75781737071436817  0.76976464531273181  0.78159662689386922
  0.79307369775375924  0.80463897219323299  0.81494084828015123  0.82527414218633000
  0.83589507844071886  0.84608222795072618  0.85639111322116657  0.86732737739905730
  0.87980144262862303  0.89258688841139200  0.90436583601971443  0.91596473269491818
  0.92626339866670371  0.93675302979078678  0.94766178259707479  0.95808383293952437
  0.96752805170513390  0.97698391121047856  0.98775150457870065  1.00000000000000000
  0.07694612543264731  0.13142410849440253  0.19038431781881643  0.23722711565579210
  0.26633246200418365  0.28907006453224021  0.31030789170939010  0.33013070905155084
  0.35048105704872601  0.36914853969958661  0.38667499728183929  0.40072334057178749
  0.41253007997839181  0.42326179395727731  0.43467421934802525  0.44873761237521492
  0.46210652907285782  0.47417215465680307  0.48603009960734811  0.49771505814986300
  0.50795148155579495  0.51802470967147984  0.52806048893617208  0.53844131869102474
  0.54812324393737399  0.55778691224583088  0.56693252743708156  0.57525786713417892
  0.58340008060612136  0.59209041049923006  0.60098206561256429  0.60868257301935358
  0.61547142868297067  0.62269237658538990  0.63008458387249755  0.63732948292511049
  0.64411664305468774  0.65063515617048129  0.65707650413621765  0.66358084469288070
  0.67074944748278531  0.67856524933878171  0.68594125077688473  0.69255446707390222
  0.69780947616834377  0.70320921344669507  0.70832362776582658  0.71357227628238329
  0.71905253500725919  0.72472265735428287  0.72970110178090875  0.73388484049878577
  0.73777938292441059  0.74181449615010364  0.74612493739914432  0.75090042955919556
  0.75588117402409549  0.76070867783974383  0.76571153735694297  0.77040374862783056
  0.77525737892795610  0.77994862730952585  0.78511869312467431  0.79043673462685937
  0.79653458867399918  0.80183850125015865  0.80702065776654275  0.81234401350768959
  0.81780092356124201  0.82365398917896981  0.83064021695126800  0.83639227244102932
  0.84166274673718366  0.84682091268625048  0.85180069043406315  0.85665409676936577
  0.86156491280839098  0.86642101133144189  0.87165859484827590  0.87667203653690007
  0.88176860468399365  0.88665290074418301  0.89148156676267176  0.89643320102585999
  0.90179209862574861  0.90749096294111187  0.91317490799058898  0.91928055300950606
  0.92607992610315559  0.93318937084083131  0.94056488424530238  0.94786223019204308
  0.95615441431465076  0.96561022034182964  0.97817104106504282  1.00000000000000000
 -0.02043022370839857  0.11549215098802659  0.14544832976543509  0.16972794214495357
  0.18753225864060882  0.20163913576962192  0.21367732882135673  0.22438280296292884
  0.23620950215025036  0.24840507219017163  0.25989859438022361  0.27108159794676523
  0.27885426005614744  0.28570760670353412  0.29231803435103798  0.29872809043348864
  0.30536987602946297  0.31255939115079212  0.31865841378262566  0.32472432966328557
  0.33071552602402554  0.33717871366689756  0.34395425683203135  0.35015414149405366
  0.35539094342765676  0.36052944180806801  0.36633107120511138  0.37307823724460121
  0.38000430841649002  0.38631250787651267  0.39274360971204791  0.39907155355275320
  0.40533047431669594  0.41134264714449659  0.41729579536108685  0.42333825532720926
  0.42930396589937614  0.43535257840030805  0.44146553416227802  0.44756051035111777
  0.45338223427195212  0.45927270252177632  0.46528943669162992  0.47145626107718214
  0.47750561464490276  0.48239652700907421  0.48727572167288302  0.49221818806028989
  0.49716011617474043  0.50312232264722945  0.50950436602978399  0.51509430328449302
  0.51964801865709020  0.52415676620017937  0.52862071872674454  0.53309788466737207
  0.53801819246498694  0.54429152837271144  0.55107967748028508  0.55791701852507103
  0.56427745020609188  0.57055861935529528  0.57704919573588687  0.58394126240717315
  0.59143091834002448  0.59916592468407470  0.60642192831393360  0.61323701670556996
  0.61965188780121572  0.62575510113928601  0.63187565883307428  0.63839767854357155
  0.64516479365844259  0.65264209492827507  0.66017576551311485  0.66754394544732942
  0.67382529907782163  0.68038483124032734  0.68754786087763353  0.69494313609919778
  0.70173794703883230  0.70881350691393274  0.71613283563713204  0.72306288951565334
  0.72949886612809889  0.73749839543985451  0.74724041467085611  0.75880134189680992
  0.77031700213714638  0.78110673969235767  0.79476126638695466  0.81370826594241075
  0.83522197446459201  0.85924537101635456  0.89012010277896947  1.00000000000000000
   1.2624720534228423E-013  -1.0000000000000000     
 F F F F F F F F F F F F F F F F F F F F F F F F F F F F F F F F F F F F F F F F F F F F F F F F F F F F F F F F F F F F F F F F F F F F F F F F F F F F F F F F F F F F F F F F F F F F F F F F F F F F F F F F F F F F F F F F F F F F F F F F F F F F F F F F
  <DiscreteSampler_grid>
  grouped_processes
  1 # 1 for a reference and 2 for a running grid.
  10 # Attribute 'min_bin_probing_points' of the grid.
  1 # Attribute 'grid_mode' of the grid. 1=='default',2=='initialization'
  0.0000000000000000 # Attribute 'small_contrib_threshold' of the grid.
  0.5000000000000000 # Attribute 'damping_power' of the grid.
 # binID   n_entries weight   weight_sqr   abs_weight
    19   10   1.230010789885847E-002   8.087921690985930E-004   1.230010789885847E-002
    20   10   1.230010789885847E-002   8.087921690985931E-004   1.230010789885847E-002
  </DiscreteSampler_grid>
