  0.02459376263012417  0.03248324219568866  0.04177947104258908  0.05137238131520777
  0.06145913926436650  0.07269077019702579  0.08404352212968472  0.09514714669856865
  0.10551297313745077  0.11547281020998618  0.12542667827179169  0.13610798821319942
  0.14749868411129080  0.15841780502834202  0.16793369694524166  0.17615570490830876
  0.18486609009402111  0.19380137767644479  0.20336561105111864  0.21232511515014982
  0.22078291152807697  0.22876696767314261  0.23739026464316243  0.24622228715313946
  0.25663869241479126  0.26692990965063546  0.27609615417560618  0.28461847181873917
  0.29320112674333093  0.30164331278793532  0.31036286274545283  0.31897567284230177
  0.32802048384278509  0.33719177511526799  0.34673269780808097  0.35619004707718005
  0.36727460910003357  0.37898860510619542  0.39129067858386629  0.40328073757968702
  0.41498282597100883  0.42693873038557995  0.43850819576731248  0.44960391118347076
  0.46054417887396515  0.47143468244003073  0.48231277246475224  0.49184767260077172
  0.50184074971056603  0.51255738599317457  0.52371029334427166  0.53494020068593351
  0.54605130834457760  0.55714428319047049  0.56798227759302833  0.57905818151243260
  0.59104093835073146  0.60320161227348390  0.61440144536320696  0.62510823429952667
  0.63553080906573134  0.64560232109853544  0.65621635771833520  0.66726065820106895
  0.67926828076372858  0.69128399752523806  0.70260869544027760  0.71417018588677317
  0.72544416933998102  0.73655149620286386  0.74670726512848307  0.75601703451659708
  0.76547934303218346  0.77525822471489503  0.78554064413426727  0.79526571876094176
  0.80400796262958296  0.81279748309558764  0.82146468857096888  0.82970042113077491
  0.83787151660330828  0.84594064290743953  0.85426138396952311  0.86340659363835637
  0.87313263441712319  0.88267330611211292  0.89181057399059671  0.90102738791344361
  0.91060843615672671  0.92012689035690265  0.93026394453624905  0.94204883411313056
  0.95453306724752163  0.96521387440703477  0.97068906458799087  1.00000000000000000
 -0.00003892338184534  0.00039757103015630  0.00106028441979488  0.00204928376553109
  0.00352561149901141  0.00520958962737182  0.00712401066839435  0.00930406786664756
  0.01188325986044812  0.01464487388673058  0.01772551826736568  0.02093558021093467
  0.02417899902940153  0.02784477004312064  0.03164184340052085  0.03556734525360394
  0.03955668317318484  0.04381963444641018  0.04835585555898017  0.05293267672113269
  0.05787105600913414  0.06287021410007736  0.06809322656705895  0.07402232586626208
  0.08113648094594739  0.08846340803625767  0.09531275894864941  0.10176628824320112
  0.10793266951919406  0.11401118838177780  0.12050121657820394  0.12862808454787861
  0.13761206606072385  0.14712608601481519  0.15626660501360626  0.16547907261138126
  0.17484199871057599  0.18414313417712724  0.19346244220888528  0.20314524153330898
  0.21336335306745952  0.22359243791299094  0.23393134208084843  0.24407439424501320
  0.25384916984744965  0.26483379581206962  0.27602541126949043  0.28811604928841472
  0.30100255700707557  0.31432532063374180  0.32768349486152942  0.34091160208723770
  0.35423334357210012  0.36716770273760840  0.38053343250597027  0.39360625713855313
  0.40740189232161456  0.42225452330574509  0.43756148872655881  0.45286809324553856
  0.46819009343855511  0.48358381163820219  0.49815540699478650  0.51263969862136938
  0.52695736384322867  0.54107979981274623  0.55486445513459060  0.56778118761261465
  0.58046472251404624  0.59362277387881512  0.60782247630572928  0.62273586105959455
  0.63750814857792704  0.65235361830165817  0.66652374514018797  0.68110964722694145
  0.69598849563666854  0.71102922526299217  0.72614413350659712  0.74147882324276315
  0.75709682901456543  0.77396686085587096  0.79137766422239386  0.80847516697302690
  0.82488262943273372  0.83936329329027848  0.85380908375996090  0.86836041656069374
  0.88298380782659303  0.89799722131072013  0.91383452672055998  0.93119324447902596
  0.94897350890284038  0.96642366611158770  0.98338397727696758  1.00000000000000000
 -0.00265202770152114  0.01084160987332524  0.02158031959445322  0.03194782275388788
  0.04243291672305819  0.05350367448236957  0.06593630339329318  0.07872643375730946
  0.09051037206449028  0.10157894653951489  0.11261404135600449  0.12402294679141136
  0.13525153583633320  0.14636078434571265  0.15686323683193232  0.16637644407775753
  0.17563221013461136  0.18514879592477501  0.19574884168336060  0.20734001379429851
  0.21916936876000417  0.23031269985778480  0.24012885345133561  0.24946592859148831
  0.25946042100140121  0.27027266953782014  0.28121676416439773  0.29139125972974428
  0.30098314640335128  0.31056756612960157  0.32027421085036345  0.33029707881900011
  0.34085378785081066  0.35247694526551704  0.36505776762036812  0.37561974011845267
  0.38448547732812161  0.39339160402856621  0.40291840540505880  0.41258682150792936
  0.42124638760376965  0.42974345341305503  0.43840093047264661  0.44799751087556328
  0.45749489456009185  0.46641391282028072  0.47505620878197652  0.48355131877187785
  0.49292685942078085  0.50334960134409457  0.51521883003383018  0.52578706001659725
  0.53565225652031778  0.54639182232067207  0.55683698411914062  0.56791014433094367
  0.57877406630258244  0.59082892201308090  0.60453458587644182  0.61946765194168207
  0.63138003977385337  0.64177326125693623  0.65108849627562604  0.66007527794065513
  0.67002771960989438  0.67961369213283040  0.68936872188425991  0.69918512491952833
  0.70936728891723444  0.72075409042450733  0.73357291724699025  0.74833583695556949
  0.76069107280205572  0.77166070664894171  0.78209019396508095  0.79206263053324744
  0.80154380819918070  0.81013327417249037  0.81929456000159639  0.82832475569229580
  0.83834143013965234  0.84893466527167927  0.86006908576096619  0.87113498436059889
  0.88204198493557351  0.89255249440813378  0.90372112875989008  0.91529095111745584
  0.92695705693243791  0.93763405222207474  0.94833568148262293  0.95863965023559294
  0.96825845406099076  0.97866946618333783  0.98927983815039267  1.00000000000000000
 -0.00476180135840217  0.02557824105064428  0.04456605302880728  0.06111853782479370
  0.07621600898672710  0.09190620152467036  0.10841403737752639  0.12653950520948021
  0.14419934945809082  0.16001367646726819  0.17241260440255793  0.18375009892667127
  0.19491316338975673  0.20573123934632595  0.21629888087212928  0.22685384772967290
  0.23812960122589319  0.24984082332020341  0.26060902510497103  0.27058776579639865
  0.27992117634925295  0.28869523800088520  0.29686307024759900  0.30514753266690875
  0.31401635713612819  0.32309259335680840  0.33226733610152348  0.34118546020958079
  0.35061063354666933  0.36076946555982398  0.37086254135251123  0.38079398503793843
  0.39059242540134120  0.40028048038022890  0.40950925422354706  0.41847117489004471
  0.42747203768851655  0.43641019828848410  0.44458856165127042  0.45178509803287326
  0.45921060473535896  0.46693338369256820  0.47491747040643817  0.48213264549465024
  0.48816252991398323  0.49425756493357631  0.50080263080165310  0.50831401511601104
  0.51645029139833332  0.52444569095983395  0.53276770183282096  0.54100427345762014
  0.55163393806890515  0.56117735537301305  0.57010872481492825  0.57887658817907783
  0.58805248751304040  0.59839149887327459  0.60756036921492429  0.61497017825300271
  0.62165411015372063  0.62818322701904561  0.63502470398605249  0.64286039515596549
  0.65046984641563454  0.65757874216171963  0.66461523293568381  0.67225294581331607
  0.68062653808200679  0.68942127955047694  0.69832537548224616  0.70662775713901171
  0.71555566466501941  0.72496594883773047  0.73480625218292273  0.74542036519119825
  0.75579547089398968  0.76662738823096044  0.77727643485729436  0.78801232928658893
  0.79835978245133710  0.80853690092984531  0.81934681696731138  0.83094149767649228
  0.84322341585209493  0.85634588144217427  0.87028564169745870  0.88349665243585795
  0.89663826497647503  0.91206004736322088  0.92947973949745200  0.94591073296693851
  0.95940980957922861  0.97203976087596644  0.98511774828855703  1.00000000000000000
 -0.00257386896724145  0.00885760226188616  0.01800184270558285  0.02835911153628710
  0.03850214815627697  0.05073631324499402  0.06338277526992708  0.07449560566766131
  0.08465387337859659  0.09450285530257223  0.10484427572234219  0.11560405937264941
  0.12703138171979772  0.13974872094827986  0.15352719762047176  0.16849649853595655
  0.18385483483399759  0.19727779421104191  0.20848875236925862  0.21877024120614122
  0.22868820617090121  0.23792070059430653  0.24810286696068226  0.25955829149741894
  0.27112899695716403  0.28130933391173152  0.29151817934422025  0.30268245549961625
  0.31503127942795650  0.32768410098256628  0.33900480859479876  0.34913900732588765
  0.35930674417549785  0.36971397180346210  0.37932594497551902  0.38845821821944621
  0.39862904757858286  0.41038135223082550  0.42122342190701001  0.43099582005356019
  0.44017856631390517  0.44892632299105195  0.45830850570138476  0.46779319863205970
  0.47731117980073001  0.48631665297313598  0.49497281368138074  0.50520142510205823
  0.51726223818907202  0.52916375077844569  0.54020760709994897  0.55024350906062547
  0.56039800311971510  0.57109998313477983  0.58182632496682851  0.59284340135401170
  0.60328515470311661  0.61402979659441026  0.62472595864546432  0.63417938589461686
  0.64370074722171866  0.65298922238840162  0.66171419235176687  0.67031080788668063
  0.67955555622081976  0.68990190129797435  0.70080424681012643  0.71132739162398717
  0.72207604275084847  0.73293955287501134  0.74409254198368247  0.75454586004547008
  0.76450654866844525  0.77509742822096739  0.78609306080450392  0.79721728540520531
  0.80801520004245952  0.81911077135015498  0.83002905379492586  0.84133401279481645
  0.85209202928399197  0.86319633850112620  0.87499976617535924  0.88740748868330654
  0.90019674431891861  0.91231068265042325  0.92277629089037483  0.93223201099299269
  0.94104357898034341  0.94866447583895064  0.95656151970619918  0.96548278807117605
  0.97462302573055748  0.98342978130989755  0.99181429642803653  1.00000000000000000
  0.00276960376013334  0.08705281274307952  0.11436608943986915  0.13235505964922004
  0.14760402043047793  0.16028607648536680  0.17210431760494216  0.18480055982218285
  0.19844976913993348  0.21053317883701558  0.21952123560437950  0.22815188146270488
  0.23720818808113220  0.24739792573342262  0.25723665549644603  0.26668563277207646
  0.27731859910790774  0.28982616908551412  0.30194920073114212  0.31576378941986638
  0.33074099894078068  0.34548931583884152  0.35797907117033817  0.36966893355519576
  0.38165053026905466  0.39386239586257077  0.40746849763247706  0.41982367659032599
  0.43116667837486616  0.44285386664413906  0.45442112393075063  0.46459646580304692
  0.47478961539403891  0.48590739576007569  0.49777177573058806  0.50884250605621251
  0.51968867333793534  0.53075327023890695  0.54239750997540126  0.55402199566835764
  0.56507864735408664  0.57570181955004740  0.58564993366919937  0.59558160896312096
  0.60514419533120145  0.61604116540408504  0.62590808050084357  0.63576931321739605
  0.64564374620106801  0.65572572744597335  0.66583805846438271  0.67549892013106916
  0.68512016708472012  0.69451264979886651  0.70315622474735839  0.71107449896772112
  0.71851701357729891  0.72586665591682187  0.73349461859435849  0.74105556921140958
  0.74876353068132739  0.75575689405331559  0.76270979489104773  0.76952132566139053
  0.77600111802988325  0.78250700111672855  0.78923454389563108  0.79571240212685801
  0.80242354540856575  0.80869639107799174  0.81489573582903452  0.82084305768649457
  0.82645158079878134  0.83235849668927220  0.83814216071053516  0.84426380317010075
  0.85045410233315055  0.85646346690824815  0.86228600986149273  0.86800062598861139
  0.87356857415196454  0.87902413793300072  0.88448450772516596  0.89014405395690399
  0.89598112247028294  0.90201030840922636  0.90812183858888962  0.91408263308354554
  0.92055237127233491  0.92729474133403633  0.93411513900631871  0.94168029540674381
  0.95040826805311029  0.96083667621641056  0.97586144864868496  1.00000000000000000
 -0.02060299084037435  0.12569102489774717  0.17760615913941907  0.20745578245614166
  0.23160609760805947  0.25351212800555212  0.27169552727888513  0.28682461445839735
  0.30174473705891380  0.31601707996102835  0.32978664428398302  0.34285669767018556
  0.35607683095249926  0.36830078311273529  0.37997706146868004  0.39025514921031745
  0.39987824490040663  0.41006681691224983  0.41967182207936882  0.42967832245833770
  0.43907657331704880  0.44831519892528071  0.45718869976826815  0.46546363470160584
  0.47330215609483040  0.48117582456409791  0.48879054004407912  0.49639657456312813
  0.50426142726585754  0.51234989139951503  0.52013477276056741  0.52727065324171563
  0.53394122902895058  0.54054724053902303  0.54744157768131529  0.55471051923600323
  0.56207670060697290  0.56956948108859906  0.57736126211448580  0.58524460176652526
  0.59277729552466185  0.59979224289904343  0.60660419079205219  0.61355212426958383
  0.62043137745370525  0.62714821596677395  0.63336761065333003  0.63959491723644279
  0.64584678955751829  0.65202048470518792  0.65811789731884562  0.66414797129697734
  0.67019227161515005  0.67586032354391623  0.68189720161465539  0.68762016898694878
  0.69324824960572595  0.69881401072896043  0.70432545684503189  0.70975492275739038
  0.71483069849227643  0.71939449977759962  0.72386664687150404  0.72816817611453777
  0.73260802802361902  0.73723985127970815  0.74195811609246864  0.74662827372757101
  0.75171870814033259  0.75670224580870571  0.76168629987185954  0.76674056159505399
  0.77201303843257674  0.77771483802991292  0.78366884666815606  0.78924670161147881
  0.79439670236029580  0.79921068608705925  0.80417513179719413  0.80948215387483358
  0.81500738875636936  0.82071042372107517  0.82692023095671874  0.83322091278795352
  0.83962585115931943  0.84601009222141743  0.85284238787844713  0.86008156388618984
  0.86715752794421141  0.87476876636235890  0.88374460775750885  0.89485602073559911
  0.90730646452929231  0.92300835405608883  0.94705275912664577  1.00000000000000000
   1.0010426380429692E-006  -1.0000000000000000     
 F F F F F F F F F F F F T F F F F F F F F F F F F F F F T F F F
  <DiscreteSampler_grid>
  grouped_processes
  1 # 1 for a reference and 2 for a running grid.
  10 # Attribute 'min_bin_probing_points' of the grid.
  1 # Attribute 'grid_mode' of the grid. 1=='default',2=='initialization'
  0.0000000000000000 # Attribute 'small_contrib_threshold' of the grid.
  0.5000000000000000 # Attribute 'damping_power' of the grid.
 # binID   n_entries weight   weight_sqr   abs_weight
    127   10   1.638745419910722E+004   1.286096263041295E+009   1.638745419910722E+004
    128   10   1.638745419910721E+004   1.286096263041294E+009   1.638745419910721E+004
    130   10   4.663662913771741E+001   1.013568393463066E+004   4.663662913771741E+001
    131   10   4.663662913771738E+001   1.013568393463066E+004   4.663662913771738E+001
    136   10   1.638745419910722E+004   1.286096263041295E+009   1.638745419910722E+004
    137   10   1.638745419910721E+004   1.286096263041294E+009   1.638745419910721E+004
    145   10   4.663662913771741E+001   1.013568393463066E+004   4.663662913771741E+001
    146   10   4.663662913771736E+001   1.013568393463065E+004   4.663662913771736E+001
    175   10   4.384113326569567E+003   3.351660263966144E+007   4.384113326569567E+003
    176   10   4.384113326569566E+003   3.351660263966143E+007   4.384113326569566E+003
    178   10   4.384113326569567E+003   3.351660263966142E+007   4.384113326569567E+003
    179   10   4.384113326569566E+003   3.351660263966143E+007   4.384113326569566E+003
    184   10   4.384113326569567E+003   3.351660263966144E+007   4.384113326569567E+003
    185   10   4.384113326569566E+003   3.351660263966143E+007   4.384113326569566E+003
    196   10   4.384113326569567E+003   3.351660263966142E+007   4.384113326569567E+003
    197   10   4.384113326569566E+003   3.351660263966143E+007   4.384113326569566E+003
  </DiscreteSampler_grid>
