  0.00010328700731424  0.00011051580168897  0.00011351713008248  0.00011545746825992
  0.00011721665509161  0.00011858756034417  0.00011984379112719  0.00012084217695395
  0.00012167297930746  0.00012241004785930  0.00012313354303657  0.00012394796726971
  0.00012466636039557  0.00012546301124928  0.00012616374739458  0.00012693401988163
  0.00012770548588431  0.00012860502300824  0.00012953060638845  0.00013044526587267
  0.00013135917207003  0.00013233194096546  0.00013343174507051  0.00013442878567435
  0.00013537187668798  0.00013641988143333  0.00013752971812176  0.00013869655544400
  0.00013998831211255  0.00014123170588224  0.00014253181067469  0.00014377504188819
  0.00014509181317476  0.00014642713743672  0.00014772633524235  0.00014901509071805
  0.00015028452372983  0.00015169630444344  0.00015313877028135  0.00015470899867610
  0.00015624292517374  0.00015772004720359  0.00015924947266301  0.00016071109860750
  0.00016238465854686  0.00016419113563056  0.00016622705435306  0.00016841551375131
  0.00017040472088047  0.00017221737553977  0.00017375519965792  0.00017528228342265
  0.00017688612444592  0.00017856665880366  0.00018130897619129  0.00018526522414266
  0.00018938778087815  0.00019286400953887  0.00019604945129755  0.00019955431943108
  0.00020372180439926  0.00020795836405763  0.00021223738849937  0.00021690149770561
  0.00022199339110784  0.00022740680803466  0.00023327775982661  0.00024000440147446
  0.00024798925549707  0.00025667390208555  0.00026505500905210  0.00027445263471581
  0.00028452008117884  0.00029600398380892  0.00030795263047468  0.00031952353082182
  0.00033131417430368  0.00034366699295972  0.00035754616806905  0.00037311818254194
  0.00039123196796837  0.00041293625261020  0.00043843618797663  0.00046819162281051
  0.00050253134734356  0.00054319991098638  0.00059114061929507  0.00064524979247028
  0.00070945017982057  0.00078403707437227  0.00089701030429638  0.00106329993245576
  0.00125879873728316  0.00171894197387958  0.05020049794921470  1.00000000000000000
 -0.00021644127191282  0.00471372328471422  0.01829602296797201  0.03564756312761219
  0.05315425479751576  0.06762835087221201  0.08552112709159246  0.10798789780713754
  0.12688626532934208  0.14124792977374367  0.15219277280511107  0.16380888614425945
  0.17570466638886315  0.19191544285503012  0.20727854608310520  0.22477642971115513
  0.24298811723340391  0.26046295614200049  0.27671902940469423  0.29162281498069687
  0.30550107691363532  0.32020170302874257  0.33457095990720220  0.34859630341251907
  0.36098921979417420  0.37158861652717612  0.38210979320493943  0.39251459066585259
  0.40287023848820419  0.41336778537606872  0.42400535500575431  0.43449361780672902
  0.44392443592524711  0.45327525243344685  0.46324664372944724  0.47431750489666652
  0.48472258760335785  0.49361176515617072  0.50094805904654116  0.50794754960651367
  0.51562998016093942  0.52462432882830068  0.53345079245011107  0.54241843452347527
  0.55125007755623778  0.56059827392943140  0.56932533709139610  0.57753310082706255
  0.58568040736863236  0.59409336109518573  0.60272271617144879  0.61150081274287249
  0.62049901622702586  0.62905011422342039  0.63678522233469670  0.64416453427538767
  0.65159439374427752  0.65966428551441725  0.66819052717010496  0.67634405596040770
  0.68550823849213571  0.69375049683352674  0.70229991076303067  0.70982916844811650
  0.71671847448183668  0.72342719123333199  0.72994626616258251  0.73656490439669708
  0.74362770506289699  0.75126401495799999  0.75976701933518664  0.76894099555722306
  0.77772289569328734  0.78575843182778149  0.79309230115384188  0.80044039001191203
  0.80897379706754391  0.81714740376440143  0.82533015420384581  0.83373661697122570
  0.84248524344705045  0.85092693409586262  0.85938396342327661  0.86837044260597063
  0.87831452583656766  0.88891787592061011  0.89881919944246580  0.90927099496062502
  0.92001942231018818  0.93097084957013931  0.94209022992140778  0.95458241145936784
  0.96629754358455744  0.97698832744045538  0.98854825707945526  1.00000000000000000
 -0.00363815091447461  0.01166116040769439  0.02453420043183625  0.03537556437428008
  0.04548373514503003  0.05675454349597295  0.06719446737386549  0.07785958262825927
  0.08958607044028322  0.10335534551437014  0.11906659151219547  0.13363858511827217
  0.14749900589823697  0.16078670200930600  0.17121853397164288  0.18099434139270112
  0.19005357179696622  0.19902653085475405  0.20872672463683628  0.21912680577214771
  0.22878653076697844  0.23756056247005805  0.24674112491365541  0.25650154588988022
  0.26676836847221674  0.27692985552313748  0.28707175805781643  0.29659466934004913
  0.30854566067879430  0.32131999589263516  0.33385870378081056  0.34555625854832950
  0.35661409003539030  0.36760524486269036  0.37903731492114739  0.38984607554776735
  0.40015321548915755  0.41034879456842455  0.42057378226560049  0.42993332274515955
  0.44037477028826411  0.45355339254557930  0.46727083504501782  0.47919331519659825
  0.48815424749570357  0.49648620388196979  0.50643124683525664  0.51741409177185271
  0.52725078517726764  0.53554876974187449  0.54411276532576969  0.55367637682898851
  0.56229912136698956  0.57045803683850782  0.57913865453521118  0.58868868310505851
  0.59923730648461948  0.61068334721548734  0.62344278474351056  0.63647559402287956
  0.64789142623087348  0.66001761269824044  0.67049462719754904  0.68042774273358486
  0.68953236923394101  0.70025316876756427  0.71371397620543409  0.72454259905326301
  0.73596695685094971  0.74646060760666855  0.75739258224982342  0.77258746950912027
  0.78912747800256122  0.80408904584268837  0.81476001412786847  0.82175364470983248
  0.82894929849236754  0.83471426250421465  0.84027169198095297  0.84676992799757334
  0.85328321898345427  0.86056704769579706  0.86815559388932861  0.87709246195867274
  0.88506909467193251  0.89225683256863153  0.90278051823486516  0.91642922587217945
  0.92942098254935790  0.93944777561161341  0.94826590949272904  0.95727995562072843
  0.96728493164893481  0.97772567925396259  0.98839212838744672  1.00000000000000000
  0.00633525822901595  0.01292716311936943  0.01804649634109894  0.02239784536167803
  0.02640010623037847  0.02982326159529912  0.03322921032171860  0.03650190235240489
  0.03987006655003680  0.04281354424925702  0.04561887645191851  0.04832057351946718
  0.05145663436548222  0.05516302624642216  0.05942126908935545  0.06414023414267647
  0.06759034892950472  0.07106747375654436  0.07448465181853647  0.07850967227056614
  0.08216809100511598  0.08586184849346072  0.09067087995221475  0.09588825163254948
  0.10125121832405812  0.10658568386823454  0.11260075355435351  0.11944869100742714
  0.12552291640350724  0.13175991133164375  0.13834203825875666  0.14550761379318247
  0.15309987100471387  0.16075456028923363  0.16823659005220487  0.17541542487611228
  0.18378337122952951  0.19215199132373617  0.20063621173793245  0.20912640485881773
  0.21701990824197803  0.22426966583161215  0.23061472548214174  0.23680030462556947
  0.24382551477964665  0.25139168191759076  0.25909231715008751  0.26718064053518020
  0.27573795506922921  0.28371736516738738  0.29154571510102439  0.29863896107831189
  0.30566205549711034  0.31366565130352958  0.32253457973816507  0.33160995893797535
  0.34022318612731800  0.34797337536251749  0.35560983224471465  0.36358043662506950
  0.37179270447712243  0.38040421696351456  0.38969765241226839  0.40026972690946211
  0.40950534256300036  0.41788131987409216  0.42609620667967779  0.43496146629259452
  0.44512328021634745  0.45649478339163202  0.46911408722121917  0.48212026202758923
  0.49519120428349889  0.50828801202300089  0.52025907608617961  0.53230273924689742
  0.54312133766160586  0.55449308178709356  0.56707822860178325  0.57798855997628706
  0.58836728843142194  0.60108883737824614  0.62136297984385225  0.64403199323915838
  0.66097420712383093  0.67637864403872339  0.69110808190424255  0.70903068071065967
  0.73083743682132218  0.75266121577206835  0.77672947428841055  0.80330313332480785
  0.83582594260885912  0.87988867426478690  0.92641815439943931  1.00000000000000000
 -0.00253717548254699  0.01063040587474766  0.02238622303172458  0.03098602118610397
  0.03843112206171413  0.04665946536136618  0.05545710705758920  0.06594195014272752
  0.07815219687329358  0.09018433842761861  0.10173775621386404  0.11451887347446366
  0.12872717839945796  0.14400438449694064  0.15924078989954640  0.17361608381568477
  0.18712548553900255  0.19950657600497040  0.21258998698199652  0.22434584296111731
  0.23644406344710772  0.24842284932241801  0.26070936123224286  0.27339386595404064
  0.28398646619920304  0.29416141932109202  0.30426257164148474  0.31386385325034005
  0.32413745061786253  0.33529531258609235  0.34761397933156096  0.35983577449933957
  0.37121514553202045  0.38145195508856444  0.39163202642098671  0.40292239184822354
  0.41438514368171847  0.42401276716886055  0.43239919381558367  0.44240316295446519
  0.45444104567823768  0.46568594592127244  0.47604417448407221  0.48698709848457422
  0.50095594161040546  0.51606983260721473  0.52957642550996609  0.54207834516371789
  0.55356957547878372  0.56457993105473891  0.57511043592053912  0.58479138618365722
  0.59417934283344609  0.60531064758086461  0.61618535541671049  0.62848600893513207
  0.64123035727098643  0.65406662944274374  0.66704599645805973  0.67811422899177354
  0.68737121648658861  0.69620766997678762  0.70504312814611947  0.71346177037492586
  0.72263784669914988  0.73403492003960635  0.74731287574626060  0.75838500034645617
  0.76761795441759839  0.77695637167856879  0.78682800102247730  0.79618949020335616
  0.80411399032524933  0.81230024501394482  0.82091178127190201  0.82929723980771819
  0.83793286456286120  0.84571336564786026  0.85271033471886437  0.86119561967690528
  0.87000705149640134  0.87860733585246831  0.88779916579584206  0.89791218274503937
  0.90904934524725256  0.91831543331642129  0.92509832331311803  0.93114105881823250
  0.93737697742569059  0.94357035933663980  0.95043407855713047  0.95765604168986873
  0.96522272149302701  0.97255274293341731  0.98195841483537438  1.00000000000000000
  0.07499748326349390  0.30453506469571745  0.34831647671044491  0.36129186165625371
  0.36737720689196873  0.37286305250053481  0.37772766065929431  0.38226035440312317
  0.38736315188828474  0.39236389816705258  0.39667261694480904  0.40060189434494153
  0.40389904897104206  0.40715934038783519  0.41035953918890777  0.41340750623535161
  0.41640437870277969  0.41970218221513456  0.42358478663596849  0.42677132166709825
  0.43050021392747478  0.43451060615888576  0.43866094625933916  0.44314791561365535
  0.44805341529479065  0.45327826708546648  0.45875740008949434  0.46278257819386948
  0.46723560028297223  0.47196259538108704  0.47656135032308405  0.48060054466777108
  0.48446364360543931  0.48839957434067321  0.49194817110509620  0.49547389774880995
  0.49867220505435822  0.50131521818591529  0.50371713890222647  0.50626679728243595
  0.50941139165600557  0.51300435881538586  0.51623731965955677  0.51918246738507168
  0.52257333001886119  0.52606528211719794  0.52963026495794674  0.53293188258642721
  0.53649095686906190  0.53977898653135037  0.54246384050857144  0.54513958493934866
  0.54830303133262581  0.55225355211386307  0.55573257312368807  0.55849835400565362
  0.56130876496285065  0.56471449069255208  0.56919278997011002  0.57396099804451994
  0.57903830562833336  0.58480064465576098  0.59149485259894163  0.59923655692686650
  0.60567294396171878  0.61120862061512915  0.61591986582395974  0.62107064066193884
  0.62771997570389348  0.63457214982725973  0.64211440789764418  0.65027394323818155
  0.65747014977459095  0.66445520908036604  0.67188341075384794  0.68105910376710954
  0.69213619200666954  0.70284274138978742  0.71274856083379157  0.72261967908395985
  0.73256211925542991  0.74275299591281052  0.75339436341807953  0.76371165805389596
  0.77529417509435128  0.78733480900337405  0.79993643813915960  0.81240654080276364
  0.82518809452724551  0.83996119130190294  0.85501119145393745  0.86986528435483268
  0.88557811675034881  0.90810351284008139  0.94244731621503208  1.00000000000000000
 -0.02927709648233234  0.15516129400479062  0.20578597682914931  0.23605504089046617
  0.26408197798741417  0.28904951222432351  0.30962826517202224  0.32874896416999272
  0.34823258898478515  0.36470020646269685  0.37840132324409548  0.39159854539894118
  0.40233723443490954  0.41321161482754781  0.42588732349053121  0.43915191624144240
  0.45068849231056307  0.46213097496565991  0.47332969402388608  0.48518382783030423
  0.49616006687370395  0.50595233267014061  0.51424104083915545  0.52286541217153637
  0.53190321275574493  0.54087326594629326  0.54951025141034648  0.55757869958118511
  0.56544207032656202  0.57330157769848633  0.58030663998153043  0.58699453005139068
  0.59318810319929727  0.59955766936868049  0.60615960161391425  0.61244601548625333
  0.61934724153166409  0.62665428853371830  0.63380972296325544  0.64060872419856985
  0.64663039431506653  0.65190386702256586  0.65646250431808884  0.66119786518244494
  0.66663640959071846  0.67276911370127190  0.67924945474133913  0.68548340258574747
  0.69051247704884222  0.69446676152733733  0.69847898562409882  0.70246529042044048
  0.70660680875171289  0.71116714495658984  0.71644549994000262  0.72135937932490102
  0.72618775463244234  0.73125448922437408  0.73664182998835503  0.74241887394125916
  0.74898800025952372  0.75605302488109605  0.76259726894482271  0.76801300801958905
  0.77292721291477162  0.77763440430600395  0.78207660011644820  0.78629080211954083
  0.79026137668800567  0.79350441759564849  0.79619813701089137  0.80000856511829566
  0.80383766642470411  0.80775933487222651  0.81176406442302240  0.81558136904925504
  0.81947685841005657  0.82365631268412021  0.82831872999613954  0.83286842289698659
  0.83723268137716911  0.84157955249035310  0.84619692482521702  0.85050858244791339
  0.85533738798357439  0.86051080516168332  0.86606150883314936  0.87116497057517950
  0.87629337589914824  0.88205811465470085  0.88809761260513842  0.89609830165369897
  0.90702659230661309  0.92150399424458529  0.94439821519423628  1.00000000000000000
   3.8006718220392274E-009  -1.0000000000000000     
 F F F F F F F F F F F F F F F F F F F F F F F F F F F F F F F F
  <DiscreteSampler_grid>
  grouped_processes
  1 # 1 for a reference and 2 for a running grid.
  10 # Attribute 'min_bin_probing_points' of the grid.
  1 # Attribute 'grid_mode' of the grid. 1=='default',2=='initialization'
  0.0000000000000000 # Attribute 'small_contrib_threshold' of the grid.
  0.5000000000000000 # Attribute 'damping_power' of the grid.
 # binID   n_entries weight   weight_sqr   abs_weight
    67   10   1.292963577787601E-002   1.106973067670445E-003   1.292963577787601E-002
    68   10   1.292963577787601E-002   1.106973067670444E-003   1.292963577787601E-002
    70   10   2.419549469699141E-001   3.876443732872899E-001   2.419549469699141E-001
    71   10   2.419549469699140E-001   3.876443732872895E-001   2.419549469699140E-001
    73   10   6.909364054842781E-004   3.161117397774172E-006   6.909364054842781E-004
    74   10   6.909364054842779E-004   3.161117397774170E-006   6.909364054842779E-004
    76   10   1.292963577787601E-002   1.106973067670445E-003   1.292963577787601E-002
    77   10   1.292963577787601E-002   1.106973067670443E-003   1.292963577787601E-002
  </DiscreteSampler_grid>
