  0.02459369678478672  0.03167998963322882  0.04164751653752301  0.05171914383874423
  0.06155703483917881  0.07093433264483544  0.08006539227884331  0.08980819683893271
  0.09999426791151669  0.11004912484969909  0.11946328393351563  0.12901093478722170
  0.13829917899052419  0.14780200183169176  0.15729073899660573  0.16698968075494960
  0.17667966850101388  0.18713239845920840  0.19857089924529395  0.20988549481067284
  0.21835242893399187  0.22760458634908737  0.23700630315466081  0.24619735628680384
  0.25521771247148545  0.26456947251254631  0.27469691353478576  0.28596747877580159
  0.29761674945089650  0.30885570887755404  0.32072987609435100  0.33194545869548103
  0.34338720128836470  0.35389924441047238  0.36417744176921352  0.37451832767247079
  0.38544010060177741  0.39679174990352262  0.40717693668809340  0.41747283917192352
  0.42791450557472677  0.43925977753385320  0.44955477100942204  0.45964533529692042
  0.46993348168617843  0.48084713046931066  0.49219397109401136  0.50324378880010001
  0.51385101973867264  0.52435018630718455  0.53525611209660651  0.54600993723396130
  0.55639067079220861  0.56606827648689828  0.57575585981266797  0.58551489195815354
  0.59516346170960466  0.60506113829862251  0.61501178282071389  0.62480159429091331
  0.63448785339458813  0.64412707738082509  0.65326128391034599  0.66218200808167782
  0.67075657155770385  0.67919967313810325  0.68748353305651366  0.69576773461692798
  0.70452763807297314  0.71430042457388210  0.72522030658898673  0.73572780884620148
  0.74590738119960220  0.75589059198701380  0.76693002557409307  0.77815400957749281
  0.78941896048559823  0.80068016589663771  0.81244651304712323  0.82499025580959806
  0.83777930993507421  0.85014585031450463  0.86221206923947491  0.87414893898893864
  0.88571661349743114  0.89657719521570844  0.90638170059659240  0.91530757184245515
  0.92348406025055352  0.93194789918698084  0.94082915292344138  0.94958773826455534
  0.95786420657891880  0.96580739643773517  0.97063349861565895  1.00000000000000000
  0.00932625493565028  0.01716818523642902  0.02599628451664999  0.03688859652078579
  0.04683795775057550  0.05666264641301250  0.06698415642527263  0.07788455865441968
  0.08788402374564244  0.09606653579927926  0.10390487724386342  0.11204690131909048
  0.12043348837752303  0.12903952945125235  0.13780906053409162  0.14723342768650283
  0.15828389949650978  0.16983748388643960  0.18175442053057594  0.19209688455535051
  0.20133979008418554  0.21047997121243950  0.22010635747043941  0.23029664858757995
  0.24055161809606321  0.25102354797182114  0.26220268087818421  0.27310444374440113
  0.28299942241749476  0.29331842136630637  0.30271046677103619  0.31148409904563140
  0.32075394419229397  0.33041915008947492  0.34115493115141227  0.35248945258702796
  0.36535617488569250  0.37781109137006125  0.38915028234133303  0.40011217329785942
  0.41121933663897720  0.42207908596198573  0.43235415690408630  0.44294282813334535
  0.45372780606070640  0.46464052798452810  0.47551978047740434  0.48603021796491652
  0.49610228292963554  0.50628656523455939  0.51690116830420907  0.52804266122432664
  0.53902956598221530  0.55014663807881392  0.56029641889864801  0.56970316181100533
  0.57898629807271462  0.58915054480086071  0.59944625159861153  0.60897557935763735
  0.61896963838625940  0.63042612341711524  0.64196473386005448  0.65229079355459174
  0.66256117635676570  0.67260905397495963  0.68195725795207629  0.69127748744857254
  0.70044863628332688  0.70943940269272165  0.71804803868135159  0.72623564639758775
  0.73488338990734514  0.74523893741613201  0.75736347317281416  0.77289112025381423
  0.78769090126163588  0.80146060545171693  0.81384611567651621  0.82521235393924985
  0.83574802710525486  0.84578125287638406  0.85546351161912160  0.86555643108235425
  0.87588728062264776  0.88656817856724990  0.89727803531594741  0.90732259450099240
  0.91704184560012625  0.92718314323692341  0.93805630430846476  0.94969980951280641
  0.96196673152059786  0.97459850352652055  0.98752937496443083  1.00000000000000000
 -0.00004700450358085  0.00056603099959746  0.00154280351201926  0.00302702862054617
  0.00491429118410537  0.00695975037287178  0.00982844257328109  0.01299504178883186
  0.01669315365723850  0.02055130330962541  0.02541917700104317  0.03087339709935924
  0.03623295928540371  0.04191681324488603  0.04758115125171698  0.05321347503698477
  0.05951796129786201  0.06636057181009908  0.07362779977897002  0.08108549717352898
  0.08899933067084226  0.09777500514868076  0.10766432474357024  0.11822893937115979
  0.12836951895244295  0.13781476642643717  0.14733873546715376  0.15785495883829187
  0.16831107734727874  0.17887404665459003  0.19056122348412768  0.20173538814522268
  0.21234627455843441  0.22302736306366852  0.23433341269980831  0.24672526755851415
  0.25847622845832585  0.27296071270507549  0.28700908220188515  0.30082619086278484
  0.31487245761712307  0.32824564860377942  0.34096954710008420  0.35320567724456320
  0.36515386239371661  0.37708647097348374  0.38903087778874196  0.40083005859053195
  0.41256844451056218  0.42418100876146492  0.43585756014999827  0.44781218354354557
  0.45960963440004715  0.47158778382071648  0.48365548240932105  0.49552736075945403
  0.50760804947174387  0.52041654052379194  0.53398763976929320  0.54689401876749144
  0.56067965510553841  0.57461665039718623  0.58839564264675559  0.60195117349113259
  0.61547745351033034  0.62909738221830658  0.64238343737039127  0.65541536638742004
  0.66824191646514020  0.68070264224550003  0.69445420643441080  0.70872966395259540
  0.72340646738563341  0.73828975773642602  0.75255773849246532  0.76622993577099985
  0.77961257890411539  0.79228765696435466  0.80424292956953947  0.81591767461675280
  0.82773236587233046  0.83952994280019011  0.85128054811283327  0.86343822495951716
  0.87594679012890131  0.88796206152845536  0.89968004724798201  0.91183035666026158
  0.92392957619363170  0.93557887543799556  0.94666403329715898  0.95743195763666566
  0.96831955165474848  0.97899952730199402  0.98946878273945171  1.00000000000000000
 -0.00198200342389514  0.00812845537667978  0.01770199847426694  0.02719299997970165
  0.03740957552059453  0.04771800402601614  0.05846833119300773  0.06842173981651095
  0.07814994314335387  0.08748013754468763  0.09711358087328778  0.10701336651509850
  0.11633184584967973  0.12522934593329535  0.13420634264099401  0.14372894375485734
  0.15412181821878207  0.16628324165512254  0.17886461798575171  0.19100924034548591
  0.20117581663759224  0.21121549947800963  0.22030218792623377  0.22931396333889731
  0.23793009296276790  0.24643081763582203  0.25489371033767394  0.26327094469849754
  0.27206802240601075  0.28071011994407369  0.28863609669884516  0.29648587971649548
  0.30465933992406430  0.31352193637768355  0.32320537230222629  0.33249745271811232
  0.34247562929856279  0.35300798393089006  0.36341530444284820  0.37340147849943878
  0.38280193610812130  0.39315754797413516  0.40385796351187314  0.41397143910972128
  0.42340778660376349  0.43297390218728704  0.44300352520955810  0.45346494867662707
  0.46388166054509428  0.47444052237950168  0.48529422738749067  0.49712633937404083
  0.50871344394177476  0.51999015163729501  0.53149469109215308  0.54256371332432418
  0.55375728131916591  0.56474138925683648  0.57567082468698805  0.58755712355770662
  0.59982648619390233  0.61204730450043965  0.62408089456205185  0.63640517540692954
  0.64851274106807821  0.66057932600387115  0.67337194221497954  0.68630226896826285
  0.69812742517758697  0.70939365127454801  0.72096016352339021  0.73213815846848618
  0.74313853218178183  0.75478510979617808  0.76756366665211284  0.77821542415194334
  0.78823855573567603  0.79909259620470596  0.80989405848125007  0.82006942698453422
  0.83032595029630307  0.84183382538012086  0.85368834423395179  0.86542929021380299
  0.87737158603516952  0.88971419331204882  0.90247333236246907  0.91443498188508332
  0.92581626233149072  0.93665507276737681  0.94762740481947616  0.95850435728837668
  0.96891319063024295  0.97884942958913368  0.98922182046896956  1.00000000000000000
 -0.00251122031013050  0.00997728938296215  0.02092764449956848  0.03305415964801415
  0.04430978923319329  0.05420018918183993  0.06349649397731427  0.07286442850435174
  0.08209893724844440  0.09138536910064521  0.10108709502086691  0.11147962273466841
  0.12241200643566506  0.13299970708812664  0.14337875480634238  0.15390342518284500
  0.16426535461974154  0.17372625001430764  0.18269720706978049  0.19114308412813633
  0.19996150873625573  0.20886965404767588  0.21787979120246173  0.22573475840065807
  0.23403402981044330  0.24340574895409131  0.25391877334353968  0.26493533223265570
  0.27583432758774784  0.28702552745419774  0.29869364014665961  0.31056256096727858
  0.32329733581004966  0.33596470731911715  0.34949393001630708  0.36304575536353173
  0.37666621776689191  0.39112469618288875  0.40418243948802868  0.41584361001181946
  0.42701108837712620  0.43908887461291701  0.45214535747166873  0.46477741320584159
  0.47640389595510191  0.48709360013120606  0.49713594472771538  0.50684279089261219
  0.51660859639059276  0.52704854491935282  0.53761846332427687  0.54779760581125514
  0.55802595506853836  0.56851410540157410  0.57918268766174630  0.58947535788951566
  0.59898330864137217  0.60810608334989380  0.61713309187993093  0.62632167785614834
  0.63592603660524316  0.64570238807832725  0.65536185551187198  0.66517627732218543
  0.67550039574701104  0.68609419316782960  0.69570559289325007  0.70557797048890780
  0.71572656659414724  0.72682387442978835  0.73770688416353458  0.74838140575938328
  0.75964136830253337  0.77093998882565862  0.78254912110504060  0.79403742975116831
  0.80502932531853910  0.81586920326468282  0.82654217541629238  0.83725117248218117
  0.84822548822995392  0.85866167393601456  0.86818509727738880  0.87743193094357463
  0.88649648220692623  0.89544632652395162  0.90427274843707617  0.91351631099395225
  0.92351648189709346  0.93382210260643062  0.94467104855051276  0.95533283901876664
  0.96583605777595483  0.97649142902040253  0.98785477220085538  1.00000000000000000
 -0.00192376270023533  0.00979901226447614  0.01911100456018520  0.02820904038401940
  0.03721195718052881  0.04627201554216263  0.05598488553995140  0.06587510194467820
  0.07718738205200312  0.08779813857595486  0.09786705314368419  0.10809622587165454
  0.11839821135196096  0.12865339527643316  0.13884008150093954  0.15010261746928624
  0.16433226376828236  0.17805115906641386  0.19066449445620109  0.20201254044072042
  0.21221260039534981  0.22177690601403566  0.23087392797365813  0.23967922980174811
  0.24843481780919241  0.25743698402571785  0.26679736548313715  0.27719656168277368
  0.28862646620774518  0.30043113836219931  0.31220943021694342  0.32294124894092030
  0.33321568067569624  0.34398415726016718  0.35428844122400083  0.36441436635775382
  0.37459378160264367  0.38584858027595986  0.39832707422264174  0.40901510718201090
  0.42183323194587802  0.43602790857315038  0.44803166908439096  0.45950398948856619
  0.47140235059848667  0.48374506477711532  0.49465989292025692  0.50475003820378384
  0.51476856817821470  0.52438601091812853  0.53414859924745162  0.54445997282043124
  0.55516498487227972  0.56580455810228514  0.57572014247452152  0.58497885097188718
  0.59437589484425923  0.60385690931132296  0.61256629355816716  0.62076868374715288
  0.62915098106731104  0.63772742612390687  0.64664938603468702  0.65551197707659536
  0.66378176755244667  0.67301417746057601  0.68422350307235169  0.69690107101411303
  0.70913257960218556  0.71868928556732470  0.72733513979276954  0.73663773075838990
  0.74663858713832809  0.75716333995302687  0.76686909649398738  0.77847849709198291
  0.79104277698746717  0.80300193495554939  0.81474949818293385  0.82561536562541049
  0.83609934688996046  0.84656781742435183  0.85741335782988082  0.86930773113517779
  0.88062506123427564  0.89143325131908924  0.90208317698158913  0.91251566791715277
  0.92310234757938681  0.93314604793264921  0.94413047873393574  0.95540249572423974
  0.96681290436824274  0.97726590441338879  0.98875788370273332  1.00000000000000000
 -0.00900643351673104  0.07351484059059836  0.12908545919392675  0.16861432784818428
  0.19816145457093334  0.22058956004816854  0.24095043211370423  0.25804966940557350
  0.27278300668934641  0.28665155475511495  0.29812860527749607  0.30834080699120769
  0.31819025361524039  0.32725581120943276  0.33517318791398215  0.34237044495792351
  0.34911914674059169  0.35602434408332434  0.36268130828646300  0.36923042556717794
  0.37583045830038686  0.38249641801225093  0.38858748869964216  0.39429453825369692
  0.39991831676355943  0.40557661238384735  0.41124097850994634  0.41678747399460997
  0.42212596616422471  0.42704575215832530  0.43249219524697990  0.43804109143492159
  0.44338866331555749  0.44840939582753847  0.45352705610796229  0.45813636145944658
  0.46228756068746940  0.46622534470586097  0.47007358828754808  0.47391678249357155
  0.47780816074861993  0.48168101951043379  0.48545194231631794  0.48919402907035897
  0.49303713554533707  0.49681574794864924  0.50070790554333144  0.50425385988741545
  0.50776038298542436  0.51130362380881966  0.51482056119881725  0.51819407086629909
  0.52156883402801768  0.52507589740810123  0.52880278468729092  0.53269000695506508
  0.53651527273197086  0.54012822116413028  0.54362312447921801  0.54708684016348752
  0.55067489253807589  0.55434565500399613  0.55816930327362280  0.56217334834076615
  0.56637603938964354  0.57073557330518299  0.57510286034530378  0.57955475639607190
  0.58412937351341465  0.58891319480198911  0.59392721798137527  0.59917543435821685
  0.60449964227051278  0.60990928818642276  0.61530411679278862  0.62069747969153632
  0.62643769948365913  0.63265068318172768  0.63931917614847944  0.64636172785484536
  0.65365503157483096  0.66051992941548010  0.66773135377479786  0.67594947209421530
  0.68542704324220827  0.69572544535313297  0.70653055324006753  0.71815654727224498
  0.73092873200067621  0.74487880409530050  0.76145757605760656  0.78260811537846331
  0.81009961032856626  0.84408745566240873  0.90198590992407879  1.00000000000000000
 -0.00289018357035652  0.01072861461562157  0.02277278864412869  0.03512450340748161
  0.04789970703449854  0.05993256771328231  0.07033519859110288  0.07944379919265024
  0.08828031662223058  0.09734173986939536  0.10662351960450660  0.11571268713432485
  0.12493371118245496  0.13465114058774189  0.14462847053735009  0.15494860031120317
  0.16607231772915368  0.17726102838181396  0.18775756989531717  0.19787598934951869
  0.20754293609601482  0.21734666705047309  0.22684106744387941  0.23696750901764729
  0.24843044373100062  0.26002072524114750  0.27092285406973121  0.28154455524482791
  0.29103095886621477  0.30260552935722779  0.31418152243507130  0.32583463129228457
  0.33740610983976904  0.34902731645164736  0.36056305490029017  0.37205611921779619
  0.38227905299696391  0.39192748089268126  0.40188784411616579  0.41218313765197706
  0.42235092029164562  0.43260293308614756  0.44315678407173670  0.45345153230960722
  0.46267474144336246  0.47164753707106299  0.48126736273759363  0.49149479865856210
  0.50244647626774197  0.51259132153116860  0.52299769225218573  0.53394369517580953
  0.54470215226079799  0.55395803139802613  0.56241078063610561  0.57081706584587200
  0.57927576027247363  0.58806730847329791  0.59757696321724063  0.60772273631134976
  0.61832709219887882  0.62905667936922416  0.64028560077169328  0.65234765270044359
  0.66489628787105748  0.67727831916467718  0.68933899645813645  0.70128824499270725
  0.71326304716780731  0.72449413595388312  0.73618335053270856  0.74892339711063838
  0.75958718040608797  0.76920206165330030  0.77796373006689812  0.78688193239043969
  0.79650186292017189  0.80675590203164105  0.81773385916361474  0.82886142141684782
  0.84174502456518407  0.85525132741318410  0.86877951296137335  0.88145992757004210
  0.89283884124242308  0.90335470235483173  0.91370443255452038  0.92401465336080713
  0.93473255536552080  0.94401724717939772  0.95298436524202190  0.96216634069433582
  0.97228713212607398  0.98169335619764864  0.99093141357206005  1.00000000000000000
  0.09876972774179114  0.12579239690107080  0.14406558156901506  0.16027623010787498
  0.17464911018900622  0.18822323867984211  0.20120180335443227  0.21393586311864546
  0.22558635763217183  0.23786949299689311  0.25046371180424737  0.26460495865341932
  0.28018890728700652  0.29690998417410730  0.31405929554524709  0.33125794007010417
  0.34549311933958954  0.35731297322283556  0.36739645577708585  0.37866871650075434
  0.38962029397729225  0.39985369368486656  0.41004010956266351  0.42020501315752129
  0.43000187862208145  0.43977082207058821  0.44940654600680008  0.45880837249428685
  0.46811118257825068  0.47723674613762712  0.48591557976287164  0.49429906719297295
  0.50284945050574692  0.51183429793673429  0.52162709805237639  0.53011748483330545
  0.53850456835417282  0.54699108213328429  0.55563647223445101  0.56423044495442543
  0.57244627461674491  0.58120701203392289  0.59060210397891044  0.60002843463771083
  0.60895172814952980  0.61713153768156537  0.62468984653558324  0.63180534903850072
  0.63873293659773145  0.64607640965922630  0.65258830893836339  0.65919855168315145
  0.66552004236646278  0.67132201713100303  0.67683554105858057  0.68235556780076434
  0.68785456813238754  0.69348773401931829  0.69918142450804643  0.70489430051754376
  0.71100715539440018  0.71755804161678627  0.72440055529683212  0.73146450310749500
  0.73866147140837801  0.74578744815799092  0.75225759854241492  0.75808181400258723
  0.76392438941706853  0.76971222653965876  0.77534184817092311  0.78087609453889761
  0.78651684526639754  0.79244074067718528  0.79857521943912635  0.80454138507871575
  0.81041406979776942  0.81646802916189520  0.82268377688036287  0.82888355894658639
  0.83519059190318901  0.84156489916361699  0.84817406695975139  0.85493399448651120
  0.86287704165372814  0.87076927161769324  0.87822783763263657  0.88554788388622974
  0.89307859210689167  0.90152267920861928  0.91122918506510375  0.92184055373690121
  0.93325638178350379  0.94605888243907721  0.96498134051415996  1.00000000000000000
 -0.02025669353690766  0.10895141390697119  0.14158431965192325  0.16454040356926916
  0.18227575719177677  0.19809594414533416  0.21303702389806850  0.22712939229837786
  0.23960867399270611  0.25049463341162065  0.25931280972329857  0.26711271168413891
  0.27459923542326065  0.28284410505506236  0.29230878812346039  0.30132077695157511
  0.30979461789204876  0.31851240644769219  0.32681813768718099  0.33466007346013571
  0.34163136757752749  0.34830199913451565  0.35504134487012479  0.36178148840227664
  0.36871323337168077  0.37585112997446063  0.38279068080310485  0.38960425131660298
  0.39654216093138311  0.40343231106546951  0.41034861464822103  0.41627445317618839
  0.42213264729151734  0.42811148265152915  0.43425848100199332  0.44037126708171320
  0.44612607956740996  0.45165254907175695  0.45702520306335898  0.46209729529493726
  0.46697144782680577  0.47213356730118117  0.47718841670732698  0.48211159620418031
  0.48703806328026344  0.49197222264563906  0.49748441108811731  0.50290499809783828
  0.50818781768436894  0.51321123156152260  0.51814426292440430  0.52304814404508859
  0.52792970326947897  0.53299051808206488  0.53838105426934457  0.54368885040132753
  0.54868452347450825  0.55328832562384733  0.55782440456985871  0.56276090060527462
  0.56842687033317607  0.57488680250323176  0.58129999337378069  0.58736108514874874
  0.59341690156253979  0.59954396504343743  0.60596648357549920  0.61285426760634587
  0.61998364315157162  0.62685859946213496  0.63324345087664879  0.63942191221698230
  0.64563043788841079  0.65166795030195079  0.65775239985644351  0.66393639971301077
  0.66985585523155144  0.67610653969831080  0.68273659431186640  0.69020553520567995
  0.69804291698528875  0.70537470490623788  0.71419105440254871  0.72374865492569052
  0.73350015153218517  0.74323086610731248  0.75300029992518103  0.76329955773481672
  0.77433947468365016  0.78606552475670077  0.79897709278341589  0.81387074348406729
  0.83196486164764960  0.85486976186972785  0.88739990921663192  1.00000000000000000
   1.6756278635973516E-012  -1.0000000000000000     
 F F F F F F F F F F F F F F F F F F F F F F F F F F F F F F F F F F F F F F F F F F F F F F F F F F F F F F F F F F F F F F F F F F F F F F F F F F F F F F F F F F F F F F F F F F F F F F F F F F F F F F F F F F F F F F F F F F F F F F F F F F F F F F F F
  <DiscreteSampler_grid>
  grouped_processes
  1 # 1 for a reference and 2 for a running grid.
  10 # Attribute 'min_bin_probing_points' of the grid.
  1 # Attribute 'grid_mode' of the grid. 1=='default',2=='initialization'
  0.0000000000000000 # Attribute 'small_contrib_threshold' of the grid.
  0.5000000000000000 # Attribute 'damping_power' of the grid.
 # binID   n_entries weight   weight_sqr   abs_weight
    19   10   1.253468210311921E+001   7.149417119179536E+002   1.253468210311921E+001
    20   10   1.253468210311922E+001   7.149417119179552E+002   1.253468210311922E+001
  </DiscreteSampler_grid>
