  0.00000251005252804  0.00000263322808639  0.00000276395112685  0.00000291310199670
  0.00000307381829424  0.00000326328264940  0.00000350208582154  0.00000376850301673
  0.00000406040783614  0.00000437307347638  0.00000471052455160  0.00000508352209749
  0.00000549591555056  0.00000594283056598  0.00000642720078636  0.00000694518541167
  0.00000749005908158  0.00000805697071649  0.00000863482600284  0.00000923150072041
  0.00000986326090111  0.00001053516003775  0.00001122043692092  0.00001192537323949
  0.00001265796080501  0.00001343499568977  0.00001424822659878  0.00001509573290908
  0.00001597344967889  0.00001687182518657  0.00001779428212906  0.00001873292518530
  0.00001968258383110  0.00002067165432831  0.00002173125128632  0.00002286183944708
  0.00002402536663837  0.00002518610774553  0.00002635579034657  0.00002756413676436
  0.00002884014387279  0.00003017879477076  0.00003160247392706  0.00003310303668501
  0.00003463254706004  0.00003609527366763  0.00003764248985821  0.00003921661603950
  0.00004090379820332  0.00004272937001153  0.00004462083631992  0.00004664974711642
  0.00004880207260036  0.00005105938144951  0.00005337470651418  0.00005575510551136
  0.00005825039646920  0.00006089759020543  0.00006368794821871  0.00006658301125340
  0.00006961132345366  0.00007287710408707  0.00007609202713849  0.00007942846848682
  0.00008281000635362  0.00008626471376657  0.00008990441146954  0.00009380340222100
  0.00009803843375849  0.00010264728382337  0.00010782670790076  0.00011331396115698
  0.00011921938640783  0.00012572574843508  0.00013279832878454  0.00014038197451482
  0.00014851495297953  0.00015748962568134  0.00016725837554296  0.00017817674538416
  0.00019049778599900  0.00020410069578561  0.00021931860050390  0.00023608500353381
  0.00025514136298850  0.00027797912040031  0.00030699548125462  0.00034548770447980
  0.00039615850218977  0.00046370421880623  0.00055753431555489  0.00070549540571552
  0.00101187010458539  0.00176731694512937  0.03575358812842369  1.00000000000000000
  0.00000228242363051  0.00000286046285577  0.00000331848921541  0.00000378249929336
  0.00000426861977337  0.00000477778624303  0.00000530932795873  0.00000586525875906
  0.00000644117534156  0.00000703152452445  0.00000763424898999  0.00000825505976400
  0.00000889434729750  0.00000955820085465  0.00001024280555210  0.00001094683342116
  0.00001165817031290  0.00001237226778717  0.00001309405603671  0.00001385261400002
  0.00001464830017046  0.00001549006169010  0.00001635180598660  0.00001722536722142
  0.00001811342377193  0.00001901674820490  0.00001992643802941  0.00002085228228568
  0.00002181289139297  0.00002281927813913  0.00002387972501791  0.00002499498802094
  0.00002617184502007  0.00002740107396694  0.00002866458003536  0.00002997257101776
  0.00003137254373660  0.00003286216347862  0.00003433673023763  0.00003575704926725
  0.00003719118046128  0.00003866236656146  0.00004020841288335  0.00004183686767582
  0.00004353439106789  0.00004526267323424  0.00004704141725002  0.00004893331530224
  0.00005097624997385  0.00005313972090078  0.00005535058833170  0.00005758814271002
  0.00005980420273629  0.00006214651048501  0.00006468964669811  0.00006735702539015
  0.00007009608709066  0.00007290477939583  0.00007577141971655  0.00007880231384212
  0.00008202045972552  0.00008546748040598  0.00008922345102080  0.00009311354842489
  0.00009715976815096  0.00010145554901876  0.00010603347094513  0.00011091699332121
  0.00011612127296987  0.00012179379972088  0.00012798782162727  0.00013456404950048
  0.00014121798377413  0.00014812044778353  0.00015529753342902  0.00016370256461260
  0.00017334650371058  0.00018342454480646  0.00019416184477743  0.00020620338847781
  0.00021992936489511  0.00023556076057862  0.00025379719016388  0.00027551108429102
  0.00030122776247710  0.00033147048091302  0.00037075723618644  0.00042187017406257
  0.00048804173855266  0.00058300789279074  0.00073569509544217  0.00102070165445473
  0.00205235013635837  0.02169780271073909  0.16055598258438014  1.00000000000000000
 -0.00204112578019417  0.00828570295646695  0.01816837765645948  0.02816628105972108
  0.03852098604192315  0.04876505052829953  0.05941309961470233  0.06962944175105826
  0.07989017381467114  0.09005088605607543  0.10027867257370648  0.11074870224173355
  0.12135619384976651  0.13211828482299631  0.14299242624009820  0.15390901566913839
  0.16503936758410365  0.17598346946568669  0.18675724977835478  0.19713868625693926
  0.20765732365525191  0.21759897191256494  0.22747771061795333  0.23807960761626157
  0.24888585722824796  0.25945420204214259  0.26908184392950735  0.27874868972374417
  0.28868704039312221  0.29870710812575896  0.30901143728361391  0.31968159680756880
  0.33007074097226213  0.34051320487433412  0.35107017202945529  0.36177530185393891
  0.37224247367176699  0.38289456194566818  0.39344757882830633  0.40400621217695820
  0.41435015478971582  0.42502344995717234  0.43599772357325645  0.44711133057883923
  0.45811082778291323  0.46867221636754980  0.47938959741733767  0.48979014097709922
  0.50046410700707489  0.51093410247346116  0.52167580966698224  0.53273147772290397
  0.54382287457338285  0.55500472026196934  0.56604069443305272  0.57693765402879360
  0.58766009135739394  0.59840981575191321  0.60897958784412898  0.61918423435410341
  0.62930230870743309  0.63950749119872574  0.65014886932550864  0.66085356419638763
  0.67181660546713107  0.68254677437423017  0.69324819968343199  0.70374818233507275
  0.71417250864894044  0.72473240816935525  0.73535865160249070  0.74598985858904310
  0.75670162321907031  0.76677523848524087  0.77708935965093506  0.78709156301431515
  0.79756021739993843  0.80809566379623510  0.81907957989341451  0.83005693921951706
  0.84102430387904914  0.85056342365281223  0.86044652551234468  0.87059330465733420
  0.88147031801670261  0.89231541075291665  0.90244598025497558  0.91261432718086533
  0.92305035106158595  0.93398894714625547  0.94537289708933481  0.95630196980123694
  0.96737465445064663  0.97826960653999273  0.98933246745279890  1.00000000000000000
  0.00009466842099410  0.00010881432380060  0.00023086618994038  0.00035661026242080
  0.00048264858253232  0.00061009542927762  0.00074510271585017  0.00088827265037192
  0.00104098580941053  0.00120553936633547  0.00137212419497418  0.00153907698265655
  0.00170864919955480  0.00188891648834855  0.00208418275397519  0.00228775237687153
  0.00249857017263253  0.00271677925505914  0.00294301242846901  0.00317793902094324
  0.00342148019229276  0.00367339327918741  0.00393270045097021  0.00420162829774683
  0.00448154628967401  0.00477170370619173  0.00507156536601165  0.00538181694532128
  0.00570367898574836  0.00603732329969114  0.00638022077391083  0.00673533937956025
  0.00710411571363226  0.00748375412005189  0.00787666514144666  0.00828025258993857
  0.00869460330526547  0.00911830915085058  0.00955431340021126  0.01000193604492410
  0.01045661632799542  0.01091875230416361  0.01140656623450307  0.01191568798827999
  0.01244088044033928  0.01298177218370410  0.01354097062618144  0.01412274118303692
  0.01470739612938121  0.01529977195578999  0.01592823212850182  0.01658196347091174
  0.01724242246245015  0.01791121713997916  0.01860792351567532  0.01933732134384770
  0.02009218571174919  0.02086276147575123  0.02163241290032976  0.02242438597885658
  0.02323131764282970  0.02409392583736261  0.02500495788108221  0.02595131298620242
  0.02690698563594665  0.02786756373016776  0.02880436929175691  0.02976036169183665
  0.03089035783889551  0.03215014418196985  0.03335889460847104  0.03457592175626136
  0.03586637895101647  0.03727411903791088  0.03876437825256705  0.04026653684035604
  0.04184128246782833  0.04355868792117450  0.04536047586029225  0.04726413203909167
  0.04942532226978621  0.05174817932772852  0.05435276855597927  0.05711773083761806
  0.05999514306456707  0.06341009563247266  0.06718192294768804  0.07169039221965626
  0.07726680186935014  0.08379296002874408  0.09199932089376672  0.10445496831373598
  0.12560306273521077  0.26108377906819996  0.65675163121113656  1.00000000000000000
 -0.00237495333190948  0.00914471399254870  0.01896358377598535  0.02952652906950386
  0.03956457665949553  0.04991566453600185  0.06025160730238365  0.07048990671031964
  0.08068060725305069  0.09098167991808616  0.10126645334453269  0.11170306676403781
  0.12188312153061300  0.13211170583420934  0.14242670084501843  0.15301508936205860
  0.16372951535447100  0.17419668407094660  0.18446980676581937  0.19474147548551285
  0.20502043213383439  0.21509870420794561  0.22507368791926755  0.23496846673963914
  0.24469848511472556  0.25436547413883642  0.26380821416401956  0.27357896074364063
  0.28347138715402687  0.29382497796624851  0.30445405152008737  0.31512741061717964
  0.32605176853509010  0.33702966503116949  0.34822272908630186  0.35855013353292953
  0.36863294909190397  0.37886978459988013  0.38990606572593267  0.40089081585533021
  0.41240037152576819  0.42430846501353786  0.43658893328557086  0.44855139602183897
  0.46078456159417663  0.47337559135628116  0.48579645276942496  0.49803392000012869
  0.51018050439356644  0.52173103526260867  0.53351217759139113  0.54587090032698771
  0.55850700064778425  0.57050079387032182  0.58191310202066715  0.59278042186707547
  0.60407394929918634  0.61508008170748807  0.62587836191893653  0.63629948256631108
  0.64626050235607835  0.65616009181535095  0.66592958117259271  0.67532329191929863
  0.68476757111243980  0.69403528758195210  0.70349309875553034  0.71310833193544054
  0.72329892703124066  0.73412274402942013  0.74471319025441074  0.75492704648538855
  0.76494396658768371  0.77503218436290733  0.78540601351999628  0.79534110287553694
  0.80540935136541381  0.81567767279374703  0.82588400141660590  0.83625901145743786
  0.84683159421062759  0.85747846253453108  0.86800466677179444  0.87848113293755303
  0.88843938100490660  0.89851446340489349  0.90851082705595454  0.91857945031859534
  0.92895754147185727  0.93881861346659090  0.94905990581771782  0.95937684379423005
  0.96970930823773516  0.97992733566831380  0.98987743951711016  1.00000000000000000
  0.01068908614839185  0.26268755638660168  0.34492490409065629  0.37001797859032098
  0.38274302507048424  0.39246313396389199  0.40168418833713876  0.41088643761134919
  0.42054589224953726  0.43004143521426519  0.43978244096629748  0.44878601167635218
  0.45706500080216705  0.46486867005515559  0.47276287474192719  0.48035616796735742
  0.48766022974303863  0.49516295723918957  0.50280115722220253  0.51083158376370152
  0.51912029502232560  0.52747940584376207  0.53622369714690488  0.54462836627762534
  0.55199324001334260  0.55878388117758027  0.56568077381765980  0.57352250027922524
  0.58190519006536034  0.59024129614328402  0.59891441921126021  0.60890583871213499
  0.61936173546010531  0.62978173504245416  0.63957879059227674  0.64905159849776162
  0.65855127620839515  0.66791323896694355  0.67791598287202892  0.68861918854857851
  0.69975644206995391  0.71089623414753922  0.72163859536196451  0.73269349688747720
  0.74405037695717702  0.75470259809556406  0.76599286878492068  0.77742159218856866
  0.78996153939755576  0.80237690422839902  0.81404273900668678  0.82549367965136355
  0.83649644801029133  0.84709092020075827  0.85692519080136598  0.86658556918672780
  0.87582780914935410  0.88427504550843306  0.89190134254393449  0.89900294614682519
  0.90572306458549368  0.91217717387669384  0.91807847936280373  0.92357007123210744
  0.92882775353696101  0.93383814351053251  0.93846395281376527  0.94268750725332107
  0.94666487840149582  0.95041097901707827  0.95395053589432588  0.95731222008453243
  0.96045220096728168  0.96339557637057383  0.96617995232107778  0.96878088914520621
  0.97122498889229592  0.97353335998134638  0.97572332364952508  0.97780057371996643
  0.97975564242455004  0.98158005380309621  0.98328372669833375  0.98489992144923444
  0.98642154585172692  0.98785994174970437  0.98921615911263072  0.99049093573795854
  0.99169510164893826  0.99284602750804762  0.99395314776674504  0.99502404383469056
  0.99607027839791640  0.99712225539289190  0.99845839986517637  1.00000000000000000
 -0.03359095021823001  0.14009239038422197  0.18620811790800343  0.21379356133843636
  0.23521729770872557  0.25356059332543213  0.26980558670226834  0.28461226449796190
  0.29843917546462179  0.31113026463112026  0.32287333889433950  0.33388180507013993
  0.34448378614014047  0.35491649923858060  0.36518950038040449  0.37506992316056254
  0.38447539812139497  0.39355035464709970  0.40224409745916223  0.41062706221340334
  0.41882682353274292  0.42679205810616228  0.43439904110782196  0.44168246671942751
  0.44891256863462631  0.45627916933333801  0.46376067123818532  0.47119097437969171
  0.47855590077966631  0.48573112144679420  0.49257339470660189  0.49902626720807636
  0.50525098108923538  0.51147770989309538  0.51796342501925141  0.52465623219236046
  0.53138509033865444  0.53798409914834333  0.54430852441845445  0.55055341633518451
  0.55684724300116306  0.56310399038168768  0.56923093229650057  0.57519528791681473
  0.58105254548375396  0.58668729281596044  0.59205283401566899  0.59739888687242482
  0.60295424759291938  0.60879521615296184  0.61465375484015827  0.62041286481264113
  0.62607531469289190  0.63173377582848389  0.63741023565193244  0.64310878076295708
  0.64873728741656633  0.65423740353461346  0.65956722054009720  0.66500969127333209
  0.67040113293003833  0.67556409114628202  0.68060539106264317  0.68553760424045673
  0.69052910632048337  0.69596101659799237  0.70137345562675224  0.70677893469930486
  0.71243152904236240  0.71786029907637239  0.72349457770055381  0.72943853051324148
  0.73560130178395189  0.74152324537347669  0.74747489555932978  0.75340846328719224
  0.75932907900529145  0.76528705514782935  0.77111901936616778  0.77696699995836571
  0.78304341981393166  0.78932586689938544  0.79586038785591229  0.80226437720149169
  0.80831085731405139  0.81447339802013952  0.82106264117036976  0.82877420481285724
  0.83790619088025398  0.84755459342394990  0.85768652313278704  0.86872149589893310
  0.88110957807628110  0.89689455968081999  0.91956778709402276  1.00000000000000000
   1.1637401295165090E-007  -1.0000000000000000     
 F F F F F F F F F F F F F F F F F F F F F F F F F F F F F F F F
  <DiscreteSampler_grid>
  grouped_processes
  1 # 1 for a reference and 2 for a running grid.
  10 # Attribute 'min_bin_probing_points' of the grid.
  1 # Attribute 'grid_mode' of the grid. 1=='default',2=='initialization'
  0.0000000000000000 # Attribute 'small_contrib_threshold' of the grid.
  0.5000000000000000 # Attribute 'damping_power' of the grid.
 # binID   n_entries weight   weight_sqr   abs_weight
    109   10   6.706695896257067E+005   4.490701002885927E+012   6.706695896257067E+005
    112   10   1.720169485460607E+006   2.954402857878741E+013   1.720169485460607E+006
    113   10   1.720169485461486E+006   2.954402857881762E+013   1.720169485461486E+006
    115   10   1.720212647398479E+006   2.954448798519229E+013   1.720212647398479E+006
    116   10   1.720212647399358E+006   2.954448798522251E+013   1.720212647399358E+006
    118   10   1.343469248052943E+006   1.794427491829739E+013   1.343469248052943E+006
    119   10   1.343469248053629E+006   1.794427491831576E+013   1.343469248053629E+006
    127   10   1.720471610573829E+006   2.950281499760270E+013   1.720471610573829E+006
    128   10   1.720471610574709E+006   2.950281499763293E+013   1.720471610574709E+006
    130   10   1.719025872140679E+006   2.950325921160861E+013   1.719025872140679E+006
    131   10   1.719025872141558E+006   2.950325921163881E+013   1.719025872141558E+006
    133   10   1.103136969731961E+006   1.214938464750426E+013   1.103136969731961E+006
    136   10   1.720471610573829E+006   2.950281499760269E+013   1.720471610573829E+006
    137   10   1.720471610574709E+006   2.950281499763293E+013   1.720471610574709E+006
    142   10   2.210082832188231E+006   4.850655843937694E+013   2.210082832188231E+006
    143   10   2.210082832189358E+006   4.850655843942661E+013   2.210082832189358E+006
    145   10   1.719025872140678E+006   2.950325921160860E+013   1.719025872140678E+006
    146   10   1.719025872141558E+006   2.950325921163881E+013   1.719025872141558E+006
    151   10   6.706695896257067E+005   4.490701002885927E+012   6.706695896257067E+005
    154   10   1.720169485460607E+006   2.954402857878741E+013   1.720169485460607E+006
    155   10   1.720169485461486E+006   2.954402857881762E+013   1.720169485461486E+006
    157   10   1.720212647398479E+006   2.954448798519229E+013   1.720212647398479E+006
    158   10   1.720212647399358E+006   2.954448798522251E+013   1.720212647399358E+006
    160   10   1.103136969731961E+006   1.214938464750426E+013   1.103136969731961E+006
    181   10   2.206221114079866E+006   4.859706283417005E+013   2.206221114079866E+006
    182   10   2.206221114080994E+006   4.859706283421980E+013   2.206221114080994E+006
    193   10   2.204169066703730E+006   4.850573085436958E+013   2.204169066703730E+006
    194   10   2.204169066704858E+006   4.850573085441927E+013   2.204169066704858E+006
    208   10   2.206221114079866E+006   4.859706283417005E+013   2.206221114079866E+006
    209   10   2.206221114080994E+006   4.859706283421980E+013   2.206221114080994E+006
    214   10   6.706695896257067E+005   4.490701002885927E+012   6.706695896257067E+005
    238   10   1.103136969731961E+006   1.214938464750426E+013   1.103136969731961E+006
    256   10   6.706695896257062E+005   4.490701002885924E+012   6.706695896257062E+005
    265   10   1.103136969731961E+006   1.214938464750427E+013   1.103136969731961E+006
  </DiscreteSampler_grid>
