  0.00009880365068306  0.00012270363581453  0.00013491520669282  0.00014528069956846
  0.00015469004228723  0.00016513399689270  0.00017439386342350  0.00018281244366172
  0.00019039214866711  0.00019732221740872  0.00020389995960347  0.00020995693583053
  0.00021543184039634  0.00022144063023735  0.00022783739124046  0.00023463226304132
  0.00024217241570856  0.00025047409596804  0.00025960267132820  0.00026911312805204
  0.00027766164449648  0.00028539557717720  0.00029275804233321  0.00030018686827762
  0.00030761271602394  0.00031590578940626  0.00032504151187981  0.00033438165869324
  0.00034324287659645  0.00035161099582240  0.00036044413631820  0.00036982830817738
  0.00037904479698598  0.00038819720297411  0.00039611050803683  0.00040352672245303
  0.00041093950978751  0.00041825888153293  0.00042416425203221  0.00043035639189940
  0.00043780465007089  0.00044630107374862  0.00045433583612543  0.00046239866360974
  0.00047097403707801  0.00048043448737349  0.00049256078481723  0.00050611232159685
  0.00052043472197000  0.00053468811596911  0.00054667007548042  0.00055570772696975
  0.00056280878865453  0.00056952083694515  0.00057555683554914  0.00058291020714403
  0.00059299032427011  0.00060589469387990  0.00062001914544990  0.00063508307349168
  0.00065262420531806  0.00067440166305244  0.00068977419023923  0.00070022967248070
  0.00070978617837715  0.00071875736253977  0.00072863837195689  0.00073795647187764
  0.00075589447539101  0.00078103410499156  0.00080497392675878  0.00082646858858074
  0.00084689983230556  0.00086868028827968  0.00089564240870721  0.00093104862217201
  0.00098044877641676  0.00103400840170391  0.00107594149634638  0.00111846961078336
  0.00116121809055680  0.00120392486633807  0.00126670507794502  0.00136166142976931
  0.00147655074279120  0.00162021583849182  0.00175867571992808  0.00190984312498873
  0.00208372164591772  0.00224784415762409  0.00248660300235368  0.00279982704496310
  0.00322128027517794  0.00436300334153165  0.49922730353395972  1.00000000000000000
  0.00000221561355278  0.00000358144484152  0.00000459833836660  0.00000580702330483
  0.00000700746081520  0.00000822410135671  0.00000943557868724  0.00001064447007883
  0.00001193772904372  0.00001305116060897  0.00001436474131043  0.00001561588256648
  0.00001673442561194  0.00001793026697704  0.00001922408990124  0.00002058790781644
  0.00002197327239925  0.00002365084893861  0.00002562848394196  0.00002782875725673
  0.00002996053118665  0.00003192029236123  0.00003364927175929  0.00003528806791027
  0.00003705605601120  0.00003904719032603  0.00004126931452877  0.00004344846731597
  0.00004540024355333  0.00004717309039898  0.00004896138261388  0.00005094634067851
  0.00005306670330959  0.00005485264041035  0.00005670916464822  0.00005852812452112
  0.00006049683428412  0.00006234729921138  0.00006430928943714  0.00006638303772378
  0.00006838873080811  0.00007048688904733  0.00007246926264969  0.00007449312775354
  0.00007682525144902  0.00007926702045374  0.00008143615855184  0.00008319382635966
  0.00008479599060690  0.00008652426479821  0.00008816603337579  0.00008991476461929
  0.00009173898067284  0.00009383184281109  0.00009642982786135  0.00009937536690511
  0.00010211452416049  0.00010461455601978  0.00010713604970055  0.00010974981135269
  0.00011273149915740  0.00011628341002523  0.00012011571206799  0.00012480184104817
  0.00012954609569187  0.00013444624060410  0.00013941918860132  0.00014380773294423
  0.00014896472687530  0.00015310484198851  0.00015685783746075  0.00016143796437023
  0.00016747758071554  0.00017483532238439  0.00018248684982560  0.00019168944015289
  0.00020219226585363  0.00021332911323146  0.00022555809861767  0.00023784679393119
  0.00025254267494701  0.00026734336466882  0.00028319521861411  0.00029944231919570
  0.00031758028616956  0.00033946645004775  0.00036748600284787  0.00041112602974434
  0.00046868387251683  0.00052524831919924  0.00059013849710298  0.00069973339126901
  0.00091073511984013  0.00155664663163598  0.02160563665439254  1.00000000000000000
 -0.00126703286213548  0.00373844080691549  0.00901144468767070  0.01390836416370624
  0.01852293843000006  0.02303170201264396  0.02673573953401837  0.03085089336301779
  0.03540617083057777  0.03962256808528845  0.04438970401950180  0.04789327488794869
  0.05120675818844906  0.05452897248009921  0.05809067676540621  0.06361682627141693
  0.06984739139183761  0.07564732137150849  0.08102530502322962  0.08633999514341370
  0.09144392109635996  0.09601431682945652  0.10006854300661598  0.10402448011633487
  0.10815494789397063  0.11281013945340689  0.11820448181977963  0.12375630998263709
  0.12889866999874738  0.13310793194012896  0.13673020500718600  0.14080562220552567
  0.14628408506820798  0.15211606802999500  0.15759615013258196  0.16291951803096805
  0.16836801521319836  0.17430257901661517  0.18000149000087878  0.18656985034445644
  0.19385096653680936  0.20094949077132154  0.20874501281580438  0.21658385867311181
  0.22358649870464545  0.23062177121866140  0.23740480713109946  0.24331171450233308
  0.24974748692475643  0.25634139438336301  0.26290457031777908  0.26907664046907187
  0.27476738639173359  0.27992834786456677  0.28458345442497529  0.28938072987112279
  0.29524555951670645  0.30257648673985726  0.31097124435420986  0.31971869485242943
  0.32817676824143366  0.33711165765397538  0.34620625094170704  0.35446675494825564
  0.36094133398206213  0.36735748806255214  0.37422408264412416  0.38045769652681610
  0.38672262975612032  0.39272316542712365  0.40010621987403577  0.40979992525576081
  0.42034313601995305  0.42941622787997336  0.43988248756504000  0.45008467673124175
  0.46006077389064015  0.47218866054470865  0.48500686564541390  0.49634820455696471
  0.50844461561195975  0.52190274255051650  0.53561036525335881  0.54985233102676212
  0.56655072669384876  0.58367761979234967  0.59986116237686016  0.61694784964085181
  0.63573905612083592  0.65780190231461966  0.68336371773038140  0.71775383429539397
  0.76696088277150387  0.81659401602039039  0.87910371868776682  1.00000000000000000
 -0.00329114818102604  0.01247234218173584  0.02270653698628445  0.03170831989123924
  0.04007175518263920  0.04846065631371942  0.05759409236226986  0.06785726975047564
  0.07918318294020719  0.08959383813833864  0.10014157969361959  0.11189622979966168
  0.12370907519741448  0.13487329595073905  0.14548177978535359  0.15857822741232333
  0.17273828150475257  0.18693761918465018  0.20196140955836758  0.21490455668427361
  0.22551229347059698  0.23474904833408949  0.24432176094034422  0.25643080706574239
  0.27044674202917590  0.28455508700225485  0.29662827199034419  0.30924084417072306
  0.32279989780317719  0.33683867995402400  0.34638072963985977  0.35550540580542894
  0.36363424977818837  0.37203887838670036  0.37997555196308114  0.38750491258347730
  0.39433372074986439  0.40009368457924538  0.40531368820253422  0.41172754578063120
  0.42103620269104092  0.43180451332582720  0.44380599366521101  0.45540153213515150
  0.46431497117575615  0.47310685294596666  0.48295071629125114  0.49452545541849696
  0.50577985552495697  0.51620225745455628  0.52677712778202079  0.53782452894952970
  0.54979892950748799  0.56058862686069388  0.57184639416129102  0.58334208978468316
  0.59475871658278745  0.60636515809839742  0.61864723706388125  0.63129801406771147
  0.64586359538982219  0.66174035451405788  0.67354684967662204  0.68358617072817496
  0.69136394479254337  0.69845689197866523  0.70732758865111744  0.71875160020144169
  0.72982606464699051  0.73943116412193866  0.74787988131959182  0.75695840818273397
  0.76497453932757797  0.77392522787494344  0.78558606438478884  0.79739388480499518
  0.80828224471968368  0.81836503343235245  0.82787354566696114  0.83932006970739592
  0.85192131596890630  0.86615684497431744  0.87910688225789491  0.89024362507016952
  0.89966303242968093  0.90822143440915581  0.91731972971643372  0.92909981043909184
  0.93994496540628658  0.94954421406311196  0.95776792974239244  0.96894323098131929
  0.97893368072743780  0.98693370852609863  0.99384935075044545  1.00000000000000000
 -0.00230461950748155  0.00939117409773479  0.02098697619621775  0.03037709826256194
  0.03937692310642776  0.04908322865066276  0.06071915660560000  0.07069405477373536
  0.08053076235046637  0.09103758746771982  0.10147911252342839  0.11458130121215450
  0.12818909138783388  0.14282950679213882  0.15685392918662072  0.16941909034388047
  0.17861917053836945  0.18808319623336053  0.19646049881669397  0.20606953931061994
  0.21715226647874039  0.22834138110712551  0.23910183941900723  0.25018240143822734
  0.26040734625653988  0.26808769380871023  0.27644138257191320  0.28698534637498202
  0.29818588920492051  0.30858135705134260  0.31633474643709419  0.32426985258684610
  0.33433935610458554  0.34709938049836780  0.35876017010274808  0.36853122404411293
  0.37784000278675600  0.38756851552681332  0.39941544209156771  0.41263267269694970
  0.42669326971009719  0.44217694387181572  0.45829248268830641  0.47843074146273179
  0.49764069166121067  0.51657138342447750  0.53397624599477256  0.54387074495083243
  0.55204474122946723  0.56082545170854159  0.56930341390065975  0.57882355597020951
  0.58900411532153374  0.59871173023546886  0.60889282101164444  0.62067973715561175
  0.63304014298607636  0.64492095986440123  0.65426607775969359  0.66321908524650575
  0.67247625614482942  0.68272507180679731  0.69418427976820807  0.70524598328550192
  0.71493817968757367  0.72378465954660287  0.73213081364852639  0.74175023936545648
  0.75207945829980416  0.76259049678860047  0.77334872233821628  0.78159444737846495
  0.78814593945970102  0.79680646587625803  0.80482234494413807  0.81295755589614271
  0.82228822773767007  0.83669356900040603  0.84838770108925865  0.85967090513012989
  0.87011921149197746  0.87945722557407080  0.88672057308109686  0.89302052794025677
  0.89928713990542952  0.90672140725556583  0.91497454335995254  0.92280810795354518
  0.93047073681808046  0.93762464141408242  0.94540501486227491  0.95414645578079482
  0.96315739645038567  0.97310146637729644  0.98585438701176897  1.00000000000000000
 -0.04350009243022766  0.36051345622164721  0.42538852323664506  0.44506149081565732
  0.45410230848216065  0.46009439776210692  0.46501696886148253  0.47111744211846157
  0.47640348353781420  0.48219163614447641  0.48747427380482899  0.49276960677578874
  0.49821674023374385  0.50474654327554036  0.51052238292266017  0.51629557605800225
  0.52173207232647167  0.52757264970038986  0.53314097406174854  0.53830827221549782
  0.54277800381369823  0.54717667105158141  0.55163326619877728  0.55682165042443987
  0.56273840169204814  0.56839350682266543  0.57354489299726830  0.57785875326407099
  0.58175629267045315  0.58589015290841284  0.59020206784565099  0.59480390856062504
  0.59999685710405681  0.60604335512547980  0.61353796772694480  0.62068997925805480
  0.62626044925209501  0.63130410032077866  0.63638280047502005  0.64179123828953233
  0.64706709777664073  0.65237274828399516  0.65825806477188076  0.66330521569192513
  0.66784537463398808  0.67186798383729929  0.67561347159382523  0.67906952886478922
  0.68250589891057056  0.68644514200566686  0.69016877609243221  0.69337601598159770
  0.69690448609296130  0.70171670664408048  0.70687923720215573  0.71131385777848677
  0.71470891050131269  0.71755185711783043  0.72007236716342149  0.72416667742400109
  0.72973680972039567  0.73494796627495207  0.74004072955990918  0.74457890018410022
  0.74975385271941242  0.75668553490021140  0.76368614190202200  0.76987898217754469
  0.77524550725324703  0.77979616827648257  0.78382366839512008  0.78806333827602870
  0.79199654180683732  0.79621099063078593  0.80137236095379061  0.80764602394274321
  0.81424027172974589  0.82140075624549524  0.82596715869877202  0.83106126284836734
  0.83773867861104301  0.84498826780498049  0.85153810837604826  0.85897500376809666
  0.86674053749585378  0.87673833523712841  0.88915409221509711  0.90291440803264789
  0.91556051913931158  0.92733382459590374  0.93910213255144759  0.95042985257880175
  0.96101485865554359  0.97186742661002723  0.98462356025345599  1.00000000000000000
 -0.02923933701640018  0.13893448414640841  0.17925744703672247  0.20011760133115936
  0.21589074224792032  0.23132246810433216  0.24523950754242146  0.25719592025594279
  0.26937451060960937  0.28244949014989640  0.29600126742007077  0.30855241405001943
  0.31780460599007582  0.32721707865526145  0.33752179050005315  0.34645741113402034
  0.35542343080509819  0.36412002410941213  0.37306697042923248  0.38226690286650389
  0.39174623998881192  0.40199165867932546  0.41310588801862436  0.42516042496988921
  0.43694976948647918  0.44726898763144696  0.45646938584082908  0.46448092634891808
  0.47155815176474647  0.47859577972050321  0.48529652728609296  0.49217134197115386
  0.49875260679076822  0.50514927295303025  0.51206600078459052  0.51890013790423817
  0.52548912389365310  0.53188208819774752  0.53807508738777254  0.54416079533024708
  0.55076825115793293  0.55668506664711204  0.56181400448412600  0.56645878815643014
  0.57202977318437220  0.57706553906995894  0.58166754638367557  0.58807062869133409
  0.59400205381548410  0.60065489691928531  0.60772066238758826  0.61481611986749429
  0.62127166044640025  0.62763169442397992  0.63374383133458745  0.63929084012744930
  0.64475763285320231  0.65087513167604594  0.65788483287317345  0.66484131161400084
  0.67193891568204211  0.67903183208203766  0.68643233559197037  0.69326493589479732
  0.69893438478710779  0.70388953566808710  0.70999536250958828  0.71519892209038827
  0.71973362922568040  0.72406924315503640  0.72814652048126505  0.73259574124748472
  0.73729812526543093  0.74157371327047905  0.74527239402564305  0.74946353209470917
  0.75486943478872093  0.76212240547157240  0.77021278694804662  0.77687253656412791
  0.78220206399873404  0.78791790338357626  0.79447329554858015  0.80048846099611559
  0.80639538819785861  0.81271518635247941  0.81986444495151600  0.82839343548863176
  0.83757368217716321  0.84545704137087008  0.85307316051141846  0.86284842583336940
  0.87622380016578183  0.89571897298452441  0.92532230487940037  1.00000000000000000
   4.5490965817546871E-009  -1.0000000000000000     
 F F F F F F F F F F F F F F F F F F F F F F F F F F F F F F F F
  <DiscreteSampler_grid>
  grouped_processes
  1 # 1 for a reference and 2 for a running grid.
  10 # Attribute 'min_bin_probing_points' of the grid.
  1 # Attribute 'grid_mode' of the grid. 1=='default',2=='initialization'
  0.0000000000000000 # Attribute 'small_contrib_threshold' of the grid.
  0.5000000000000000 # Attribute 'damping_power' of the grid.
 # binID   n_entries weight   weight_sqr   abs_weight
    22   10   3.159561305058733E+000   8.703642496450557E+001   3.159561305058733E+000
    23   10   3.159561305058734E+000   8.703642496450561E+001   3.159561305058734E+000
    25   10   4.035639591208218E+001   5.746172790934317E+003   4.035639591208218E+001
    26   10   4.035639591208222E+001   5.746172790934334E+003   4.035639591208222E+001
    31   10   1.875374549634213E+000   1.414088242578491E+001   1.875374549634213E+000
    32   10   1.875374549634216E+000   1.414088242578497E+001   1.875374549634216E+000
    34   10   1.875374549634213E+000   1.414088242578492E+001   1.875374549634213E+000
    35   10   1.875374549634216E+000   1.414088242578497E+001   1.875374549634216E+000
  </DiscreteSampler_grid>
