  0.00935766924617234  0.01668393269661912  0.02683824232859729  0.03834695416189557
  0.05028331699347876  0.06267868109709926  0.07491386399682659  0.08633318354882892
  0.09694755974735157  0.10683403551347738  0.11595576028546191  0.12418778980178134
  0.13243376883417904  0.14053744346505001  0.14956388048138577  0.15933994019196784
  0.17018952195514483  0.18179174864904479  0.19307581246094746  0.20362374875696457
  0.21401385775693224  0.22469097863600773  0.23599140290046206  0.24810979258243213
  0.26046486775100292  0.27263648515048383  0.28407102682932001  0.29501119801495174
  0.30601652409114316  0.31651531945768424  0.32647740185172086  0.33646092463937166
  0.34649630356747396  0.35666335420187117  0.36665761066592745  0.37698391325646419
  0.38753176998268107  0.39774164102448961  0.40784880769008147  0.41788436273082386
  0.42825701656214288  0.43891531020571345  0.44906917880310271  0.45907064640635775
  0.46916925916655239  0.48002293129229512  0.49023655753448980  0.50041787910402580
  0.51002737516482244  0.51973167910200246  0.53010687710106263  0.54098640520866681
  0.55211159786769692  0.56317415175669705  0.57417143975379947  0.58487142338442721
  0.59484395291325132  0.60461331871886992  0.61402262300520538  0.62358493169186302
  0.63346102134012849  0.64452775521203221  0.65649507784284467  0.66745061987513599
  0.67757665277272261  0.68686408039880342  0.69672796313893615  0.70736244603888354
  0.71901517249509461  0.73129609262987116  0.74310117422442279  0.75427853162591918
  0.76493932187334546  0.77570341576681867  0.78681074950482710  0.79852399177309541
  0.81040201277118828  0.82086583580549188  0.83075532953180531  0.84105256046405319
  0.85145948098795809  0.86192196125843190  0.87206100006829357  0.88210386858541134
  0.89234284410210396  0.90231159299141039  0.91313386444843814  0.92406941293512013
  0.93443393055171908  0.94481945816086021  0.95524859462762013  0.96515004643771107
  0.97448800338662600  0.98337080422377998  0.99037223646920713  1.00000000000000000
  0.00010187950152883  0.00011375203691146  0.00012825309727334  0.00014170012334348
  0.00015508995789596  0.00016702388030341  0.00017794717722412  0.00018824205186161
  0.00019858739516694  0.00020909868268882  0.00021962416040292  0.00022978664801974
  0.00023936286327085  0.00024873735239364  0.00025835544435346  0.00026813941598110
  0.00027770469700194  0.00028711443562389  0.00029653882352228  0.00030619596699188
  0.00031629155835047  0.00032671717904015  0.00033724139059945  0.00034753452728248
  0.00035782894868761  0.00036820925328458  0.00037870864097914  0.00038963831990036
  0.00040151114263444  0.00041292034811032  0.00042488444029403  0.00043786955686627
  0.00045199849558872  0.00046716365879774  0.00048353634117355  0.00050025990780397
  0.00051649685883283  0.00053248614860749  0.00054937980836588  0.00056733279447295
  0.00058643994874954  0.00060602514257845  0.00062529511266341  0.00064439078318671
  0.00066424862590265  0.00068462308788275  0.00070720619203178  0.00073187172760189
  0.00075713121807676  0.00078164593490862  0.00080567846091026  0.00083025695840535
  0.00085474434101028  0.00087937896420539  0.00090581757330722  0.00093529679440809
  0.00096644842158137  0.00099805083656227  0.00103320786224246  0.00106801517244581
  0.00110378311457415  0.00114326933485265  0.00118606872813250  0.00123406901916430
  0.00128710394111359  0.00134430290864883  0.00140491293245941  0.00146648713676465
  0.00153098120141342  0.00160435081259923  0.00168517923569738  0.00176377043755096
  0.00184051925021582  0.00192157599351466  0.00201707430002541  0.00212866220827027
  0.00223263626068468  0.00233495450904995  0.00244724773988278  0.00259016919937978
  0.00279639743340125  0.00306404543667558  0.00333234358186102  0.00358623266186907
  0.00384187113872303  0.00411816815751042  0.00439962215498354  0.00476075631016581
  0.00525698077658820  0.00591583611641152  0.00653645541080078  0.00723569584404175
  0.00837652970483528  0.01385796413968046  0.05858776293651679  1.00000000000000000
  0.00000269835712016  0.00000306982948950  0.00000343564279110  0.00000386616621172
  0.00000439538870724  0.00000504630409833  0.00000581292844852  0.00000674778118690
  0.00000778213473637  0.00000886554559653  0.00001000335374372  0.00001123165078239
  0.00001262129152887  0.00001430683031947  0.00001615648984550  0.00001802875353547
  0.00001992736999799  0.00002181636654362  0.00002377564739765  0.00002580855879871
  0.00002826237533733  0.00003092832137849  0.00003415615982443  0.00003735403032874
  0.00004067734641905  0.00004418986050548  0.00004795377503026  0.00005180405814930
  0.00005566364956517  0.00005951609501990  0.00006338947913571  0.00006743210833158
  0.00007179947037133  0.00007651816476264  0.00008130313353585  0.00008627389057685
  0.00009164455358660  0.00009708658258324  0.00010302354590052  0.00010950348945688
  0.00011631437904127  0.00012347242865916  0.00013100559197134  0.00013897629145652
  0.00014717074899796  0.00015563817158723  0.00016461399074724  0.00017391731674028
  0.00018309477644242  0.00019313405421744  0.00020329946689695  0.00021388227144745
  0.00022545587010084  0.00023735796788613  0.00024956632900902  0.00026283533734053
  0.00027627193379537  0.00029056336297882  0.00030667763865534  0.00032371922361426
  0.00034099324642816  0.00035819147174849  0.00037523023456581  0.00039208351780487
  0.00040984523952660  0.00042945010335537  0.00044800050460751  0.00046937510491574
  0.00048905463980738  0.00050940274364152  0.00053102286537861  0.00055882567882889
  0.00059339436954798  0.00063216199277510  0.00067587564334079  0.00072092306424295
  0.00076894215812923  0.00082166987025455  0.00087858539230245  0.00094118591491345
  0.00101125281953687  0.00109307281143447  0.00118549713105555  0.00128506524417161
  0.00138292153715346  0.00148562720466336  0.00160944707294382  0.00176292186327435
  0.00197990477436733  0.00232398588285334  0.00275295924375260  0.00342362096434496
  0.00445654452849535  0.00636694159386169  0.20669564925491141  1.00000000000000000
 -0.00183467626884444  0.01176514149778926  0.02245628142907057  0.03264397808313972
  0.04134819043789425  0.05021452863041349  0.05904890080496156  0.06823773903341734
  0.07770784593598704  0.08713770268392282  0.09634641454239419  0.10576615001825887
  0.11566807024035509  0.12585318626579212  0.13669523777446840  0.14693936032399785
  0.15727928642837016  0.16793682311471650  0.17964746943008961  0.19201516619998382
  0.20417803811034332  0.21584794968974100  0.22729798661663975  0.23909643167873795
  0.25111693351445041  0.26288975447584956  0.27413079146581143  0.28456385402771317
  0.29420471159769768  0.30401929192987392  0.31438002157929196  0.32608302137660161
  0.33791582014588417  0.34915992905309906  0.35958650234101974  0.37046069818416033
  0.38039305679246710  0.38991568827198292  0.39930842485004359  0.40926457024197826
  0.41923222615902073  0.42903318898341430  0.44006713033864220  0.45104199360879910
  0.46128397941644589  0.47013528421599493  0.47895649817263258  0.48904732870938167
  0.49979521610097866  0.51165432266024458  0.52266368346980197  0.53348257784841102
  0.54413213744770539  0.55564953066110057  0.56764240001547339  0.57900066247964821
  0.58924337423991047  0.59839614114672579  0.60731507507645555  0.61640490496252887
  0.62594141077259713  0.63589034234345831  0.64602555585526367  0.65703014651247249
  0.66853203764505087  0.67954622905626016  0.69007589834185856  0.70028137434893201
  0.71113945629155939  0.72225118363597096  0.73289208980145726  0.74301918427189340
  0.75304159054134112  0.76361692120719948  0.77506102151981082  0.78758311921287316
  0.80023149410979721  0.81213639702891238  0.82347810395233778  0.83469554707450200
  0.84394325741822218  0.85348214624965768  0.86343348651743412  0.87373760321689109
  0.88348309011590298  0.89314562404657349  0.90390421755549999  0.91518092203246459
  0.92598326168744050  0.93632757473200456  0.94681163934457113  0.95764766484610664
  0.96808102078090963  0.97882180772301042  0.98914338140345159  1.00000000000000000
 -0.00223400910772983  0.00901932261488264  0.01926443619837226  0.03022067303007402
  0.04145410606109352  0.05207656785256672  0.06203450875590916  0.07176648269700349
  0.08125578989052473  0.09137618239226381  0.10145448543638527  0.11244269644954501
  0.12384504977244271  0.13495760762610665  0.14578102752818120  0.15543487000495010
  0.16544855976232034  0.17642011232091376  0.18756702111500170  0.19750324731673746
  0.20716647328821472  0.21729861926644251  0.22709077204676001  0.23698763179210325
  0.24650989460223835  0.25651112163729378  0.26700247000676058  0.27815022988467802
  0.28999996317273735  0.30151823002550626  0.31274005475873318  0.32438098872444471
  0.33659641588707501  0.34949151818157820  0.36156966017869380  0.37254392249130253
  0.38301992387280193  0.39346511426175035  0.40370078333280002  0.41389589899899509
  0.42376614667731483  0.43399600023024038  0.44391899601204077  0.45408507491738953
  0.46409527926141797  0.47411197416720552  0.48450224774589379  0.49556117766889224
  0.50751329865106443  0.51915842012675351  0.53137915703774885  0.54313228433518623
  0.55477547138837591  0.56542776761343683  0.57531639365582621  0.58564760634948376
  0.59537120968848356  0.60412805769727151  0.61257078490802130  0.62125754545960310
  0.63148070517541322  0.64298725445241445  0.65490477367322064  0.66702858813814692
  0.67900663545655904  0.69048443090922862  0.70137367675156470  0.71234834034257277
  0.72361568057455139  0.73436044770226816  0.74463844404558610  0.75511694060108414
  0.76572198508270484  0.77582069318040725  0.78575642048262184  0.79591566549909265
  0.80509270782942000  0.81352943510117548  0.82195293965436722  0.83106222310157307
  0.84125241327927569  0.85113968797027328  0.86174495416321195  0.87288778106888532
  0.88457885081939347  0.89541809551484564  0.90618574044700895  0.91733012785839130
  0.92778738083255852  0.93811447166496764  0.94804196977548827  0.95853162261849023
  0.96894397807951893  0.97947792385061627  0.98956573193905317  1.00000000000000000
 -0.00734140736508766  0.03714222374000432  0.07032922049241346  0.09270518889950469
  0.11205731606820646  0.13079852667735417  0.14898958896752579  0.16612393812115256
  0.18232207142868653  0.19818533650776321  0.21367574487114979  0.22765315226229829
  0.24148616585762850  0.25528691474516807  0.27004217100870170  0.28234415720890493
  0.29329811994477445  0.30242020099574402  0.31204601681878125  0.32136332923034189
  0.33073965611734490  0.34012342323042927  0.35006624871546826  0.36038690821066038
  0.37125764643910392  0.38181678420579146  0.39168403012498787  0.40107259699350584
  0.40998161059995358  0.41892827700196961  0.42813960996665895  0.43744703620657144
  0.44746803922007766  0.45785499073537483  0.46838000780249239  0.47806937103882163
  0.48787451266324178  0.49741343081610090  0.50704969010640377  0.51652757018830231
  0.52587050608738695  0.53533988908089369  0.54453478170807823  0.55359032151241561
  0.56202460058903581  0.56972070757999205  0.57723404002195355  0.58544241361063432
  0.59376490712117846  0.60218765686970632  0.61038968438968344  0.61800261785715804
  0.62530987378974856  0.63291313306344155  0.64059115944056999  0.64811558564438243
  0.65560006200944720  0.66296464045620007  0.67050115265007248  0.67808807257063675
  0.68555025821475113  0.69289006370888018  0.70047514341932537  0.70835651090086138
  0.71681972556878049  0.72513025239671902  0.73339372591537211  0.74133982700091516
  0.74962802117003635  0.75819595020190134  0.76719411501312607  0.77654769466349405
  0.78591013140852217  0.79454566539171489  0.80297711490598123  0.81125356563612616
  0.81928135225408516  0.82715155365768556  0.83521572421826806  0.84362324074804951
  0.85255288497891701  0.86107078872498000  0.86929173479337418  0.87775229425222812
  0.88724480902047775  0.89666689654079546  0.90596141855062118  0.91492114590778917
  0.92487756371832608  0.93508391877457542  0.94555376734853336  0.95579631142231736
  0.96597292633960896  0.97634303996334526  0.98781698369099391  1.00000000000000000
 -0.00227022996396795  0.00844904155594241  0.01842326513148658  0.02846652884444906
  0.03959929519663506  0.04959983704012418  0.06004005808913232  0.06985964765609476
  0.07958362941856735  0.08928461279263888  0.09925425154950976  0.10878149062384598
  0.11844597677503292  0.12724456964012787  0.13599272953029606  0.14482017980637002
  0.15407839003751073  0.16352737091945480  0.17333012273479870  0.18421877303139322
  0.19609733636100479  0.20815301647237455  0.21977638564869090  0.23118361528205800
  0.24262125299325740  0.25366765209095854  0.26439632032800120  0.27591526092055818
  0.28764213859670940  0.29889202111726049  0.31019747391287744  0.32166075839104247
  0.33314584424517485  0.34469796976468348  0.35622128172228745  0.36797890493473928
  0.37997442935842646  0.39074874911688590  0.40091793500392531  0.41074665729254989
  0.42131897461078693  0.43233416156993837  0.44321599827443747  0.45386030327864907
  0.46441743415816772  0.47510750887704839  0.48634909630217532  0.49841325445842866
  0.51089176634001976  0.52272315412136483  0.53340876353812272  0.54372737848799224
  0.55375869519491738  0.56422290977592016  0.57502007148406831  0.58624144712684234
  0.59749938859153595  0.60830162537880106  0.61913772571938042  0.62931738627177591
  0.63915989732136969  0.64940987744453882  0.65976451259267366  0.67052431551632452
  0.68024317137112722  0.68931902894875707  0.69835355972856739  0.70820689987376206
  0.71906340266247060  0.72983775690967589  0.74062085856110305  0.75093245073544768
  0.76072462761020276  0.77040993885553788  0.77921110159346330  0.78847933644945045
  0.79776593423217945  0.80775616594213673  0.81731232205361659  0.82727110835718221
  0.83758321176027528  0.84873345847938741  0.85989862356072211  0.87046866690824465
  0.88072872610642916  0.89098019232336578  0.90148956739926689  0.91231249720750052
  0.92297529801247835  0.93378077809877158  0.94398524086962821  0.95421193310512642
  0.96440680305971827  0.97558394743497245  0.98767955123214424  1.00000000000000000
 -0.00264681780897571  0.00982370695219324  0.02029414805458682  0.03113662406106534
  0.04170085522336624  0.05281795615597722  0.06365833739558469  0.07453830405033304
  0.08532092574926448  0.09600022336848708  0.10690409715773969  0.11812449792761995
  0.12885943800910205  0.13907095183805615  0.14936931125653699  0.16029049818295438
  0.17158800494693144  0.18161238141593122  0.19161093019926559  0.20183136235831006
  0.21238438174515356  0.22282489598523778  0.23285832232518067  0.24315443131513501
  0.25330976120855986  0.26291537229548229  0.27305944405775473  0.28335432815751838
  0.29308449757744526  0.30166336103689345  0.31027088420061921  0.32033585168767842
  0.33103457187763885  0.34168915479391532  0.35227378228172068  0.36368021997671274
  0.37502842759707894  0.38557216790439175  0.39621600938802765  0.40716553983925485
  0.41797052478113222  0.42866022257905900  0.43979991514965072  0.45176473350410051
  0.46262924329099880  0.47233344457991794  0.48227949327642872  0.49257698254295557
  0.50266499098166284  0.51300815761204643  0.52384623653577933  0.53453866849065657
  0.54468488230604051  0.55442187028109302  0.56404628447705851  0.57377223617654582
  0.58366549415585034  0.59575864293293235  0.60711040522032833  0.61682782657453861
  0.62652833785686646  0.63707474142378506  0.64767026307936937  0.65685298833254380
  0.66548086525182049  0.67530105311250743  0.68520336666200510  0.69625336583665243
  0.70678854823329096  0.71957612168943241  0.73167437590910300  0.74310134907640335
  0.75441117014515502  0.76511411846103150  0.77644972831791159  0.78795275493138162
  0.79905534675045942  0.80971615271280273  0.82028092647244100  0.83068149529777535
  0.84032100713323754  0.85032523219741285  0.86083702123024874  0.87279679197074922
  0.88434741916144233  0.89578114206288306  0.90668096730387426  0.91699882724350046
  0.92691640860334290  0.93638731955424825  0.94660319970007767  0.95808813785866132
  0.96925294953289942  0.97993344195397258  0.99011630116051930  1.00000000000000000
  0.06430935004109693  0.21013231275808034  0.29091633453198723  0.35067270560594277
  0.39840920406289809  0.43369980945445125  0.46255222728179379  0.48907811404174301
  0.51315366904984827  0.53360343082386941  0.55254852662779630  0.56955542376383106
  0.58442368605753647  0.59890608720488547  0.61297323100351808  0.62578885875493051
  0.63773792287900422  0.64879460782247311  0.65974599644238552  0.67042219242058165
  0.68091491308647523  0.69142984234309635  0.70153525876801293  0.71101623977040707
  0.71936306686093043  0.72726277515645987  0.73497924674480786  0.74279149914207010
  0.75030426237010250  0.75738329283701999  0.76421844615573864  0.77099532845074892
  0.77773657105373473  0.78447747361748321  0.79118969429995356  0.79756664490046081
  0.80353277569676407  0.80915298896470877  0.81464238753996343  0.82004507710681751
  0.82546762003398189  0.83083649642458268  0.83595988729790693  0.84094931263137163
  0.84581980570825666  0.85049448413127138  0.85496083530918865  0.85938134443446501
  0.86384560734707871  0.86837844474279291  0.87264366403943139  0.87652754698062074
  0.88028378069339297  0.88392675102918794  0.88754065162449791  0.89118457204501411
  0.89473567869994330  0.89814473802375749  0.90159289387423658  0.90493897487602348
  0.90815423805406048  0.91132349548194747  0.91439546643291558  0.91732132340536754
  0.92024124266468865  0.92319557450309242  0.92611176220199287  0.92898228880548173
  0.93184887198164290  0.93470968359572959  0.93763973828278913  0.94058584686906288
  0.94355843390047411  0.94641181561865784  0.94894367903236798  0.95139316499902926
  0.95396903722496551  0.95645547740682790  0.95897076989465468  0.96135554086123387
  0.96353584485122490  0.96562260061957550  0.96772853851536123  0.96991888168442320
  0.97205336449532354  0.97421495843537498  0.97654765485989981  0.97898068801214189
  0.98143847982045818  0.98396933097913686  0.98657997918353812  0.98900557922928023
  0.99145124564736109  0.99400003765491385  0.99676517911776874  1.00000000000000000
 -0.01763076038204866  0.10456249776115732  0.15429400972876386  0.18488097583431695
  0.21079111167849796  0.23371135937907711  0.25342691334343520  0.27171751212165063
  0.28979864368252661  0.30668465854155547  0.32055342989570224  0.33378391682773384
  0.34606341793518414  0.35717240330977246  0.36741725867084063  0.37780158292662952
  0.38869477692970661  0.39948551641040231  0.40998573633096708  0.42006254612252708
  0.42975306451653555  0.43903445571709898  0.44749896248236321  0.45559529211438732
  0.46361964379499421  0.47138394389686705  0.47867636783974588  0.48556431626353480
  0.49240981144158386  0.49923588780218481  0.50654337571532149  0.51375943667726676
  0.52076323212651854  0.52776141521730879  0.53497152171184559  0.54234176881958884
  0.54963600679337787  0.55694849983217054  0.56424698611583235  0.57122192034852215
  0.57771011745312861  0.58429303747380479  0.59046185351693858  0.59676209574946404
  0.60280811093250819  0.60866677355518994  0.61476366702683238  0.62122542977584194
  0.62778177501975119  0.63412002545777524  0.64077325190649292  0.64767928164863753
  0.65460724613861565  0.66115262501217409  0.66720774909270697  0.67295454863184523
  0.67871954900085840  0.68456733369042500  0.69045185964747513  0.69653533253305633
  0.70286756450839116  0.70907081289321272  0.71472783176147847  0.71976162727377802
  0.72479240024581737  0.72981453923507655  0.73504388337836901  0.74035125965056214
  0.74568715273579367  0.75118932215595446  0.75689770169421200  0.76299056116246167
  0.76887401953791290  0.77462524215468442  0.78019010424899249  0.78522693986036407
  0.79060287922388506  0.79630377396486152  0.80205606294114518  0.80863494649988210
  0.81488548600639954  0.82100035258819937  0.82680501109266447  0.83265578030811915
  0.83867127788398399  0.84490959742476723  0.85149511410482259  0.85870772818505003
  0.86652279482930572  0.87506008980897587  0.88459558789592241  0.89508030362054913
  0.90702187175976057  0.92177976535628836  0.94465222638365498  1.00000000000000000
   2.2908215579616856E-009  -1.0000000000000000     
 F F F F F F F F F F F F F F F F F F F F F F F F F F F F F F F F F F F F F F F F F F F F F F F F F F F F F F F F F F F F F F F F F F F F F F F F F F F F F F F F F F F F F F F F F F F F F F F F F F F F F F F F F F F F F F F F F F F F F F F F F F F F F F F F
  <DiscreteSampler_grid>
  grouped_processes
  1 # 1 for a reference and 2 for a running grid.
  10 # Attribute 'min_bin_probing_points' of the grid.
  1 # Attribute 'grid_mode' of the grid. 1=='default',2=='initialization'
  0.0000000000000000 # Attribute 'small_contrib_threshold' of the grid.
  0.5000000000000000 # Attribute 'damping_power' of the grid.
 # binID   n_entries weight   weight_sqr   abs_weight
    55   10   3.115897563005007E+000   7.362343235866885E+001   3.115897563005007E+000
    56   10   3.115897563005007E+000   7.362343235866889E+001   3.115897563005007E+000
    58   10   1.665079433810286E-001   2.102420733709524E-001   1.665079433810286E-001
    59   10   1.665079433810286E-001   2.102420733709523E-001   1.665079433810286E-001
    61   10   5.830843517731379E+001   2.578175578923106E+004   5.830843517731379E+001
    62   10   5.830843517731379E+001   2.578175578923106E+004   5.830843517731379E+001
    64   10   3.115897563005008E+000   7.362343235866892E+001   3.115897563005008E+000
    65   10   3.115897563005007E+000   7.362343235866889E+001   3.115897563005007E+000
    91   10   3.115897563005006E+000   7.362343235866881E+001   3.115897563005006E+000
    92   10   3.115897563005003E+000   7.362343235866869E+001   3.115897563005003E+000
    94   10   1.665079433810286E-001   2.102420733709524E-001   1.665079433810286E-001
    95   10   1.665079433810285E-001   2.102420733709519E-001   1.665079433810285E-001
    97   10   5.830843517731379E+001   2.578175578923106E+004   5.830843517731379E+001
    98   10   5.830843517731372E+001   2.578175578923099E+004   5.830843517731372E+001
    100   10   3.115897563005007E+000   7.362343235866889E+001   3.115897563005007E+000
    101   10   3.115897563005005E+000   7.362343235866875E+001   3.115897563005005E+000
  </DiscreteSampler_grid>
