  0.00877626343875228  0.01849354154011347  0.02775986518447924  0.03702932922290746
  0.04612861442251365  0.05624263252678201  0.06663464346998572  0.07714435201966206
  0.08773159975915061  0.09811969458276730  0.10833543178978702  0.11888600363823888
  0.12971147963118776  0.14071133242415337  0.15140224322526996  0.16207321953295681
  0.17274688890253881  0.18342146520337782  0.19422346996931777  0.20512966926918952
  0.21616121676335928  0.22713363835609726  0.23766204231542432  0.24805015767576227
  0.25825534067482731  0.26865544844426509  0.27912021531026138  0.28987593435231407
  0.30074147809714513  0.31141630670605319  0.32219201630019478  0.33308375038275806
  0.34333448300963715  0.35306179247206693  0.36249979179474484  0.37228121912329898
  0.38309228612758151  0.39409846945541749  0.40511025471415912  0.41602529705615543
  0.42723266446817898  0.43779858436920205  0.44831230830190355  0.45842013405419096
  0.46889236564613263  0.47943067487018254  0.49008209584476092  0.50044657230711032
  0.51096154323155507  0.52128620764581335  0.53212392391546315  0.54266258335866702
  0.55333746575171761  0.56373752497600904  0.57399842767969822  0.58440542963465092
  0.59481700290636619  0.60548416956516082  0.61593525635811897  0.62648974895791698
  0.63686532995455580  0.64746795613131503  0.65795238895253927  0.66798329615886398
  0.67756629880704866  0.68662405258241677  0.69606914217118843  0.70574432240057505
  0.71708093079188728  0.72668699892307143  0.73655306084426386  0.74650207887478304
  0.75658080882086831  0.76766246481769040  0.77886050459307865  0.78974616150737953
  0.80018564308413376  0.81051047899797657  0.82112597736847348  0.83198119709672225
  0.84214075445113679  0.85228891324501421  0.86202019547161868  0.87209605543336854
  0.88198280921947569  0.89182490286335758  0.90195319490718762  0.91236492368810651
  0.92295071227272618  0.93373570602147726  0.94406834853975885  0.95447347282613149
  0.96487201472553930  0.97522721517195243  0.98593826796791362  1.00000000000000000
  0.00000254953367367  0.00000268767667050  0.00000278847648682  0.00000291193319169
  0.00000304217732889  0.00000318414858562  0.00000335288273041  0.00000353008658875
  0.00000371074848527  0.00000391506968401  0.00000413866392213  0.00000438038818873
  0.00000463874614852  0.00000491364760713  0.00000520757375996  0.00000552134949048
  0.00000585647526165  0.00000621048286679  0.00000657808889640  0.00000695972742932
  0.00000735695261912  0.00000776991699057  0.00000820243531367  0.00000865207684145
  0.00000911400943897  0.00000959495485556  0.00001010046420742  0.00001062778232329
  0.00001117990186977  0.00001176499527734  0.00001237429181504  0.00001299840955042
  0.00001363802487477  0.00001429554176443  0.00001499589091275  0.00001571963733171
  0.00001646320891065  0.00001722273947139  0.00001800065526421  0.00001879978078852
  0.00001964361061578  0.00002053136020016  0.00002147841461389  0.00002247113254324
  0.00002350695100103  0.00002458574341677  0.00002570924313005  0.00002686997651194
  0.00002806989060978  0.00002931037000369  0.00003059504992693  0.00003193754936951
  0.00003334692161661  0.00003482766302714  0.00003638247509172  0.00003799858473395
  0.00003968072819124  0.00004147483895245  0.00004340258965114  0.00004547185487556
  0.00004764058036358  0.00004995392342263  0.00005234170360064  0.00005479354249124
  0.00005736759899134  0.00006008366778505  0.00006295119397593  0.00006602291187870
  0.00006944987275206  0.00007327554504535  0.00007749098067204  0.00008170538096353
  0.00008615767865650  0.00009088938319373  0.00009626932762452  0.00010221868558723
  0.00010863448197469  0.00011575273992727  0.00012391266062771  0.00013327877959051
  0.00014374956859590  0.00015555666437622  0.00016934195470704  0.00018598392247192
  0.00020620426302607  0.00023092239146075  0.00025966682452681  0.00029153885934993
  0.00033095165650213  0.00038582279246568  0.00048361886918075  0.00065911834194706
  0.00109567877242661  0.00475648749396013  0.59206989169691893  1.00000000000000000
  0.00000228952282856  0.00000278888948224  0.00000316294766910  0.00000351676713701
  0.00000387476051454  0.00000424474741073  0.00000463323995509  0.00000503578217439
  0.00000544686626255  0.00000587026045717  0.00000629917605789  0.00000673128939753
  0.00000717709430123  0.00000763761629179  0.00000811244913142  0.00000859886669468
  0.00000909627183535  0.00000960675507787  0.00001013298552951  0.00001067969786956
  0.00001125023783811  0.00001184761352724  0.00001247257587550  0.00001312022057078
  0.00001378300075952  0.00001445792278538  0.00001514158712723  0.00001583209469064
  0.00001653418346561  0.00001725221271173  0.00001799532685878  0.00001877035662436
  0.00001956870268786  0.00002039627081372  0.00002126013053957  0.00002215428788358
  0.00002309767984046  0.00002408600705872  0.00002510303447059  0.00002611997470640
  0.00002716193651882  0.00002824513773908  0.00002936678737432  0.00003053449042349
  0.00003175195952110  0.00003302332546013  0.00003434054246043  0.00003566723905955
  0.00003712777712551  0.00003863335689536  0.00004020990565172  0.00004188139653946
  0.00004364419667112  0.00004549773902256  0.00004739167367216  0.00004928032246322
  0.00005123392965812  0.00005326946986903  0.00005550419301216  0.00005793023659295
  0.00006037710672279  0.00006289807704021  0.00006560018751174  0.00006849065030261
  0.00007158998307004  0.00007489982959690  0.00007845441264388  0.00008223106722571
  0.00008615003604120  0.00009030183028290  0.00009480446939194  0.00009973158545461
  0.00010507167795396  0.00011079424126396  0.00011682608384625  0.00012351027932020
  0.00013085913647504  0.00013919209795814  0.00014875776412114  0.00015967835568464
  0.00017208234685305  0.00018524475513843  0.00019942386260794  0.00021514963061737
  0.00023378454810691  0.00025792253203036  0.00028980064302593  0.00033056391832789
  0.00038544402672441  0.00046353806342239  0.00058440107890606  0.00078872354655859
  0.00143413021931429  0.01226357578074444  0.12367622126740709  1.00000000000000000
 -0.00231803674610137  0.00908806724130974  0.01953373473694293  0.03026066087629750
  0.04069970243094038  0.05126786157664083  0.06191107697463728  0.07226088891374900
  0.08261764485707560  0.09280111953841541  0.10327299705164575  0.11379316002375303
  0.12394823362798690  0.13396222369709018  0.14390854687670368  0.15430934853960088
  0.16505916579220181  0.17613030593670220  0.18715873956283810  0.19764420504625210
  0.20799245663902627  0.21831418821513887  0.22873524831060807  0.23909285378132408
  0.24939292723825146  0.26036058848504162  0.27179575289229890  0.28293142859589787
  0.29390350944122118  0.30441389503287186  0.31521178957211204  0.32585902140696688
  0.33680623399836873  0.34753940321574139  0.35838257625452130  0.36900552174917017
  0.37984840942457421  0.39020084550507717  0.40052031478986833  0.41059277958100293
  0.42128735497366099  0.43199251283342782  0.44253138753165477  0.45273936100375500
  0.46342411860209642  0.47457613251613895  0.48552373158098061  0.49651781172211856
  0.50724841036942026  0.51793714363088972  0.52857910299718991  0.53944165065572169
  0.55040008527641948  0.56138600892389556  0.57164821404605748  0.58175259871665941
  0.59163867678890047  0.60219929168290709  0.61315912330929589  0.62413785180447157
  0.63502991247597007  0.64566175172194784  0.65635466815710397  0.66705203977307070
  0.67771909461944080  0.68844755680036029  0.69830818753782808  0.70808605834969096
  0.71775053512940545  0.72786986801245923  0.73859619852489533  0.74933033783235592
  0.75995724380285834  0.77051540345320013  0.78106860205337625  0.79159493190662000
  0.80207763129564713  0.81262798179389528  0.82325458107627869  0.83332333420035209
  0.84339261478624183  0.85336779186547906  0.86412873223597297  0.87508767035135249
  0.88589288316149017  0.89629857772299404  0.90644546576901264  0.91689311106664562
  0.92788639232729953  0.93880112798616677  0.94911427769776135  0.95922396908020591
  0.96929330725922747  0.97949016247056953  0.98949268282543912  1.00000000000000000
 -0.00223230166907343  0.00908295538251736  0.01856944479892687  0.02940085170205948
  0.03915273552973324  0.04937057706717878  0.05970561655902827  0.07049358875122390
  0.08121382740601883  0.09191531602019538  0.10269674127243998  0.11350239537782858
  0.12420160394692628  0.13473271749529342  0.14524882689524737  0.15595242625071096
  0.16699672473132149  0.17832657128496199  0.18947978540334065  0.20042447318978657
  0.21115102204927103  0.22166953068659942  0.23240346133196768  0.24308768661235253
  0.25379971533345191  0.26440601800828289  0.27487580079099977  0.28492303218781145
  0.29477252003765847  0.30474180087628977  0.31524040797466402  0.32598466395227699
  0.33659964013751531  0.34718603805625642  0.35777451855142695  0.36814876706868727
  0.37840483837859479  0.38869114830981449  0.39906843791801494  0.40948054366486913
  0.41982185707146730  0.43021730094428912  0.44075457599322526  0.45154217893591270
  0.46258427639298799  0.47362796127733403  0.48422421936632831  0.49454400485214506
  0.50489260401837444  0.51533523068929077  0.52561501817957057  0.53591623122219334
  0.54633303824964408  0.55686142920903992  0.56704724736346268  0.57705174549897387
  0.58698950278894224  0.59614478739979648  0.60530806076866750  0.61456633690681184
  0.62504548913944769  0.63601134728036879  0.64694946456168501  0.65786077904054419
  0.66877052010848870  0.67973792558933177  0.69056307418161467  0.70106239251998181
  0.71169895883090817  0.72240964304826050  0.73339598263754369  0.74393020732352355
  0.75436170308226658  0.76490857969573733  0.77570973329181325  0.78651093300584607
  0.79713627425084366  0.80778184580268442  0.81868792941957280  0.82984401450676393
  0.84125953181413893  0.85236050068747526  0.86329540930062965  0.87324344088088501
  0.88350484322151124  0.89331057812209558  0.90387774761918049  0.91463336221980596
  0.92534095751639922  0.93599562490196309  0.94642673336977601  0.95676177482346181
  0.96778559247613238  0.97839202390746649  0.98890809231786658  1.00000000000000000
 -0.00269804788856984  0.01052681431133509  0.01908086094414091  0.02970157978602184
  0.03991110826413449  0.05039983155375306  0.06125497672026865  0.07175034386339089
  0.08232518482001902  0.09308437691189995  0.10373846696800305  0.11448614822493297
  0.12525861296484009  0.13658620407802194  0.14747964981056749  0.15770392579306650
  0.16777558324215472  0.17812642289646916  0.18915777552920260  0.20024837880901675
  0.21121154050457494  0.22219013733335755  0.23296030696764056  0.24369442127509677
  0.25407467348071788  0.26474406349543556  0.27493653080588354  0.28548850041704477
  0.29550042738107490  0.30604317369229128  0.31633312187093648  0.32714120292304355
  0.33787075515254833  0.34830447261919995  0.35870975085801426  0.36899477972989114
  0.38005812933162647  0.39083352872693222  0.40156056884867120  0.41222516655451136
  0.42318143204298947  0.43397447120994909  0.44492345380375647  0.45581119308587792
  0.46672034261878936  0.47739348725037567  0.48819288265269895  0.49887805454932627
  0.50844581708020720  0.51796079402704576  0.52753425545200683  0.53794847020928083
  0.54873890752329657  0.55931377357178258  0.56986985173127302  0.57968561202579727
  0.58988003471422690  0.59990043771595070  0.61021063536167020  0.62042444804074481
  0.63081191166137685  0.64151594580328475  0.65233357737475250  0.66310578093053918
  0.67399161727093593  0.68492607323944810  0.69574097985056638  0.70642624148793032
  0.71691676069332255  0.72734153729852391  0.73783101779219484  0.74841901653351739
  0.75910759341084277  0.77005692320754426  0.78109008289961479  0.79194215205196450
  0.80252713175735224  0.81297476798783352  0.82348082953777291  0.83405505577301775
  0.84457047996231993  0.85500517428299072  0.86549210762989592  0.87639789699848802
  0.88723599108796802  0.89758163424151249  0.90757934034146592  0.91745627566827070
  0.92761487915030172  0.93798780374139090  0.94855342002380816  0.95888358715082367
  0.96913369640041080  0.97956057591701218  0.99003965218313428  1.00000000000000000
  0.00009601539855089  0.00010471606813882  0.00021437525862207  0.00032777300125948
  0.00044219205839457  0.00055866988059668  0.00068460462636801  0.00082043982243483
  0.00096733759049965  0.00113002274388815  0.00129921453776230  0.00146954069727754
  0.00163741735434760  0.00180894319704420  0.00199062165092236  0.00218280944142002
  0.00238645277784656  0.00260050710109160  0.00282305670244779  0.00305478553647835
  0.00329758774008520  0.00354924651111160  0.00380960497900441  0.00407864390504638
  0.00435733854189783  0.00464778601970227  0.00494994143227567  0.00526091726059623
  0.00558188709311511  0.00591542528929706  0.00626182094827751  0.00662136578240427
  0.00699321304644392  0.00737943645690737  0.00778057797691997  0.00820002984798501
  0.00863232910335472  0.00907719413005107  0.00953639634096270  0.01001540074067145
  0.01051326725892987  0.01102340020030790  0.01154729641231440  0.01208725298547278
  0.01264231330247816  0.01320992364432805  0.01380053415494333  0.01441337153672593
  0.01504016425604109  0.01568175700637600  0.01633406645485789  0.01701491389357216
  0.01773190269807864  0.01848301875875508  0.01924516306976668  0.02002858076715541
  0.02083675078617646  0.02167019612582312  0.02251710656874023  0.02338135663315606
  0.02426951094215734  0.02517170802911580  0.02607469317512652  0.02701112826241112
  0.02803288942859073  0.02908029448236218  0.03016794818150060  0.03128154251482870
  0.03241922786493887  0.03362068767435525  0.03485713827740265  0.03616074892848121
  0.03760864365305223  0.03911754137775067  0.04068596201412194  0.04231580765852026
  0.04399340141663213  0.04570852070074546  0.04748668522545115  0.04937552653768149
  0.05149070300606085  0.05376554256938900  0.05620841688421867  0.05888605906434962
  0.06180856846180092  0.06483969055884983  0.06822036176591001  0.07241619650363035
  0.07704949658676408  0.08197109454317554  0.08765427338963255  0.09485499103688125
  0.10334301385684536  0.11335104983288180  0.49003816056322197  1.00000000000000000
 -0.00256162048704331  0.01033472126686730  0.02254823481192154  0.03510656136292038
  0.04786184458517006  0.06094575585229987  0.07353576892762501  0.08517336307902826
  0.09666038201834631  0.10867823241574749  0.12081098009385613  0.13275239646247930
  0.14411293793142838  0.15538540309870763  0.16639869085686129  0.17775652082252086
  0.18894673931852973  0.20032882358546544  0.21170531106458326  0.22288507003443517
  0.23299516197394138  0.24276819796217786  0.25246740608442664  0.26263000261872882
  0.27285304420270334  0.28263152346791015  0.29214436291580931  0.30149232517526903
  0.31106234737671551  0.32099673950470353  0.33103302227636283  0.34112501459808803
  0.35076502922180652  0.36024322185828550  0.37006598861159123  0.38017819845991158
  0.39063959713744650  0.39971817126033704  0.40897555779061134  0.41811952725679541
  0.42736229107593809  0.43709838359710879  0.44674730779713356  0.45636833993571957
  0.46602611432740632  0.47553181993150645  0.48507614019743917  0.49454333859203137
  0.50415141655158136  0.51336812607707860  0.52251494985010583  0.53139767028357876
  0.54061922730536627  0.55012689164666706  0.55975962879884877  0.56913084182347295
  0.57830894743580619  0.58751485149438709  0.59705796915030707  0.60676979471593995
  0.61664749766160920  0.62624052043811806  0.63579442165680256  0.64531669182243867
  0.65504274525490647  0.66517972989015939  0.67561849256384510  0.68608791446427597
  0.69641209340542765  0.70656797216331280  0.71684190977179463  0.72728908288875216
  0.73766461601560795  0.74801374413706700  0.75851665889567099  0.76918572879907432
  0.77995497182701579  0.79080458911899498  0.80187460022459855  0.81327474914336573
  0.82440588493754874  0.83486034298820033  0.84515304037197025  0.85557377984568928
  0.86739418610745800  0.87951296602424667  0.89141106057924091  0.90389677281014214
  0.91622189384041186  0.92864019705523138  0.94087789156898338  0.95326754119179014
  0.96481266960701506  0.97631311290267664  0.98758980165633781  1.00000000000000000
  0.00142060656319597  0.29866604850653095  0.40722187243814600  0.45120271720877997
  0.47713066333496396  0.49873381909923042  0.51999970677283192  0.54279663809660694
  0.56176408009787360  0.57857806401615419  0.59406235526525175  0.61096622273907142
  0.63047903477197942  0.64986172861341529  0.66913532899163253  0.68727739296347923
  0.70398664944539158  0.72026664651485384  0.73636243938741985  0.75173554306187795
  0.76611969210170139  0.77990353095112441  0.79187040008001552  0.80242704394712328
  0.81216925807764018  0.82171396843899436  0.83144694612133085  0.84052638240381994
  0.84905981487060722  0.85675335515985040  0.86371333340296486  0.87028699384272634
  0.87665332957495867  0.88288080813470016  0.88870253201795468  0.89419164626947134
  0.89926170808427297  0.90392260794085899  0.90838452752583287  0.91264664671047535
  0.91666354897934776  0.92043956813531413  0.92401301045494011  0.92742056690742358
  0.93067708031908269  0.93378881819230664  0.93676483830086155  0.93959477667810865
  0.94229344049551456  0.94487792859375452  0.94735357561475109  0.94972513985838958
  0.95200448230261803  0.95420419098492515  0.95635771714376350  0.95841596308139809
  0.96034040275784927  0.96218291981081550  0.96392917487249941  0.96559933223204908
  0.96720835132824878  0.96876155784949569  0.97026409087787491  0.97171059981788033
  0.97310957722761449  0.97445562071104519  0.97575248942698800  0.97700769207604454
  0.97822844277882437  0.97940062750748602  0.98052226002365817  0.98159596954771755
  0.98262631439132653  0.98361347852324388  0.98457690606421855  0.98550538309799818
  0.98640771873148370  0.98727217122093003  0.98809845110928818  0.98889335155819380
  0.98965991230858219  0.99040001942248068  0.99110938827216521  0.99179189449265537
  0.99245099677070514  0.99308830252929714  0.99370907439200606  0.99431687725519824
  0.99491358371212224  0.99550038165397925  0.99608429781236718  0.99667335673851964
  0.99728400589274491  0.99793958973050056  0.99883208118963818  1.00000000000000000
 -0.03312204506694468  0.13819250573332273  0.18415672396399679  0.21084060932677137
  0.23211354821462510  0.25038558715791193  0.26655676518930821  0.28107162593235363
  0.29454025652841892  0.30709881916397969  0.31899406739469111  0.33012831448984925
  0.34076858670667981  0.35083758026226841  0.36024509290130946  0.36916812064251348
  0.37787987764323377  0.38651695646920819  0.39502712567000331  0.40337854008468471
  0.41157422004956296  0.41962321413649734  0.42750172882177540  0.43519522083849632
  0.44272925270784091  0.45010232930062327  0.45736178140537620  0.46448304731338580
  0.47145691344505691  0.47829991246430176  0.48502566492612620  0.49168416898277240
  0.49828931613155247  0.50474564967357760  0.51102660870861527  0.51720952919490149
  0.52330378924490872  0.52922641991866159  0.53501312355513997  0.54075186861929936
  0.54653738415106345  0.55215718796265223  0.55767392063257604  0.56314222626614885
  0.56868992820054776  0.57434655978947735  0.57996319416756836  0.58543707532695632
  0.59079358247799563  0.59611578663413756  0.60144669362692116  0.60682661049650366
  0.61229757697167497  0.61780598771642015  0.62326841069821526  0.62865027322873890
  0.63391491230266606  0.63912120398295424  0.64441143837162274  0.64991386547449392
  0.65562476506166911  0.66132517196345086  0.66697918375913501  0.67250263803828259
  0.67798321337156664  0.68346867343179019  0.68889982666880212  0.69428433122981570
  0.69977467409732552  0.70537766154155312  0.71116501555593259  0.71699581449022498
  0.72276031146496433  0.72851917626560236  0.73432539626439819  0.74004043836789990
  0.74563073166541294  0.75139825628401524  0.75738653108456144  0.76374592258469309
  0.77010553336660492  0.77681543073877435  0.78361964625747649  0.79002993044101311
  0.79670238703227647  0.80358539145698027  0.81131790753469402  0.81949518806121635
  0.82808360487408750  0.83744270695559331  0.84783508367987692  0.85993542188136451
  0.87421800608117450  0.89173220386961638  0.92291457316712244  1.00000000000000000
   1.1724093062288352E-008  -1.0000000000000000     
 F F F F F F F F F F F F F F F F F F F F F F F F F F F F F F F F F F F F F F F F F F F F F F F F F F F F F F F F F F F F F F F F F F F F F F F F F F F F F F F F F F F F F F F F F F F F F F F F F F F F F F F F F F F F F F F F F F F F F F F F F F F F F F F F
  <DiscreteSampler_grid>
  grouped_processes
  1 # 1 for a reference and 2 for a running grid.
  10 # Attribute 'min_bin_probing_points' of the grid.
  1 # Attribute 'grid_mode' of the grid. 1=='default',2=='initialization'
  0.0000000000000000 # Attribute 'small_contrib_threshold' of the grid.
  0.5000000000000000 # Attribute 'damping_power' of the grid.
 # binID   n_entries weight   weight_sqr   abs_weight
    112   10   2.816858541799790E+003   1.975258372953909E+007   2.816858541799790E+003
    113   10   2.816858541799792E+003   1.975258372953909E+007   2.816858541799792E+003
    115   10   1.553048462488883E+002   5.974901782104345E+004   1.553048462488883E+002
    116   10   1.553048462488884E+002   5.974901782104348E+004   1.553048462488884E+002
    118   10   1.553048462488883E+002   5.974901782104345E+004   1.553048462488883E+002
    119   10   1.553048462488884E+002   5.974901782104348E+004   1.553048462488884E+002
    121   10   1.103497137099379E+001   2.598719585390014E+002   1.103497137099379E+001
    122   10   1.103497137099379E+001   2.598719585390016E+002   1.103497137099379E+001
    193   10   2.816858541799790E+003   1.975258372953908E+007   2.816858541799790E+003
    194   10   2.816858541799792E+003   1.975258372953909E+007   2.816858541799792E+003
    196   10   1.553048462488883E+002   5.974901782104345E+004   1.553048462488883E+002
    197   10   1.553048462488883E+002   5.974901782104345E+004   1.553048462488883E+002
    199   10   1.553048462488882E+002   5.974901782104345E+004   1.553048462488882E+002
    200   10   1.553048462488884E+002   5.974901782104348E+004   1.553048462488884E+002
    202   10   1.103497137099379E+001   2.598719585390014E+002   1.103497137099379E+001
    203   10   1.103497137099380E+001   2.598719585390017E+002   1.103497137099380E+001
    232   10   2.115890988957440E+003   1.112740513001061E+007   2.115890988957440E+003
    233   10   2.115890988957442E+003   1.112740513001061E+007   2.115890988957442E+003
    235   10   1.208043627748725E+002   3.596001239624820E+004   1.208043627748725E+002
    236   10   1.208043627748727E+002   3.596001239624822E+004   1.208043627748727E+002
    238   10   1.208043627748726E+002   3.596001239624821E+004   1.208043627748726E+002
    239   10   1.208043627748727E+002   3.596001239624822E+004   1.208043627748727E+002
    241   10   7.902902124081518E+001   2.499305128386056E+004   7.902902124081518E+001
    242   10   7.902902124081530E+001   2.499305128386064E+004   7.902902124081530E+001
    268   10   2.115890988957440E+003   1.112740513001061E+007   2.115890988957440E+003
    269   10   2.115890988957442E+003   1.112740513001061E+007   2.115890988957442E+003
    277   10   1.208043627748725E+002   3.596001239624820E+004   1.208043627748725E+002
    278   10   1.208043627748727E+002   3.596001239624822E+004   1.208043627748727E+002
    289   10   1.208043627748726E+002   3.596001239624821E+004   1.208043627748726E+002
    290   10   1.208043627748727E+002   3.596001239624822E+004   1.208043627748727E+002
    292   10   7.902902124081520E+001   2.499305128386058E+004   7.902902124081520E+001
    293   10   7.902902124081534E+001   2.499305128386066E+004   7.902902124081534E+001
  </DiscreteSampler_grid>
