  0.00000045781067692  0.00000108904025284  0.00000176993172391  0.00000254451593064
  0.00000338594748398  0.00000439934925354  0.00000551114792928  0.00000664797364629
  0.00000777996296830  0.00000891041321384  0.00001005279554518  0.00001117066533790
  0.00001222352742986  0.00001320467387678  0.00001415541018820  0.00001506083735055
  0.00001591667636671  0.00001674756250147  0.00001754738934800  0.00001832624811879
  0.00001907574260453  0.00001977492260437  0.00002041581959465  0.00002101807932210
  0.00002159576612723  0.00002215129584604  0.00002270603465085  0.00002324924230294
  0.00002379766226831  0.00002434457652840  0.00002487606051194  0.00002539523899185
  0.00002586414929352  0.00002631417064665  0.00002674933180255  0.00002714517493536
  0.00002751933419973  0.00002788953607089  0.00002828669470322  0.00002872175354001
  0.00002919975475435  0.00002989792011819  0.00004762327910855  0.00004823892491663
  0.00004878308074863  0.00004924116922473  0.00004965566981307  0.00005012767561532
  0.00005060857696269  0.00005109975048367  0.00005162178868359  0.00005215260609626
  0.00005270768159146  0.00005329933254537  0.00005391953138039  0.00005457374768096
  0.00005527647734925  0.00005603526437489  0.00005683158335032  0.00005770754852785
  0.00005863843489102  0.00005962785885295  0.00006068850883491  0.00006183172284150
  0.00006304187993873  0.00006429258363512  0.00006557462303437  0.00006700117206568
  0.00006867886128689  0.00007066773823407  0.00007298648707579  0.00007524003777650
  0.00007755349514185  0.00008002960299456  0.00008311497137434  0.00008658928025251
  0.00009031377701848  0.00009445036381021  0.00009935368621366  0.00010523276154637
  0.00011195246293509  0.00011971419910912  0.00012837694540982  0.00013801700507559
  0.00015044620061962  0.00016665185969588  0.00018912590157795  0.00021772256132178
  0.00025521928557176  0.00030589380072689  0.00037805862132416  0.00049100395058998
  0.00073115477983046  0.00134143400963306  0.24984743201521659  1.00000000000000000
  0.00978745644984177  0.01536157537917927  0.02319311042540412  0.03187369211853093
  0.04071794046653388  0.05107127577266538  0.06217816231817243  0.07447381057327362
  0.08680503040898914  0.09832283508211567  0.10932993337607383  0.11957684333706690
  0.13048227589816949  0.14206739800378498  0.15368495612455216  0.16505795043663796
  0.17554969103670517  0.18585180226625181  0.19574704555151493  0.20633686546728799
  0.21761644477889830  0.22956403999604386  0.24112821885822835  0.25205535322890260
  0.26269074388829755  0.27330631859863086  0.28447906664865152  0.29558214313764225
  0.30697250276942872  0.31810980106406839  0.32892369156701012  0.33907642647076380
  0.34894241106151619  0.35971195240123466  0.37092332331725603  0.38193410754364115
  0.39268414355744075  0.40302617330593482  0.41435339574997798  0.42610406294407338
  0.43757479097948015  0.44922150985314419  0.45967246727682470  0.47018096152286054
  0.47996699098704254  0.48997226350146017  0.49986626941544177  0.51031380764637513
  0.52034354157003060  0.53061256475923946  0.54023518980709095  0.54915248485602541
  0.55787123014686468  0.56723999572561346  0.57664766031609915  0.58619241159201896
  0.59616799228539152  0.60633917529183812  0.61743252913852420  0.62835111895033136
  0.63870319383062590  0.64894172959793295  0.65939076730353674  0.66971171131317786
  0.67944168531674454  0.68896425119685378  0.69790988818097899  0.70674571924851937
  0.71593733905468648  0.72513179343793055  0.73364066266335204  0.74233159246283575
  0.75192684740977112  0.76336997411693541  0.77554325756482589  0.78689736791754195
  0.79781954604457661  0.80798024383183886  0.81817341986231595  0.82783800997971735
  0.83672797927389775  0.84490894453798204  0.85367636149451531  0.86336296425332792
  0.87375347238275280  0.88459339437977891  0.89541958079413198  0.90663887911541363
  0.91827757764402307  0.93054026542542378  0.94333515179114180  0.95560951558916274
  0.96723924473236533  0.97821385985663534  0.98880078576650510  1.00000000000000000
 -0.00001930882303810  0.00024054444305326  0.00066961275617056  0.00135760985532372
  0.00227124924244868  0.00339556437460615  0.00486903755519888  0.00650912091528346
  0.00833638651620615  0.01030645678033119  0.01268262447420421  0.01494334813179698
  0.01749083231227517  0.02017804555438408  0.02304247917971563  0.02611157732917730
  0.03005643294916747  0.03452597983412369  0.03908548918553156  0.04339448171371910
  0.04708093808491047  0.05023766417834049  0.05379942858752734  0.05758745287767601
  0.06130193551105624  0.06499226089699885  0.06896434663646003  0.07317608861171365
  0.07754956847718726  0.08216314737297221  0.08666219849248266  0.09117907467962057
  0.09558292021789434  0.09997583101982292  0.10438614362919012  0.10907313749354244
  0.11412378099301504  0.11978303871208547  0.12650655822869156  0.13215059325818354
  0.13767380037511986  0.14332427872902784  0.14929924601599698  0.15587399485075554
  0.16276925762954877  0.16933659754400110  0.17526898126250429  0.18141383712355388
  0.18738867949850910  0.19351644289479100  0.19970884260718727  0.20581409990228081
  0.21186875061656602  0.21786387215827885  0.22353688676578262  0.22986072569657848
  0.23685908266264233  0.24441137361320989  0.25274251863358477  0.26184015634344360
  0.27075110304981703  0.27941178535339983  0.28896159084767986  0.29862378328199007
  0.30803759548819071  0.31772822614741675  0.32812008125424658  0.33827412381790278
  0.34814403681147571  0.35995623419477962  0.37242816206870899  0.38508718274815446
  0.39813339026861905  0.41186874879669494  0.42658908428524267  0.44202976102777575
  0.45799175334757375  0.47527669242902532  0.49218184088850048  0.50933985043025953
  0.52739719371826121  0.54462297956601957  0.56210890362240873  0.58062162240969084
  0.59978383258176404  0.61968434850965959  0.64094870329373677  0.66466243830325056
  0.69253058493732300  0.72226492230384931  0.75628878591707638  0.79282607601908150
  0.83531245038070356  0.88807147886411786  0.94220910174273853  1.00000000000000000
 -0.00303851180853691  0.01054340882294394  0.02147549281621819  0.03189606072334557
  0.04261971698412006  0.05347226544310632  0.06391473795064349  0.07405466244723555
  0.08470053575916082  0.09650493754329230  0.10816916861541712  0.11993161121256109
  0.13120102224515723  0.14180461218510221  0.15225442908282366  0.16261758603285106
  0.17421909093371513  0.18612011586515745  0.19734446345946086  0.20853615979275672
  0.21965651807696068  0.23048061380227883  0.24002691886276015  0.24954652122144810
  0.25896524201473581  0.26876009336691048  0.27691460064279072  0.28436546436316279
  0.29184765646963023  0.29996691708355239  0.30960635542767068  0.32079035491254143
  0.33230330293335802  0.34376460108379575  0.35558187323128598  0.36672012831027423
  0.37781611875677423  0.38893040352133201  0.39991471354293823  0.41117279821697938
  0.42258777343515114  0.43349617736638379  0.44378313575021633  0.45379051372401208
  0.46340533314526300  0.47254145562708233  0.48181803673943741  0.49107181499105773
  0.50086283532972364  0.51063636180277550  0.52135189026937512  0.53292974742670340
  0.54523574966901434  0.55781524780396330  0.57008325725089548  0.58190387227985041
  0.59314417512861062  0.60443747014562543  0.61475833652463474  0.62524931097025238
  0.63558220411165967  0.64622698541483925  0.65639993641485683  0.66647442319031547
  0.67676334835418961  0.68773211300152481  0.69838350871489063  0.70890029332598514
  0.71916090558824952  0.72957624125823617  0.74009838908338677  0.74974702132909077
  0.75892979316315301  0.76827172164851365  0.77825288059695408  0.78783181395029833
  0.79656458938472663  0.80490129431974844  0.81355047124555580  0.82334893658709196
  0.83417483287902283  0.84497454161409125  0.85573716851833281  0.86661705748141560
  0.87743882777481452  0.88828662855050355  0.89924230639110492  0.91052013469183868
  0.92185920545409339  0.93300304297203962  0.94410984920567520  0.95533586621036015
  0.96630617987308776  0.97724332091522903  0.98837868450164035  1.00000000000000000
 -0.00248428456165839  0.00960635366042170  0.01975962914352827  0.02967117375061082
  0.03960615715892140  0.04999270938980939  0.06098884904760217  0.07190781530990864
  0.08307133120321220  0.09456202945999485  0.10557302461036075  0.11603051031503793
  0.12613456764298581  0.13582987424298909  0.14535411988020369  0.15485637658176415
  0.16430078250133365  0.17348956315250713  0.18232346110916994  0.19117071139570208
  0.20080730978072878  0.21109935064872071  0.22279492671989959  0.23423155871619866
  0.24456383612695093  0.25415706773578717  0.26344760318103166  0.27377009039426681
  0.28422529467242041  0.29469826407564376  0.30529917783203736  0.31738501694813681
  0.33048724157569875  0.34295459070269974  0.35503501784563107  0.36563034788289972
  0.37605503083573533  0.38499815965536321  0.39370136635191566  0.40224221058410342
  0.41064392871402239  0.41918061326535955  0.42777571608515258  0.43707358436074434
  0.44951234068904034  0.46300312201796751  0.47639889018713605  0.49006830668964285
  0.50188590861051596  0.51201317976427896  0.52160845003680412  0.53089415479287860
  0.54057194981715195  0.55085725470670766  0.55999361255839963  0.57055544617661613
  0.58053001202294818  0.59161500940303025  0.60259899833253139  0.61331724283798095
  0.62443449158613107  0.63488653953000684  0.64503198024220809  0.65523190287003419
  0.66568290167762356  0.67616117152194799  0.68640898309377141  0.69669292601990673
  0.70692538602492638  0.71706374307227649  0.72682736617399835  0.73691121455468178
  0.74729511179596531  0.75768567371132600  0.76812777985949776  0.77925328618660328
  0.79047897599873485  0.80098957602150311  0.81103348224903493  0.82104000970292068
  0.83104594404754151  0.84142903544760228  0.85272053208758192  0.86558536268541264
  0.87975550673181968  0.89307911787238103  0.90483013639609478  0.91571735605960303
  0.92691206070101650  0.93851466618944857  0.94972216786761199  0.96051215384518041
  0.97121486536682078  0.98134363472146635  0.99083644697501294  1.00000000000000000
 -0.00270894358018033  0.01118211494941273  0.02203010672886776  0.03231792396858614
  0.04280442451428845  0.05371365528656318  0.06436157918341123  0.07405506513256482
  0.08335147601543916  0.09244509929557630  0.10202990042651049  0.11208035213138165
  0.12241291017005708  0.13312341907065001  0.14260761057796267  0.15190615352277254
  0.16226684698802590  0.17278386001260349  0.18421664776323296  0.19631053776095916
  0.20842754717343071  0.22084626236720956  0.23222434949697690  0.24266651692586449
  0.25256394950586653  0.26229513448951908  0.27204842909815308  0.28236386743388137
  0.29408363055097442  0.30671530319899121  0.31850536076845054  0.32870614911175861
  0.33845833306186313  0.34794327256962704  0.35804196282884654  0.36917291269388480
  0.38115772419995803  0.39344811401255553  0.40653380107755599  0.41894980773773211
  0.42984990510791776  0.43976052220354983  0.44945353281166150  0.45950940675792751
  0.47022760605863934  0.48184342812001779  0.49333260997950124  0.50447684008243776
  0.51497013386756596  0.52485376351887636  0.53281120353366274  0.54152020521986277
  0.54980933861369141  0.55949957818774154  0.56914476933004265  0.57815752013644706
  0.58723195343033330  0.59632677010001101  0.60659200019155290  0.61816979648829307
  0.62964842634770657  0.64044673539077890  0.65148359659713295  0.66273757068628458
  0.67385189796964484  0.68387075957214272  0.69397811918906271  0.70471244991696802
  0.71542019122603595  0.72497373132680376  0.73522606082897501  0.74483956504457394
  0.75552369798192465  0.76661824045870375  0.77836225158916317  0.78996546623629382
  0.80022310848149192  0.81063350379803234  0.82124911601878359  0.83261961363539627
  0.84361311394828298  0.85461979316217751  0.86462214893210143  0.87447683108976393
  0.88465060825383357  0.89528988570938184  0.90599866320647193  0.91513077830450762
  0.92401996947010301  0.93305030968987379  0.94306158997447720  0.95400885555254544
  0.96507709600155100  0.97598322730953069  0.98786512349750311  1.00000000000000000
 -0.00151872330796239  0.01344428253249396  0.02637711930590217  0.03865667430533429
  0.05028741533160188  0.06120170932904489  0.07153450878937759  0.08232457513264496
  0.09370670805138358  0.10626539180220049  0.11897877097398239  0.13142054171301187
  0.14351938114665322  0.15549989523708196  0.16685627931016961  0.17764750261300116
  0.18842691540028031  0.19909641074694528  0.20962309282935493  0.22037626224080606
  0.23127248035199541  0.24282214338834882  0.25492283995444059  0.26746496426862254
  0.27904485381786182  0.28956070622061142  0.29905824313798257  0.30824038882582860
  0.31737154530092598  0.32653419096096759  0.33545073339797027  0.34513622893224166
  0.35481856369794512  0.36457049029079863  0.37370251931949583  0.38296718487968290
  0.39256476586542899  0.40208823437513108  0.41119845107770941  0.42095565424596459
  0.43202286751105529  0.44261024434160767  0.45252551275171643  0.46294893087687955
  0.47351810985760207  0.48305346454182119  0.49158559735122498  0.50039567089921888
  0.51056274233065824  0.52200750718750233  0.53383901751001350  0.54496665467718330
  0.55614089959793467  0.56753343120179145  0.57874320164272464  0.58969549720535308
  0.60027497766655247  0.61023945886369813  0.61991287125967176  0.63013496857260609
  0.64105591386403427  0.65221684276539649  0.66217749193580155  0.67125353236340823
  0.68007599408525932  0.68908236756301589  0.69866743139884546  0.70798784185859087
  0.71711721326470002  0.72558061664714835  0.73456913693415438  0.74418875124633699
  0.75380666466596780  0.76410824740336536  0.77588323164244410  0.78896600051936505
  0.80326792521051549  0.81551958603155983  0.82807000483581994  0.83968908856351721
  0.85127765128319943  0.86218296358596602  0.87257792361012110  0.88357603844877231
  0.89475302487386676  0.90670315848697947  0.91796506872668815  0.92982281343267437
  0.94075649710865372  0.94998709724813113  0.95886805396654573  0.96684229320729709
  0.97480555907541089  0.98313129923044928  0.99166949402789129  1.00000000000000000
 -0.00360461875046053  0.01344042538458769  0.02658604729359230  0.03942395111085006
  0.05240555560039063  0.06527553215436312  0.07758633764226307  0.09016554094195794
  0.10298183871705521  0.11528675193623918  0.12682495992480561  0.13722459461103018
  0.14769772578418205  0.15715299953954756  0.16663920382306224  0.17641801107654895
  0.18658472216214994  0.19697876118607988  0.20753835821609778  0.21728482114168057
  0.22780860391290972  0.23878189432800412  0.24902740094980655  0.25816602300506752
  0.26710265181603599  0.27629716342271049  0.28548901453339665  0.29547376411690524
  0.30476597170438091  0.31446228710280444  0.32431292701352349  0.33513810117382520
  0.34731574427349565  0.35956633364840285  0.37134881329725028  0.38288643590260413
  0.39382658914003887  0.40410603419250107  0.41460971125758017  0.42542907066744390
  0.43551716327371992  0.44520072824975337  0.45491437730438417  0.46596451706898762
  0.47723199340101602  0.48894110403988378  0.50027849692484538  0.51001400771598504
  0.51876097115134145  0.52796767202602701  0.53776510542547318  0.54655365993317762
  0.55481653464872638  0.56352099262614186  0.57487659831854587  0.58554189519324418
  0.59594070147091183  0.60613783437677371  0.61580407732504883  0.62529260934745590
  0.63499121781702661  0.64460512143891791  0.65428930535248286  0.66398670165829965
  0.67361340654376956  0.68324357887083709  0.69268910427449448  0.70197655463753295
  0.71168031745828153  0.72193119588241128  0.73248097848568017  0.74315674380287711
  0.75413146460139824  0.76527617430067518  0.77638670152429334  0.78756283289018614
  0.79888688442784050  0.81054293173560232  0.82205059176084938  0.83303243699064489
  0.84331575874883025  0.85361424353381110  0.86246566254450896  0.87296034511826825
  0.88399890218408539  0.89490246875295509  0.90513907162446938  0.91540570002972788
  0.92688781533048159  0.93815735407499012  0.94828704417857490  0.95846252905867213
  0.96983631277923876  0.98041020403451151  0.99027611621267042  1.00000000000000000
  0.09107933384230314  0.15698327884901819  0.18776423836416137  0.20981658065141714
  0.22620119538253994  0.23943251419439299  0.24992066770478955  0.25964564943404228
  0.27016112671195952  0.28222911676514889  0.29449763034650123  0.30376276713898781
  0.31352358259759788  0.32356241524719553  0.33456961500831744  0.34425406426025246
  0.35295128780103679  0.36304333929031918  0.37236564288214757  0.38014186602195554
  0.38760461644876071  0.39528951576162158  0.40353118427980289  0.41238007870941651
  0.42147615940362110  0.43083289613967057  0.43963098989979144  0.44904748915255155
  0.45857172214638547  0.46665186005582115  0.47351539381914276  0.48025774652192038
  0.48630749103972520  0.49357466484353352  0.50107477902002795  0.50804703641802962
  0.51463919574207850  0.52077426739203103  0.52691577291285308  0.53304154685191107
  0.53897231599681472  0.54463988440361333  0.54989217779057564  0.55498882711090713
  0.55995067227659201  0.56506579888101338  0.57074768248976404  0.57692697603656751
  0.58338511897472600  0.58999544597128994  0.59661534946462347  0.60321433954266213
  0.60992243694358483  0.61656009506132947  0.62317169410202622  0.62945684928956869
  0.63568409271712023  0.64205634319776139  0.64832863141981834  0.65399319210059559
  0.65997892677107850  0.66629094736176508  0.67255516383541647  0.67892031837509093
  0.68509304674724769  0.69164808361331931  0.69793756330162326  0.70434961964963561
  0.71103517884233669  0.71785714113539623  0.72478396121019195  0.73171197270874977
  0.73937890046221932  0.74744664874092970  0.75546880183687160  0.76274562953527114
  0.76978236795108523  0.77692721457053515  0.78404763711724146  0.79176627680285350
  0.79940272581912442  0.80741636241538273  0.81564010402430409  0.82434536875497977
  0.83335691471718654  0.84279912540817103  0.85287698345328555  0.86349573647040401
  0.87474994538708772  0.88706382204038203  0.89970081659650880  0.91302796473323289
  0.92821258562643005  0.94650184109469160  0.96755596850457881  1.00000000000000000
 -0.02103224687734768  0.13274127262747459  0.17926719807026514  0.21011040564042677
  0.23367171845151061  0.25349377043201160  0.27194423688808705  0.29006646344309489
  0.30555523248216804  0.31959959563235946  0.33343521532370968  0.34778520001482593
  0.36124608371922967  0.37390116849180260  0.38595090364804496  0.39730000000165239
  0.40751083922505066  0.41759883201671499  0.42728554182608441  0.43651676351665641
  0.44596879916417065  0.45536956635500531  0.46533119562341319  0.47576643588345624
  0.48504356832370848  0.49330413190027578  0.50104051947125605  0.50784753532871696
  0.51479431355178185  0.52171939159349423  0.52891073838942770  0.53581738993016281
  0.54241525517692191  0.54876720659194667  0.55491245305688008  0.56130930233336807
  0.56873865889308606  0.57724923034612208  0.58562680616725549  0.59412210944375565
  0.60239511831969561  0.61025261417261645  0.61771910323529833  0.62515526047281655
  0.63263136028190803  0.63994873996288371  0.64659928915418297  0.65274601179295122
  0.65866770403264041  0.66440304871368216  0.66989641121029841  0.67486770264271190
  0.67983892307966864  0.68468167752552089  0.68950071474604357  0.69423451332586861
  0.69908455297527494  0.70390048477192679  0.70905333814369242  0.71436981666771515
  0.71953240253586570  0.72444137807329667  0.72934243720561209  0.73472698722514718
  0.74007307458259275  0.74562456911148645  0.75149001483070621  0.75729332819153694
  0.76308546695705182  0.76918271232097313  0.77560825594601557  0.78210503741225290
  0.78852105008785778  0.79471118274049424  0.79983330693508936  0.80487222354126986
  0.81006656162625612  0.81522312318505830  0.82027608729863710  0.82526697910028113
  0.83026350757714296  0.83542548879030187  0.84094096721478495  0.84665990449689721
  0.85249927474403087  0.85875830912404416  0.86574934464829301  0.87349343284240077
  0.88144878640453095  0.88953323404436302  0.89785453136413684  0.90665524686173493
  0.91660186615055561  0.93063474465212903  0.95141401096252853  1.00000000000000000
   1.1661768937238940E-008  -1.0000000000000000     
 F F F F F F F F F F F F F F F F F F F F F F F F F F F F F F F F F F F F F F F F F F F F F F F F F F F F F F F F F F F F F F F F F F F F F F F F F F F F F F F F F F F F F F F F F F F F F F F F F F F F F F F F F F F F F F F F F F F F F F F F F F F F F F F F
  <DiscreteSampler_grid>
  grouped_processes
  1 # 1 for a reference and 2 for a running grid.
  10 # Attribute 'min_bin_probing_points' of the grid.
  1 # Attribute 'grid_mode' of the grid. 1=='default',2=='initialization'
  0.0000000000000000 # Attribute 'small_contrib_threshold' of the grid.
  0.5000000000000000 # Attribute 'damping_power' of the grid.
 # binID   n_entries weight   weight_sqr   abs_weight
    67   10   2.347018003479794E+001   1.275752843508977E+003   2.347018003479794E+001
    68   10   2.347018003479795E+001   1.275752843508978E+003   2.347018003479795E+001
    70   10   4.392023304640007E+002   4.467483680811130E+005   4.392023304640007E+002
    71   10   4.392023304640008E+002   4.467483680811137E+005   4.392023304640008E+002
    73   10   1.254204071011818E+000   3.643091802913396E+000   1.254204071011818E+000
    74   10   1.254204071011819E+000   3.643091802913401E+000   1.254204071011819E+000
    76   10   2.347018003479793E+001   1.275752843508977E+003   2.347018003479793E+001
    77   10   2.347018003479794E+001   1.275752843508978E+003   2.347018003479794E+001
  </DiscreteSampler_grid>
