  0.00972734084991103  0.01518556381973072  0.02425714854347726  0.03423956029623286
  0.04452253744424443  0.05408150662586206  0.06266190091147615  0.07136026023836006
  0.07990803002444767  0.08903888077865152  0.09908819513355865  0.11013373883653679
  0.12290289035995976  0.13699125986556246  0.15118619828876276  0.16564624434619504
  0.17910583885803411  0.19092949250181762  0.20158775201691034  0.21199137590366365
  0.22138927006294773  0.23099779987652896  0.24157284181058239  0.25272468482953830
  0.26464628354023417  0.27626531449229058  0.28749916813787924  0.29911747896484286
  0.31186188780204327  0.32453073765616841  0.33613411039690266  0.34863682798551188
  0.35970608835273482  0.37057810074384001  0.37910333257220896  0.38687519284803418
  0.39424286721395357  0.40184521958703695  0.41049320369568104  0.42038587212057854
  0.43060816630535464  0.44094271516075850  0.45183602891025454  0.46406409271212984
  0.47608104412467339  0.48780336522360146  0.49906040030767262  0.50986319152398640
  0.52135013080114123  0.53268483789974275  0.54414070786538871  0.55495863312086813
  0.56566802349310374  0.57537119575709506  0.58527127329409323  0.59454934857097663
  0.60377154826784685  0.61278758690724378  0.62202090626262774  0.63034189851812472
  0.63767146998000523  0.64596589378999025  0.65398843641026516  0.66251873883375112
  0.67185236114481572  0.68035492465978498  0.68945731978021374  0.70020771771808432
  0.71221814318440901  0.72100654650418305  0.73103922834922552  0.74101334109421657
  0.75186260268831173  0.76346475033540040  0.77576654721683969  0.78674919944766297
  0.79729779786779120  0.80752580567890064  0.81768682373722024  0.82778931571868475
  0.83756637920706889  0.84690998667147310  0.85633981006707338  0.86681776918989673
  0.87734753798912268  0.88821822051911048  0.89973037850978677  0.91164509784859626
  0.92350197995326455  0.93424999847102164  0.94353038521065968  0.95297685338810223
  0.96273246439157123  0.97392299823054163  0.98637150833033427  1.00000000000000000
  0.00000290364465531  0.00000299630752741  0.00000312392113736  0.00000328807863840
  0.00000345254308519  0.00000361681156283  0.00000377633883161  0.00000393744948477
  0.00000411015473129  0.00000431142514454  0.00000452638587894  0.00000478333559787
  0.00000504868505057  0.00000531988539466  0.00000562664516053  0.00000594748136738
  0.00000628198998335  0.00000665356178824  0.00000706655796889  0.00000750647170441
  0.00000799395235310  0.00000848797659900  0.00000903149065538  0.00000949958518638
  0.00000996651324045  0.00001042674321930  0.00001093303446486  0.00001146059748524
  0.00001198548703658  0.00001249538704479  0.00001298583545248  0.00001350890911982
  0.00001405162340658  0.00001479886923882  0.00001586340640106  0.00001696733901112
  0.00001814290914298  0.00001919611461505  0.00002017758024559  0.00002111873954759
  0.00002217669757519  0.00002335325916734  0.00002472181153164  0.00002609584824795
  0.00002774100117377  0.00002941022928501  0.00003129507683915  0.00003339357800973
  0.00003560340776051  0.00003790310541358  0.00004001437964015  0.00004190346076972
  0.00004395847024280  0.00004621089959189  0.00004870294851452  0.00005206166328732
  0.00005552395019924  0.00005940614427017  0.00006374195232500  0.00006821398156549
  0.00007285713195742  0.00007793878193321  0.00008354363475460  0.00009007463104722
  0.00009670715848878  0.00010415660279507  0.00011263129919785  0.00012154144339883
  0.00013080055361547  0.00014080924303267  0.00015053183679804  0.00016097073412026
  0.00017194902365668  0.00018316838888348  0.00019274422862792  0.00020413099172472
  0.00021798601803830  0.00024115664556116  0.00027127198467937  0.00030884987733762
  0.00034901058279632  0.00037624936251134  0.00040917092672654  0.00044735290374028
  0.00048764843817464  0.00053415373888755  0.00061373719302839  0.00070002801410630
  0.00080588365182797  0.00099287119435713  0.00135658066306957  0.00188677386630419
  0.00273857985802881  0.00814833396651651  0.04685704020863800  1.00000000000000000
  0.00000235368252401  0.00000269193990461  0.00000287676699072  0.00000308306846795
  0.00000341047714494  0.00000379988822454  0.00000416806408776  0.00000452754229733
  0.00000489968281260  0.00000528910792593  0.00000568688647884  0.00000608422387508
  0.00000650489392221  0.00000696383424446  0.00000748628845361  0.00000808632054596
  0.00000873689726740  0.00000939139985522  0.00001010313202124  0.00001084500532299
  0.00001159647855873  0.00001239633835976  0.00001322662600480  0.00001408587506250
  0.00001501525791804  0.00001597950374085  0.00001691341289184  0.00001778294319954
  0.00001860315795285  0.00001939261109053  0.00002017511089031  0.00002101509734923
  0.00002202059323479  0.00002306958014139  0.00002418577171152  0.00002519221120682
  0.00002622950443516  0.00002734003449571  0.00002855218869831  0.00002989657361773
  0.00003156670807652  0.00003375093185622  0.00003582154278607  0.00003796069384142
  0.00004010019873814  0.00004217078470961  0.00004425466095577  0.00004654244043628
  0.00004912135221890  0.00005184364866416  0.00005475045349592  0.00005799064995547
  0.00006085308005421  0.00006397549856334  0.00006706765966077  0.00006944304815383
  0.00007234385503741  0.00007518661564133  0.00007815855576502  0.00008109872999659
  0.00008422477445416  0.00008764772195776  0.00009189062043609  0.00009644459052667
  0.00010157619124932  0.00010728289241298  0.00011308716393889  0.00011859081926288
  0.00012449605806207  0.00013108399892079  0.00013943803079245  0.00014889617611146
  0.00015913424714341  0.00016990245356420  0.00018071161353422  0.00019375850071760
  0.00020907112536007  0.00022650042089033  0.00024547815351649  0.00026820307553875
  0.00029228609985837  0.00031851205707978  0.00035023501845348  0.00039249013824193
  0.00044279984656202  0.00051085151162520  0.00060047077261176  0.00069953680743892
  0.00080975491028936  0.00094452861474870  0.00113496360705826  0.00139677137097504
  0.00202914075527119  0.00402631532977413  0.09261994381284064  1.00000000000000000
 -0.00138814262690119  0.00693182073209034  0.01396419204489222  0.02076568650262503
  0.02767859821228740  0.03511952492792956  0.04388720914086881  0.05496910976377338
  0.06563752160378333  0.07657624892420520  0.08694249074879241  0.09944751294844618
  0.11187159874663564  0.12195736331972105  0.13178563122755987  0.14132370816041201
  0.15270850025840935  0.16449653729953903  0.17758751114124963  0.19149081414623903
  0.20353535771356288  0.21360027302255055  0.22316225197104583  0.23379889458615966
  0.24591272622329133  0.25724305607050829  0.26789490294757456  0.27978773222731884
  0.29191230181661826  0.30388298203235953  0.31432259277913815  0.32330132915952514
  0.33270772477968447  0.34342730730890231  0.35425378553414055  0.36314954703366387
  0.37264502208077660  0.38266589766498432  0.39192062673406397  0.40046459827380426
  0.40884178839229912  0.41734740558490030  0.42617369106211522  0.43511938796782967
  0.44428666403111122  0.45360490716684904  0.46245558290371308  0.47210884823051363
  0.48135514011960540  0.49125189080666420  0.50186343889137597  0.51357139037522970
  0.52604808761134392  0.53823216088080406  0.54978570250754166  0.56192950721912693
  0.57490752163389902  0.58742177703822873  0.59995597841887183  0.61053901005156785
  0.62139587816424768  0.63288976746350611  0.64294878068205197  0.65389331717488353
  0.66483547963609857  0.67526921261774353  0.68692841560840312  0.70092748977077135
  0.71577254368179422  0.72879917988591558  0.73970276336717355  0.75047580050381169
  0.76135303962727352  0.77205610487493270  0.78283149352811432  0.79371827744177770
  0.80460074486865218  0.81541354849998271  0.82635645224953413  0.83702916754092438
  0.84762803130309483  0.85898341103422104  0.87119639070474819  0.88244834875594935
  0.89230437772240900  0.90186847379221613  0.91219237495412120  0.92305018852791643
  0.93355364396008467  0.94322229734945806  0.95264974009223868  0.96227374400862087
  0.97212359468207765  0.98193627036529818  0.99137106626370364  1.00000000000000000
 -0.00291564879503036  0.01155048494583610  0.02425204302033401  0.03666855422075636
  0.04746209178376729  0.05747203276784152  0.06703133875696798  0.07533587772343181
  0.08409846861298211  0.09332454421399287  0.10341654274754267  0.11617197835435336
  0.12965741992861496  0.14135175072533510  0.15196974457827847  0.16233367806480195
  0.17312449098794194  0.18310785900668564  0.19115158301483323  0.19745660835879786
  0.20505265982464549  0.21365415354681949  0.22174836288266414  0.22900471341936995
  0.23655686135671500  0.24456285860791571  0.25359003698594651  0.26547923089737918
  0.27789461560997408  0.29059115514388478  0.30541869538361471  0.32152094899949069
  0.33539333131672938  0.34555031868527170  0.35517130433440014  0.36451676346948764
  0.37461295699797748  0.38560118199734267  0.39755414121680688  0.40891628240736566
  0.42041468267230753  0.43188430893947405  0.44152353060017141  0.45112557137637022
  0.46019365397562223  0.47045852770353308  0.48071402142424002  0.49078021445882525
  0.49963347040128986  0.50907028096161500  0.51821908459106425  0.52735897106648788
  0.53672328034794281  0.54656936507896725  0.55713907138030383  0.56925273336489757
  0.58269455743091936  0.59541278891615335  0.60741900590714704  0.61922674776046804
  0.63089152430130857  0.64189526277426934  0.65231291933959490  0.66209487936417388
  0.67239021160382173  0.68337005683003027  0.69462634949101942  0.70628886362650245
  0.71634295985796570  0.72663516332782430  0.73594519207841136  0.74423476809058653
  0.75216879821462113  0.76060580364775077  0.77076487368291180  0.78236817031187278
  0.79420343834504126  0.80635742558579082  0.81726579348377837  0.82763032249584934
  0.83912961189640212  0.84968443892680567  0.85953975122975590  0.86865981308427709
  0.87839391593019311  0.88840774167462200  0.90048177699956355  0.91346965529533286
  0.92495754634019212  0.93464693234761909  0.94447161820033287  0.95429479750621871
  0.96612605605785240  0.97794211107162032  0.98881877553562825  1.00000000000000000
 -0.00313557236783992  0.01381680132626101  0.02595745850150004  0.03561577916699541
  0.04361642989976888  0.05235017620756430  0.06217622649213519  0.07392220038631706
  0.08478142553226993  0.09494421084150646  0.10476516052787775  0.11422928622408821
  0.12439865412665370  0.13470369213146621  0.14497812590153447  0.15543267852084339
  0.16594937870561396  0.17636182411940030  0.18675029125483861  0.19652889620698841
  0.20680468652324288  0.21623693165691404  0.22634137565161691  0.23681315943858378
  0.24712313950550960  0.25758422955462063  0.26770375882421799  0.27640499363826893
  0.28417926473137323  0.29193828166064056  0.30050971931380666  0.30981283450351993
  0.31981297445463602  0.33044634431485054  0.34275180648675574  0.35482327178287060
  0.36460768534101351  0.37404796992696815  0.38369693274150263  0.39408121927857093
  0.40533418254479486  0.41773057953328152  0.43213422149441111  0.44739050513836592
  0.45917963699202574  0.46852388949748042  0.47747546746071629  0.48636662870428116
  0.49696884610293685  0.50777711207663501  0.51786950287025024  0.52839344453632697
  0.53918973631769374  0.55087086453535616  0.56215241479904543  0.57499810400798146
  0.58592868438846879  0.59639164166256897  0.60721512283333479  0.61787078314689348
  0.63031401793130604  0.64286307943794685  0.65352278434234823  0.66380363828430899
  0.67301166280841451  0.68095679927819308  0.68834436361832985  0.69603609471251382
  0.70310268017511190  0.71016782390162858  0.71802030215513135  0.72700086161190802
  0.73945433416187489  0.75398699871508879  0.76708434262225456  0.77970266351739759
  0.79051737017151902  0.80105650349799540  0.81162641012617853  0.82270863809683026
  0.83463907731412079  0.84631284216260627  0.85763740385605192  0.86805178009137740
  0.87799315052065008  0.88806961612674096  0.89864319289564554  0.90929414159675059
  0.91955389054727199  0.93009672290705536  0.94100116101672093  0.95384839226207130
  0.96630991355410056  0.97800245078027714  0.98905918442877261  1.00000000000000000
 -0.00005967739747192  0.00052109404374251  0.00098262266383514  0.00134013210905450
  0.00164036984925939  0.00194556495451114  0.00225184059005832  0.00255080376886757
  0.00285040569727710  0.00315133375408568  0.00345450006388611  0.00377418202734921
  0.00410311633233457  0.00443998958489434  0.00477384922395914  0.00508854334843113
  0.00536891583142982  0.00563593923188974  0.00591020384365344  0.00620420443714422
  0.00651345377010056  0.00685182627897192  0.00721148598014299  0.00760559864371177
  0.00806091250683864  0.00854159861769711  0.00897386515617347  0.00935144969709049
  0.00975571668628368  0.01017048270166065  0.01054140856233965  0.01089136100753558
  0.01123008124497589  0.01157890443882427  0.01201609944654885  0.01249411846161481
  0.01299997566098044  0.01348450366558370  0.01392895565273221  0.01432876833688740
  0.01469315393759616  0.01502934018332563  0.01535710773133867  0.01568866368395162
  0.01602520358295781  0.01635778276153901  0.01672258934088187  0.01707117529342589
  0.01745107373208930  0.01791431354060012  0.01845012920784108  0.01902034969614385
  0.01962140829750738  0.02021625792642635  0.02092519735511334  0.02165893484749110
  0.02255566485502375  0.02341424203686364  0.02425499886346942  0.02505974713093484
  0.02581206347330954  0.02664080999052083  0.02739993736662001  0.02831712798872964
  0.02910979178522691  0.03012948895249240  0.03150776012297218  0.03272622003550251
  0.03356751353069198  0.03442029023159753  0.03556391252584921  0.03618743812558396
  0.03686640771285074  0.03757177867089843  0.03815274289399376  0.03872584354411111
  0.03946818017414519  0.04035939725229047  0.04138115745754441  0.04263532842206421
  0.04374958087322997  0.05179871185698832  0.05609469839810517  0.05809730306717467
  0.06038122748708768  0.06135546518616503  0.06253995496987588  0.06396312684697869
  0.06672451491691953  0.06865060485426538  0.07595243703052811  0.08115063447946207
  0.08534282497105040  0.08977504655879240  0.15759266362040619  1.00000000000000000
 -0.00235895946694844  0.00998145939101145  0.02184447883780310  0.03319783493851824
  0.04771335958218073  0.06373286038056325  0.08001049218491110  0.09779073969693300
  0.11334698540736765  0.12835875348888642  0.14206396080114855  0.15511621356004318
  0.16809382233737127  0.18157586622978700  0.19557283227879052  0.20879111763548758
  0.22140831962475854  0.23405145465926519  0.24551285204364284  0.25792617653707511
  0.26952923927174405  0.28191718511152580  0.29481998035115387  0.30582118347969423
  0.31643836165005590  0.32628192019195240  0.33662522738078043  0.34459234327865867
  0.35261783673837804  0.36078830048113053  0.36927213301773010  0.38044734486688581
  0.39229543428402286  0.40229461480334450  0.41314695481771130  0.42235735114764589
  0.42975278631543751  0.43700675857236831  0.44437179319847003  0.45189631986267992
  0.45990025505565085  0.46843776470149084  0.47845297911077295  0.48999017353686930
  0.50208753885524782  0.51370708054205816  0.52508079546039499  0.53632221163828797
  0.54738274979480595  0.55475714743032556  0.56214017319055198  0.56995784946560746
  0.57855716120392298  0.58773747497471029  0.59826752006582129  0.60925845031633041
  0.62015323294150049  0.63132910886162041  0.64316233448117122  0.65455950796297468
  0.66506229143837459  0.67477477527291130  0.68449252033745622  0.69347524769476954
  0.70304522382037915  0.71211085960457898  0.72082151516368320  0.72962529647333252
  0.73893161646507288  0.74779157418929032  0.75786146988677872  0.77054439823016641
  0.78435848339313574  0.79684717658263238  0.80679329583214554  0.81710142822012521
  0.82708783612856218  0.83496719716277246  0.84273863570353780  0.85155581972637839
  0.86365170911918920  0.87517457981391478  0.88393014174971452  0.89281202724085507
  0.90099484560792609  0.90885077100347411  0.91663365730040247  0.92428758000025280
  0.93196901319672687  0.94221841581406296  0.95573151792347655  0.96497553024808047
  0.97253489219765610  0.98038629224712370  0.98937674005565679  1.00000000000000000
  0.06977223939900228  0.18767832793305403  0.27477963135779443  0.34158137022038204
  0.39569880646445188  0.43318256168299901  0.46002921293968058  0.48098038860234255
  0.49857181664139943  0.51131135787827020  0.52689918719580231  0.54206453811951461
  0.55799044815790411  0.57354277393216191  0.59360412160752585  0.61372311121554268
  0.63206567870812480  0.64715510261959119  0.66029157620286438  0.67273413961484119
  0.68582252650562991  0.70037021491908680  0.71566175359298301  0.73006791748795552
  0.74338234891583632  0.75385922163090002  0.76145128784155514  0.76868152008329715
  0.77571862020748095  0.78259611265349904  0.78917584574656163  0.79538817324079780
  0.80118906371427068  0.80704231347391853  0.81367725563805193  0.82210414021605749
  0.83073786300530439  0.83862739443652268  0.84532343449273606  0.85157698902329926
  0.85739489705894234  0.86302836992954257  0.86878258156594679  0.87450505206585993
  0.87996014891564922  0.88509817198690433  0.88987853624274937  0.89445263121125618
  0.89904938684208302  0.90356641564605644  0.90802810405919643  0.91229659723768131
  0.91637897723857464  0.92037723071446498  0.92421441022972484  0.92772080854355010
  0.93115547791889641  0.93444347457900134  0.93761905050433358  0.94070954987970634
  0.94346981425453635  0.94649547522411626  0.94969581501889688  0.95292343907753319
  0.95593218451008899  0.95859670914262651  0.96088246132826616  0.96267916213148685
  0.96436962985176844  0.96598294234446536  0.96756570801129993  0.96916778569247719
  0.97090216981855193  0.97273778271829470  0.97462028075632845  0.97644016829055269
  0.97811987853627336  0.97966201788216412  0.98108100710517632  0.98241214560710488
  0.98368708545473627  0.98492682027329526  0.98612089582293949  0.98722958028227459
  0.98822262648579873  0.98920791886412196  0.99019938738872937  0.99120057224245883
  0.99221260214269313  0.99327119066428449  0.99439896101490866  0.99548404172505056
  0.99660540209761994  0.99780117577347682  0.99891450469818865  1.00000000000000000
 -0.01582577763010407  0.10744952823005532  0.14633114126423885  0.17379847981784735
  0.19551197245187629  0.21528697976452379  0.22914834717051547  0.24531350759246504
  0.26155824194125715  0.27706804969898807  0.29079901371149142  0.30309862301040746
  0.31609436587322093  0.32919456856949014  0.34020375711922679  0.34978619674999695
  0.35931078912919229  0.36963700513898190  0.38077374979678086  0.38926559948210382
  0.39699248776300683  0.40400701952084644  0.41115663237092775  0.42029408032661292
  0.42853680762722163  0.43660474371804742  0.44369110416887214  0.45060938085815988
  0.45812169358572336  0.46602887007298766  0.47328476396083197  0.48017036506459115
  0.48567497083808320  0.49056143191603568  0.49560948428936691  0.50094619619700287
  0.50689904586736645  0.51400867142213713  0.52121026648767732  0.52799935447656310
  0.53537806801841925  0.54342725892822019  0.55192883935120751  0.56100963517372071
  0.56824759740597131  0.57418944479466316  0.57974318429376448  0.58531164350093789
  0.59093487160118341  0.59796191410363841  0.60554429303118806  0.61229163111732010
  0.61821862447078690  0.62406760162088748  0.62956660713809476  0.63573449430661477
  0.64307847106073113  0.65016943598824806  0.65565823634030740  0.65992435477527678
  0.66375781455635219  0.66770752300024083  0.67173532370951117  0.67639653717435322
  0.68124050314068452  0.68610636629413824  0.69110863888889551  0.69625799180190984
  0.70109346176332477  0.70521900894618061  0.70867353489695406  0.71268940784944235
  0.71682742677249245  0.72113929941516575  0.72644246632275711  0.73217037184053568
  0.73758942051608556  0.74262045457865988  0.74793905552028894  0.75414958033797042
  0.76151925621293237  0.76822083384498197  0.77539450621542472  0.78327671595491621
  0.79093013339296647  0.79947530459292171  0.80840557671985425  0.81716606911722245
  0.82648898899999790  0.83712035013173525  0.85019148472968586  0.86587872381871267
  0.88397231078094995  0.90326629852631246  0.93037406267058509  1.00000000000000000
   1.5466374755548589E-006  -1.0000000000000000     
 F F F F F F F F F F F F F F F F F F F F F F F F F F F F F F F F F F F F F F F F F F F F F F F F F F F F F F F F F F F F F F F F F F F F F F F F F F F F F F F F F F F F F F F F F F F F F F F F F F F F F F F F F F F F F F F F F F F F F F F F F F F F F F F F
  <DiscreteSampler_grid>
  grouped_processes
  1 # 1 for a reference and 2 for a running grid.
  10 # Attribute 'min_bin_probing_points' of the grid.
  1 # Attribute 'grid_mode' of the grid. 1=='default',2=='initialization'
  0.0000000000000000 # Attribute 'small_contrib_threshold' of the grid.
  0.5000000000000000 # Attribute 'damping_power' of the grid.
 # binID   n_entries weight   weight_sqr   abs_weight
    112   10   1.927056083864383E+007   3.689050038203346E+015   1.927056083864383E+007
    113   10   1.927056083864438E+007   3.689050038203558E+015   1.927056083864438E+007
    115   10   1.029793493245813E+006   1.053465928903129E+013   1.029793493245813E+006
    116   10   1.029793493245842E+006   1.053465928903189E+013   1.029793493245842E+006
    118   10   1.029793493245813E+006   1.053465928903129E+013   1.029793493245813E+006
    119   10   1.029793493245843E+006   1.053465928903190E+013   1.029793493245843E+006
    121   10   5.502660051501627E+004   3.008012105588916E+010   5.502660051501627E+004
    122   10   5.502660051501783E+004   3.008012105589088E+010   5.502660051501783E+004
    193   10   1.927056083864383E+007   3.689050038203346E+015   1.927056083864383E+007
    194   10   1.927056083864438E+007   3.689050038203558E+015   1.927056083864438E+007
    196   10   1.029793493245813E+006   1.053465928903129E+013   1.029793493245813E+006
    197   10   1.029793493245842E+006   1.053465928903189E+013   1.029793493245842E+006
    199   10   1.029793493245813E+006   1.053465928903129E+013   1.029793493245813E+006
    200   10   1.029793493245843E+006   1.053465928903190E+013   1.029793493245843E+006
    202   10   5.502660051501626E+004   3.008012105588915E+010   5.502660051501626E+004
    203   10   5.502660051501783E+004   3.008012105589088E+010   5.502660051501783E+004
    232   10   1.931206799319876E+007   3.705194761221736E+015   1.931206799319876E+007
    233   10   1.931206799319931E+007   3.705194761221947E+015   1.931206799319931E+007
    235   10   1.031990558290263E+006   1.058076372451462E+013   1.031990558290263E+006
    236   10   1.031990558290293E+006   1.058076372451524E+013   1.031990558290293E+006
    238   10   1.031990558290263E+006   1.058076372451463E+013   1.031990558290263E+006
    239   10   1.031990558290292E+006   1.058076372451522E+013   1.031990558290292E+006
    241   10   5.584987044408928E+004   3.021659012728026E+010   5.584987044408928E+004
    242   10   5.584987044409083E+004   3.021659012728197E+010   5.584987044409083E+004
    268   10   1.931206799319876E+007   3.705194761221736E+015   1.931206799319876E+007
    269   10   1.931206799319931E+007   3.705194761221947E+015   1.931206799319931E+007
    277   10   1.031990558290263E+006   1.058076372451462E+013   1.031990558290263E+006
    278   10   1.031990558290293E+006   1.058076372451524E+013   1.031990558290293E+006
    289   10   1.031990558290263E+006   1.058076372451463E+013   1.031990558290263E+006
    290   10   1.031990558290292E+006   1.058076372451522E+013   1.031990558290292E+006
    292   10   5.584987044408928E+004   3.021659012728026E+010   5.584987044408928E+004
    293   10   5.584987044409083E+004   3.021659012728197E+010   5.584987044409083E+004
  </DiscreteSampler_grid>
