  0.00000280185286435  0.00000290071939368  0.00000298755208940  0.00000304556411220
  0.00000309551209455  0.00000314552916183  0.00000322357459499  0.00000336300093840
  0.00000347710693114  0.00000358034438627  0.00000370366662206  0.00000385358392768
  0.00000402906661793  0.00000419111576265  0.00000438562573524  0.00000461480949934
  0.00000483283812919  0.00000506962810289  0.00000530494978387  0.00000555622462292
  0.00000584789744119  0.00000616477777399  0.00000648214347846  0.00000680456549654
  0.00000713532909048  0.00000746480888164  0.00000782988298335  0.00000825780611641
  0.00000872485504237  0.00000921104210146  0.00000970073253322  0.00001020609222839
  0.00001076280283930  0.00001138088442982  0.00001203140044797  0.00001272135069577
  0.00001347243845538  0.00001420185248856  0.00001493451872077  0.00001568359478512
  0.00001640602850399  0.00001718554138840  0.00001803589985310  0.00001891307566327
  0.00001980274626755  0.00002068276430257  0.00002162620151187  0.00002264446503204
  0.00002374690214627  0.00002495303500391  0.00002620328497119  0.00002741739574877
  0.00002856045723308  0.00002973549805976  0.00003102822130928  0.00003241172585387
  0.00003390201843090  0.00003545308292446  0.00003718432279115  0.00003910023365504
  0.00004122852591926  0.00004363030398247  0.00004630809339299  0.00004918303364835
  0.00005226388978248  0.00005509583668590  0.00005784263171676  0.00006065553878677
  0.00006372856042583  0.00006730231731323  0.00007159731288712  0.00007635772184599
  0.00008122982152196  0.00008622888511126  0.00009165110715795  0.00009798271294599
  0.00010481153786377  0.00011151588934962  0.00011819332897931  0.00012524994447862
  0.00013360936092291  0.00014394859371435  0.00015559871584156  0.00016897457587785
  0.00018534227460544  0.00020570353262428  0.00023072616876841  0.00026422502805693
  0.00030813814123283  0.00036940550490626  0.00046298572778082  0.00058850807230236
  0.00077009200102837  0.00116956927288779  0.02403950967829202  1.00000000000000000
 -0.00000000753874694  0.00000646536795374  0.00001003639534719  0.00001290331954075
  0.00001544422356809  0.00001755992746865  0.00001953007261286  0.00002155084271282
  0.00002349022132036  0.00002544740150985  0.00002748132827326  0.00002961810261445
  0.00003191361596883  0.00003417572435230  0.00003628624307040  0.00003829697884087
  0.00004045786395655  0.00004290025514752  0.00004537333896893  0.00004770818108080
  0.00004991462599178  0.00005202161138466  0.00005412329806422  0.00005645857804455
  0.00005890038605466  0.00006143424377828  0.00006416918789770  0.00006711653699696
  0.00007014763577046  0.00007320171411292  0.00007638683085700  0.00007983608094246
  0.00008351230267463  0.00008712006680705  0.00009049073015939  0.00009386128139869
  0.00009717827751002  0.00010023412129267  0.00010333477015292  0.00010677791942564
  0.00011051355002043  0.00011441817195759  0.00011861423347796  0.00012304721047696
  0.00012751722380890  0.00013199432430318  0.00013662003758470  0.00014200129757097
  0.00014698447628359  0.00015190286148978  0.00015686150996039  0.00016273397447712
  0.00017036419725465  0.00017835833741345  0.00018654575929981  0.00019500548596811
  0.00020423637709014  0.00021394782255400  0.00022357677050621  0.00023323858849071
  0.00024361648473259  0.00025440449873885  0.00026725528726425  0.00028043966553774
  0.00029423206424069  0.00030786028468133  0.00032290786801119  0.00034024808635670
  0.00035900404061532  0.00037801686577455  0.00039880741989857  0.00042168503826598
  0.00044746316563278  0.00047560129223306  0.00050945732869397  0.00054231988516293
  0.00058431371818898  0.00062517103380606  0.00067490659711231  0.00071742390996335
  0.00075814369177024  0.00080685394540880  0.00087918707931492  0.00096429294003918
  0.00105949813967531  0.00117536366999197  0.00133390996748574  0.00156017642480600
  0.00185915625862260  0.00226447667132993  0.00262660823718518  0.00291173101435929
  0.00330035099058592  0.00676627384686309  0.01743374728283290  1.00000000000000000
 -0.00294825015832779  0.01038875416204241  0.02241201122516781  0.03397130438861096
  0.04546685936577286  0.05697861281304233  0.06820004405345820  0.07931172641549368
  0.08961816600597586  0.10012953697040020  0.10982867075100324  0.11994683745623105
  0.13042657613002692  0.14180720726712415  0.15306664220055580  0.16468552768701655
  0.17612692497948221  0.18781599512366501  0.19856105052384862  0.20874719881938281
  0.21895064667166797  0.22935122454843357  0.23960222018899865  0.24900360100467037
  0.25784540061185940  0.26697804808849573  0.27652731008891901  0.28632440981442053
  0.29618442308150783  0.30631221814441179  0.31657218985801810  0.32628306889103115
  0.33521956504315725  0.34409049850877699  0.35344792853145285  0.36322684228605029
  0.37370096213746273  0.38416321078666649  0.39498186715924444  0.40569900448847729
  0.41582383742317236  0.42589032263678295  0.43579030096083593  0.44567185790661473
  0.45589556308940249  0.46656039990402232  0.47774025291647759  0.48989735563325126
  0.50316157746154766  0.51412510000058109  0.52401213704687044  0.53432961975596316
  0.54628305543479183  0.55966872090382513  0.57198191801271769  0.58256100673249456
  0.59196097682176174  0.60146091772071708  0.61134962174814100  0.62121173130970431
  0.63114234304425598  0.64088534488042881  0.64983579758076626  0.65829673144710377
  0.66605261608462629  0.67359223648687039  0.68011448497808813  0.68692441701500651
  0.69440378814070214  0.70416835532549205  0.71527843469046548  0.72779905132895861
  0.74046279517962887  0.75279567905368017  0.76481076994497377  0.77696691421003128
  0.78894006199398281  0.80031866352315539  0.81166712455869316  0.82392490575297961
  0.83651033901340199  0.84824059718626588  0.85915403359427911  0.86904766666219613
  0.87867089092807305  0.88890142594745258  0.90022631870808090  0.91214515062720303
  0.92372538954638606  0.93458565064842092  0.94508499356724562  0.95587284736687406
  0.96695590054287228  0.97794201112303603  0.98879411309174681  1.00000000000000000
  0.00008598736840265  0.00012412482105291  0.00016044056684948  0.00018940669329098
  0.00021835130974926  0.00024725617726112  0.00027659380541944  0.00030636468218848
  0.00033728238367150  0.00036890473111220  0.00040126766578547  0.00043371116714510
  0.00046363552930990  0.00049088498756054  0.00051517173232740  0.00054068506572053
  0.00056517163389547  0.00058892283042307  0.00061235528179090  0.00063621453061215
  0.00066103587197499  0.00068704612819304  0.00071337385482304  0.00074015776813519
  0.00076755938533311  0.00079579227775688  0.00082518513451302  0.00085612082212777
  0.00088784315529619  0.00091926466474018  0.00094925320184243  0.00097832041931045
  0.00101505388050949  0.00105143851083762  0.00109295777665451  0.00114163601317845
  0.00118764474082904  0.00123626563807647  0.00128394967183567  0.00132953438675339
  0.00137260958564021  0.00141574658802538  0.00145868580917065  0.00150066938652464
  0.00154461942894938  0.00159457213634096  0.00165343219448710  0.00172128520938329
  0.00179513456030783  0.00187465825355476  0.00196777126159030  0.00206379871192204
  0.00216136264802485  0.00226432276996622  0.00237128198044001  0.00247299699324919
  0.00258119746159107  0.00268300272025804  0.00281090276071166  0.00292660855373642
  0.00304919024478703  0.00319120869065100  0.00332903979386318  0.00343397133234933
  0.00353892264185444  0.00364372449089218  0.00378180515222551  0.00392310490348151
  0.00402070238099929  0.00412353686273571  0.00427363152443280  0.00448612461489924
  0.00467060730388797  0.00484749057732144  0.00503149347662880  0.00521900251228851
  0.00543782572656376  0.00577267627484512  0.00621591126171057  0.00659289618959023
  0.00684182911082428  0.00714700279070633  0.00760986047733226  0.00808080935903926
  0.00847009751243863  0.00885182976452611  0.01006439353326772  0.01273027584590310
  0.01286694921732612  0.01300356875390513  0.01314003018022780  0.01327916190971123
  0.01342104199564816  0.01382777019425878  0.10750514656543093  1.00000000000000000
 -0.00243529685673060  0.01467159380743629  0.03479552088036563  0.05887598797053074
  0.08111225200772294  0.09723312433000261  0.11312539262031851  0.12838383503669448
  0.14431515849999776  0.16259907702644555  0.17960739605582185  0.19573541630332769
  0.20965962270841396  0.22296481768674753  0.23494417623142025  0.24419788654058053
  0.25214734929037502  0.26011852341341318  0.26905761237345927  0.27936038937241864
  0.28901815593267888  0.29757480940970216  0.30570341212880203  0.31302495518397933
  0.31966934088680876  0.32646007458853943  0.33366479913159164  0.34153105323909183
  0.34972608600723831  0.35784128460727227  0.36584158330454297  0.37385719126803418
  0.38154384677866127  0.38881106947636518  0.39589392528480766  0.40295928015122873
  0.41008694351401753  0.41734909985074176  0.42476033254771084  0.43219997628852003
  0.43916613879659633  0.44570858161589139  0.45213081872920313  0.45785311385456318
  0.46362542028752124  0.47015930989124333  0.47641668997385261  0.48256984427906557
  0.48894128389434427  0.49559715625111006  0.50320194211779246  0.51091307677987652
  0.51849587258509922  0.52526504747244041  0.53221332106905272  0.53942888764843544
  0.54660495797354369  0.55401307421634460  0.56091024678103185  0.56781673638102481
  0.57437774246674866  0.58112928296900601  0.58789563486001029  0.59510412547090141
  0.60287682388337738  0.61088295363670198  0.61888029342271722  0.62679893006468257
  0.63447837357428361  0.64185316373572709  0.65006292627467688  0.65836376158462984
  0.66718482605808982  0.67615786972984748  0.68514201047137502  0.69513230860420228
  0.70557324976014868  0.71582427170745866  0.72563465588711717  0.73601238640720423
  0.74734240908799787  0.75890539440055083  0.77154761403495908  0.78563582803765586
  0.79963054674792755  0.81339211123262478  0.82732485040113735  0.84302339971757756
  0.85804040323280850  0.87453539838549588  0.89336334375960302  0.91465667885883983
  0.93747373800431244  0.95985532199368373  0.98140309897755584  1.00000000000000000
  0.07562745901309653  0.15929727038094349  0.20190862418950201  0.24181801677461881
  0.28268873850895898  0.31521255500100664  0.34130547241239789  0.36243332532255962
  0.38204036515893242  0.40173662673149130  0.42177036443287075  0.43978864508318077
  0.45631752495225586  0.47278336708057794  0.48916665455858938  0.50463352671480899
  0.51946869318816646  0.53280072592241212  0.54487687152527664  0.55653011462556967
  0.56879030167237865  0.58111381561075337  0.59256259628943264  0.60322982630119659
  0.61422293029166963  0.62492955874026546  0.63425068319150468  0.64266947897526239
  0.65074161679976938  0.65854682332676096  0.66660255972788429  0.67472020887872675
  0.68252194760928042  0.69010325840498521  0.69725897543762927  0.70417004995757937
  0.71096450323179594  0.71764350605672289  0.72401290155626730  0.72979211580088121
  0.73536958992429535  0.74107040049711481  0.74669834248449796  0.75196539772890358
  0.75690626363504654  0.76172056299613466  0.76630171176101725  0.77115077119004638
  0.77595791403206105  0.78111802967950106  0.78625671222607108  0.79127217273625639
  0.79609219834393374  0.80073117961778884  0.80531920762551157  0.81007605179005293
  0.81487139790991636  0.81998418931617767  0.82524231058711628  0.83060935629167942
  0.83586882909819260  0.84043457151620526  0.84477614579276250  0.84904054758424952
  0.85324145362845749  0.85760435759880771  0.86196197592999102  0.86640233057328242
  0.87080578978564083  0.87509895344707811  0.87932941246309482  0.88362191744784535
  0.88793319737448395  0.89209518299952184  0.89623668842810711  0.90056927036562151
  0.90502584933757024  0.90954834433480591  0.91405938108785312  0.91845042442292790
  0.92274230848886474  0.92717190537526295  0.93172914285526631  0.93644659897714588
  0.94112644902207865  0.94553329575425116  0.94964045076368531  0.95356189402360447
  0.95759646207313709  0.96228343399315419  0.96704038224587752  0.97181239680617049
  0.97714840800178770  0.98380776522318902  0.99135403590398430  1.00000000000000000
 -0.01655035016751885  0.09306052098709722  0.12863624322874451  0.14641206045386904
  0.16072615369313351  0.17297999279917325  0.18425191988259490  0.19467914757502314
  0.20489445916360322  0.21549972608428999  0.22557273310855397  0.23533869019924786
  0.24445923324618576  0.25260365134948304  0.26000756009849957  0.26634452193880787
  0.27213804277701364  0.27791966733464968  0.28418155658752103  0.29078514448293419
  0.29738580080461752  0.30425671739106597  0.31140240937272878  0.31835045001026274
  0.32484652622961863  0.33157730177301781  0.33897955691814374  0.34639481314419485
  0.35285587758962916  0.35944011271429477  0.36646595052528369  0.37357005322047171
  0.38016852055478567  0.38614811780870983  0.39163854889513444  0.39699767929450297
  0.40235898336362480  0.40777766843949026  0.41312920537911718  0.41830060734203978
  0.42332699852927586  0.42830459048270220  0.43326241342669469  0.43817981614554308
  0.44311838943108411  0.44765876453847281  0.45221241158669678  0.45730065077186632
  0.46318418870726497  0.46985819925589511  0.47703587364312228  0.48350160761061950
  0.48962895115591881  0.49524002066396167  0.50121344076427721  0.50789775474392707
  0.51476877937647081  0.52098119678387034  0.52662114923223002  0.53226999322606805
  0.53808692316334028  0.54366663674197868  0.54892256875647438  0.55410180160454003
  0.55936941492958248  0.56490507029934256  0.57088184089797078  0.57635855270594838
  0.58173771539650276  0.58710043504364984  0.59273490390985106  0.59860127387977102
  0.60497459485208771  0.61221918724584967  0.62001613843647163  0.62817365652173573
  0.63620206833932158  0.64391444984616175  0.65168296787596702  0.65931442836486487
  0.66672690611408347  0.67469132243169228  0.68279187139571418  0.69201269359884365
  0.70220968686265994  0.71355850291426948  0.72530354732844704  0.73664997272069888
  0.74788711922533624  0.75996801068599851  0.77391922325918383  0.79072971244115764
  0.81114017193808674  0.83783887233792576  0.87665044702595230  1.00000000000000000
   1.2882040873094633E-008  -1.0000000000000000     
 F F F F F F F F F F F F F F F F F F F F F F F F F F F F F F F F
  <DiscreteSampler_grid>
  grouped_processes
  1 # 1 for a reference and 2 for a running grid.
  10 # Attribute 'min_bin_probing_points' of the grid.
  1 # Attribute 'grid_mode' of the grid. 1=='default',2=='initialization'
  0.0000000000000000 # Attribute 'small_contrib_threshold' of the grid.
  0.5000000000000000 # Attribute 'damping_power' of the grid.
 # binID   n_entries weight   weight_sqr   abs_weight
    46   10   6.080236089088330E+000   1.194627554740625E+002   6.080236089088330E+000
    47   10   6.080236089088298E+000   1.194627554740608E+002   6.080236089088298E+000
    49   10   2.766724064423609E+002   6.457040823689204E+005   2.766724064423609E+002
    50   10   2.766724064423611E+002   6.457040823689216E+005   2.766724064423611E+002
    58   10   6.080236089088331E+000   1.194627554740626E+002   6.080236089088331E+000
    59   10   6.080236089088295E+000   1.194627554740607E+002   6.080236089088295E+000
    61   10   2.766724064423610E+002   6.457040823689204E+005   2.766724064423610E+002
    62   10   2.766724064423610E+002   6.457040823689215E+005   2.766724064423610E+002
    67   10   1.570175538455603E+001   1.887110160869193E+003   1.570175538455603E+001
    68   10   1.570175538455605E+001   1.887110160869198E+003   1.570175538455605E+001
    70   10   1.570175538455604E+001   1.887110160869194E+003   1.570175538455604E+001
    71   10   1.570175538455605E+001   1.887110160869198E+003   1.570175538455605E+001
    79   10   1.570175538455604E+001   1.887110160869194E+003   1.570175538455604E+001
    80   10   1.570175538455604E+001   1.887110160869196E+003   1.570175538455604E+001
    82   10   1.570175538455604E+001   1.887110160869194E+003   1.570175538455604E+001
    83   10   1.570175538455605E+001   1.887110160869198E+003   1.570175538455605E+001
  </DiscreteSampler_grid>
