  0.00000266018579681  0.00000290139792536  0.00000297460548054  0.00000308271145181
  0.00000321044091598  0.00000335904216665  0.00000351795456339  0.00000369140278075
  0.00000389126196316  0.00000411437817816  0.00000435409263328  0.00000461753338398
  0.00000490302200740  0.00000519817904329  0.00000550426003822  0.00000582963413207
  0.00000617733513248  0.00000654896214774  0.00000693807940050  0.00000734012389555
  0.00000775525207896  0.00000819210966213  0.00000865511313954  0.00000914375993161
  0.00000965187381018  0.00001017256609018  0.00001070548393521  0.00001125966528305
  0.00001184025730851  0.00001243256490363  0.00001303460484236  0.00001367052612775
  0.00001433672060893  0.00001501839268629  0.00001575687000039  0.00001652609595191
  0.00001733851268239  0.00001818406939705  0.00001905328797161  0.00001993885431256
  0.00002084917197942  0.00002178061185743  0.00002272445885456  0.00002374352588507
  0.00002482361368903  0.00002592823902187  0.00002710536952416  0.00002832530055477
  0.00002957866609328  0.00003087915082388  0.00003222371490025  0.00003364822618350
  0.00003519016178979  0.00003680218673545  0.00003850871815695  0.00004032749918952
  0.00004223556273550  0.00004421445190640  0.00004630276561819  0.00004853235170829
  0.00005085258998390  0.00005326380287703  0.00005586394896065  0.00005870811277087
  0.00006178309888548  0.00006509713317118  0.00006864509164750  0.00007244142460832
  0.00007627577401220  0.00008044356147980  0.00008496150653756  0.00008993009800407
  0.00009527589710827  0.00010095627844596  0.00010708171694631  0.00011400810271683
  0.00012191044291983  0.00013086674144648  0.00014089821360227  0.00015219590003294
  0.00016529870074472  0.00018123542694083  0.00019337282701267  0.00020705639148485
  0.00022298344957482  0.00024026133856838  0.00026921256267074  0.00031078471629798
  0.00036653066049300  0.00044599553728787  0.00056173278748456  0.00077115368298058
  0.00132286090258496  0.00849858288758445  0.14696363524739606  1.00000000000000000
  0.00000231296399524  0.00000273112612023  0.00000309707452775  0.00000344917592785
  0.00000380372319464  0.00000416490470193  0.00000452946213869  0.00000490667276850
  0.00000529356819528  0.00000568445034171  0.00000608642394039  0.00000649801236127
  0.00000691841475355  0.00000735435816072  0.00000780698625502  0.00000828640822520
  0.00000878652379710  0.00000929193995047  0.00000980846031835  0.00001034154129071
  0.00001089007060732  0.00001145174486105  0.00001201794845045  0.00001258717931346
  0.00001316652221599  0.00001378884174080  0.00001443819012081  0.00001513413670461
  0.00001586994525794  0.00001662422372879  0.00001741079784457  0.00001821838058763
  0.00001903965557208  0.00001989717466728  0.00002080138740536  0.00002173993188587
  0.00002270952321423  0.00002371890916219  0.00002476473651401  0.00002583610646059
  0.00002692931361387  0.00002805396363286  0.00002923408426644  0.00003047176145786
  0.00003179059559958  0.00003312888363159  0.00003449340357327  0.00003592132535419
  0.00003742035416633  0.00003899963922487  0.00004064211392510  0.00004236981340127
  0.00004419524291559  0.00004610914111564  0.00004815044968978  0.00005032382219222
  0.00005258113862851  0.00005492518650955  0.00005742853305595  0.00006010630971695
  0.00006288657685230  0.00006581075729952  0.00006898038357517  0.00007235710799958
  0.00007592953190905  0.00007968958828361  0.00008360249641317  0.00008788480294078
  0.00009264400375092  0.00009782367982279  0.00010342118308381  0.00010938985749725
  0.00011578160932183  0.00012272788261065  0.00013036293357629  0.00013892009629509
  0.00014845230848869  0.00015895244795322  0.00017047070308594  0.00018360968976940
  0.00019946272120047  0.00021894355536526  0.00023566201956671  0.00025108404094049
  0.00026964398738254  0.00029000565468595  0.00031895138541561  0.00036469023240704
  0.00042630683597179  0.00051149165351142  0.00065593770705557  0.00092744061713806
  0.00174548156170957  0.01494765087334485  0.17987110385901900  1.00000000000000000
 -0.00224175615168168  0.00894100888694488  0.01889586029844946  0.02968255548968826
  0.04035087165243365  0.05095326171188460  0.06148244985372558  0.07187006993177796
  0.08249128166474468  0.09313298283966158  0.10399275589392046  0.11468487829142170
  0.12549149831647932  0.13663219742886484  0.14775341454621088  0.15880419843598648
  0.16974119478659891  0.18046196308333290  0.19072642534774115  0.20090523643028599
  0.21151701958409075  0.22263356361041414  0.23396046031619280  0.24485423602944195
  0.25542112862584315  0.26570374621566528  0.27609678687572797  0.28684441069103511
  0.29767625763723965  0.30834600492736097  0.31898406624175857  0.32951694888987909
  0.34034018391915388  0.35133689185509298  0.36259535627607203  0.37421035183015894
  0.38579054206119823  0.39705441407858405  0.40774076244137075  0.41819680142080307
  0.42855391790480390  0.43934516346144037  0.45001963834506714  0.46056549674672481
  0.47095832553891126  0.48160453617686194  0.49217751488208300  0.50260006986329142
  0.51299498899450324  0.52355510159734342  0.53432521993671367  0.54502687116622950
  0.55563978607392961  0.56634836536666877  0.57718769699346006  0.58823276524243073
  0.59904369570850591  0.60881340017599161  0.61615604481831987  0.62278276034676128
  0.62957827910610886  0.63687222379400421  0.64533652919544560  0.65672490148640517
  0.66771643998793240  0.67864357350683568  0.68951409751764869  0.70046921791918537
  0.71129757994893050  0.72177514821777322  0.73208868725995380  0.74260544400537520
  0.75316823816228606  0.76383079301526291  0.77483670225504986  0.78614421792475231
  0.79715129083140879  0.80785886447011501  0.81869633977078649  0.82975724825288422
  0.84096178487683693  0.85203497837546971  0.86293039764949819  0.87372649501004229
  0.88472198538618596  0.89555797747622734  0.90609299332979709  0.91636311504563617
  0.92697356055966318  0.93777994570481360  0.94793094332582750  0.95813373621989095
  0.96795630937430677  0.97862036530529461  0.98927517661129571  1.00000000000000000
  0.00009345012011402  0.00010789656291848  0.00023918770827522  0.00038297013646162
  0.00052843083457867  0.00067577402671754  0.00084762024704323  0.00103185709959297
  0.00122353690438767  0.00137771335312490  0.00154858200105231  0.00173558716129881
  0.00193740976946271  0.00215224032463555  0.00237725231361150  0.00261117014054010
  0.00285316547732660  0.00310444559507507  0.00336546862053383  0.00363665931502335
  0.00391881015704777  0.00420878524977451  0.00451158052921893  0.00482401630748323
  0.00514569618249459  0.00547549556335261  0.00581548200734556  0.00616677903300634
  0.00652299305204492  0.00688495693201410  0.00726073249822188  0.00764993744605359
  0.00805153772268307  0.00846794071744989  0.00889729445155870  0.00933554803561659
  0.00979024363556137  0.01026832192483609  0.01075733642643132  0.01126012121571301
  0.01176742055872650  0.01227748422243005  0.01281414076085195  0.01337398022502886
  0.01395075764610085  0.01454052449981516  0.01514676288747158  0.01576153048007320
  0.01637650445441029  0.01700028964329231  0.01763830203102857  0.01829869519221746
  0.01896387618179957  0.01965266121198684  0.02037725262196402  0.02113653708540578
  0.02191903243673898  0.02274551912547472  0.02362511565754090  0.02453163808866629
  0.02544435088861353  0.02638512418136981  0.02736025136254987  0.02839067144677702
  0.02945725133169893  0.03057185684920068  0.03166102729088754  0.03278996767462926
  0.03393706465735839  0.03505040051243213  0.03619567203377930  0.03745978807610971
  0.03878549168694286  0.04008786336041287  0.04143919476846394  0.04301558301385708
  0.04486323973054621  0.04672488688644081  0.04853348863380873  0.05042741928202306
  0.05252026641159244  0.05478926263117283  0.05709760614209127  0.05962240222042735
  0.06224578572833058  0.06515976508210174  0.06886269300663955  0.07324164101930661
  0.07868205777277920  0.08539863528831049  0.09262011341101528  0.10126139353554496
  0.11326535902820059  0.13635552314051222  0.76958864552316164  1.00000000000000000
 -0.00251361324042031  0.01035125961450866  0.02153895828419976  0.03382161250932376
  0.04612513409791293  0.05835774243434923  0.07052808521376552  0.08277865434789139
  0.09524089757071970  0.10757037635232969  0.11963127749203939  0.13172316120959840
  0.14413621458407869  0.15661568159947284  0.16887094320056437  0.18036468887542606
  0.19073010704155199  0.20062459799606144  0.21073069858570101  0.22161059203619032
  0.23242588997341640  0.24295711075992776  0.25345501275996718  0.26388607950043991
  0.27425845321814113  0.28441319837013329  0.29460433288177634  0.30463932382744341
  0.31417411003854923  0.32377238198899261  0.33349212703681624  0.34338114659470670
  0.35320109628592189  0.36286131602457350  0.37244742968270406  0.38203171026534644
  0.39164290449274114  0.40106513476994832  0.41065943289327794  0.42030787619861881
  0.42987506277525711  0.43946483254013413  0.44908768902429419  0.45879460511934789
  0.46860312191575365  0.47840821634924596  0.48807031524564104  0.49738251862402638
  0.50632996447815526  0.51527476775054015  0.52443039957021886  0.53372133562339852
  0.54312501242245104  0.55275990456176782  0.56253341099109944  0.57227451953801389
  0.58195863416717675  0.59173491896621544  0.60164373349718581  0.61173570351968565
  0.62185621959398241  0.63177282594794160  0.64156431371423905  0.65147235387395763
  0.66166910631246700  0.67219303525695784  0.68270824377392481  0.69283785043673340
  0.70286489126262131  0.71302092646941062  0.72365428540354260  0.73499219009575312
  0.74610994501212025  0.75718690426236634  0.76805558323269740  0.77884655246838896
  0.78966395844559323  0.80069124847136020  0.81219324895612044  0.82407835584826050
  0.83607870651226401  0.84813549446239644  0.86003450979310025  0.87183527212792855
  0.88350121146777105  0.89561255192775913  0.90816132436984243  0.92102456232160235
  0.93377271013630325  0.94539280879130383  0.95301588991674169  0.96105192283698826
  0.96924895866050220  0.97711948517444491  0.98856654133808020  1.00000000000000000
  0.02807570134764760  0.28924417693731458  0.39640739918748324  0.44744024173387942
  0.47892613230138303  0.50326014848474798  0.52480721365586724  0.54695178694752167
  0.56732606202355029  0.58589565434789859  0.60909788005629784  0.63153883681936973
  0.65437933528999392  0.67489954200636426  0.69417918888067920  0.71215216669125048
  0.72962274107426417  0.74571909518479373  0.76076874644216685  0.77495669327365724
  0.78803434460723043  0.79995369723748644  0.81086757717964097  0.82103253736624759
  0.83054790130868938  0.83946597080283636  0.84780530375508256  0.85554236265295236
  0.86273810645544702  0.86948013306306859  0.87577135309936061  0.88165628309976085
  0.88721419492618470  0.89246332843170995  0.89640751926014905  0.89956105309702461
  0.90270749129480787  0.90571318724230043  0.90887827808202015  0.91311385262634459
  0.91704971430524918  0.92078696886213807  0.92439160727923786  0.92785575099468731
  0.93117299189656766  0.93434258132034209  0.93735047054145659  0.94016870206894054
  0.94284442916139866  0.94536821164472551  0.94779557529005731  0.95012371384856131
  0.95233033484218044  0.95443592649619491  0.95654448124305014  0.95853616276501441
  0.96042371233736257  0.96221991493804904  0.96393109059660531  0.96557161399586067
  0.96717363388499755  0.96872644872519520  0.97023565366607745  0.97168485864300547
  0.97307729259252806  0.97442061299792027  0.97571503964900197  0.97695669707454369
  0.97815214031393716  0.97929643895972385  0.98037938550502468  0.98141319486194034
  0.98242216688009187  0.98341220651622252  0.98438097077086384  0.98532835390583462
  0.98624299979558672  0.98711607522396605  0.98796001510289388  0.98877557679381956
  0.98955960888298011  0.99030411282774167  0.99102822837304749  0.99172484901943436
  0.99239899757137684  0.99305353522114870  0.99369020351977799  0.99431105553939814
  0.99491712121816733  0.99550817163823424  0.99608848754045409  0.99667149462925786
  0.99727648068058816  0.99793555010981128  0.99880761373899196  1.00000000000000000
 -0.03020268542051535  0.13202050863702774  0.17872054582034594  0.20639426166492930
  0.22837082913719389  0.24634195413598359  0.26221968975216292  0.27673208772239977
  0.28965876088648496  0.30098512791126691  0.31179149262395273  0.32271173578274981
  0.33352772972750672  0.34395928278763060  0.35398002332122025  0.36363545283221721
  0.37300104563736203  0.38211269793827091  0.39095959964663812  0.39958017106416777
  0.40800099686281094  0.41625318446199250  0.42435553414624189  0.43227252497620738
  0.44002905625438221  0.44767107642967852  0.45520917985328385  0.46268312635988723
  0.47002467559788175  0.47709085826546094  0.48367746338197160  0.48999526511759101
  0.49627042705225638  0.50267466201595801  0.50890115351666854  0.51501004674442841
  0.52103748308845677  0.52699494571200411  0.53278909828652798  0.53849495176316020
  0.54432411591317442  0.55036620039428641  0.55653426529085726  0.56259801608908722
  0.56861458787604247  0.57456973003460232  0.58037881494007548  0.58615654987459731
  0.59190900165670735  0.59759622696570669  0.60326330173508869  0.60891300480921218
  0.61456640763732406  0.62025595889288843  0.62599882265546669  0.63172663856346756
  0.63731881103467292  0.64281179340308237  0.64830869590168227  0.65385074966696244
  0.65944701498877623  0.66492292688686805  0.67036609501995270  0.67598513829737328
  0.68176133470187972  0.68758514412273808  0.69334589399758118  0.69892730053705177
  0.70455588794226220  0.71013458663592199  0.71551600477259691  0.72101391289358518
  0.72656311442618837  0.73230594424946849  0.73831020143398285  0.74454435192887569
  0.75073582981061682  0.75627617238190958  0.76038755017056903  0.76474421091777001
  0.76921787594152014  0.77407627101710197  0.78053697353552742  0.78767728798444037
  0.79432667195209528  0.80095366458043271  0.80800228844791588  0.81601881812315302
  0.82503677597326941  0.83476094995031547  0.84538489759911450  0.85731284778145034
  0.87113706109604583  0.88853301053435696  0.91701444603720450  1.00000000000000000
   3.7792274083340342E-007  -1.0000000000000000     
 F F F F F F F F F F F F T F F F F F F F F F F F F F F F T F F F
  <DiscreteSampler_grid>
  grouped_processes
  1 # 1 for a reference and 2 for a running grid.
  10 # Attribute 'min_bin_probing_points' of the grid.
  1 # Attribute 'grid_mode' of the grid. 1=='default',2=='initialization'
  0.0000000000000000 # Attribute 'small_contrib_threshold' of the grid.
  0.5000000000000000 # Attribute 'damping_power' of the grid.
 # binID   n_entries weight   weight_sqr   abs_weight
    112   10   5.633247475521538E+004   1.468422388141503E+010   5.633247475521538E+004
    113   10   5.633247475521720E+004   1.468422388141605E+010   5.633247475521720E+004
    115   10   1.631848635673620E+002   1.190441930529394E+005   1.631848635673620E+002
    116   10   1.631848635673673E+002   1.190441930529477E+005   1.631848635673673E+002
    154   10   5.633247475521538E+004   1.468422388141503E+010   5.633247475521538E+004
    155   10   5.633247475521720E+004   1.468422388141605E+010   5.633247475521720E+004
    157   10   1.631848635673621E+002   1.190441930529394E+005   1.631848635673621E+002
    158   10   1.631848635673673E+002   1.190441930529477E+005   1.631848635673673E+002
    163   10   3.012580576203774E+003   4.194828544777234E+007   3.012580576203774E+003
    164   10   3.012580576203873E+003   4.194828544777526E+007   3.012580576203873E+003
    166   10   3.012580576203773E+003   4.194828544777229E+007   3.012580576203773E+003
    167   10   3.012580576203872E+003   4.194828544777523E+007   3.012580576203872E+003
    202   10   3.012580576203775E+003   4.194828544777235E+007   3.012580576203775E+003
    203   10   3.012580576203873E+003   4.194828544777526E+007   3.012580576203873E+003
    205   10   3.012580576203773E+003   4.194828544777229E+007   3.012580576203773E+003
    206   10   3.012580576203872E+003   4.194828544777523E+007   3.012580576203872E+003
    226   10   5.570103807160111E+004   1.437523411975478E+010   5.570103807160111E+004
    227   10   5.570103807160295E+004   1.437523411975579E+010   5.570103807160295E+004
    229   10   2.846944201200495E+002   2.113386210502757E+005   2.846944201200495E+002
    230   10   2.846944201200548E+002   2.113386210502839E+005   2.846944201200548E+002
    244   10   5.570103807160111E+004   1.437523411975479E+010   5.570103807160111E+004
    245   10   5.570103807160295E+004   1.437523411975580E+010   5.570103807160295E+004
    253   10   2.846944201200495E+002   2.113386210502756E+005   2.846944201200495E+002
    254   10   2.846944201200546E+002   2.113386210502838E+005   2.846944201200546E+002
    274   10   2.970985797463165E+003   4.106567650597741E+007   2.970985797463165E+003
    275   10   2.970985797463264E+003   4.106567650598031E+007   2.970985797463264E+003
    277   10   2.970985797463167E+003   4.106567650597745E+007   2.970985797463167E+003
    278   10   2.970985797463264E+003   4.106567650598031E+007   2.970985797463264E+003
    295   10   2.970985797463165E+003   4.106567650597741E+007   2.970985797463165E+003
    296   10   2.970985797463264E+003   4.106567650598031E+007   2.970985797463264E+003
    304   10   2.970985797463167E+003   4.106567650597745E+007   2.970985797463167E+003
    305   10   2.970985797463264E+003   4.106567650598031E+007   2.970985797463264E+003
  </DiscreteSampler_grid>
