 -0.00432354934423357  0.01869644477369249  0.03457861561007260  0.04838646488270384
  0.06110493642698595  0.07293249063441437  0.08399261806076029  0.09431431321322986
  0.10412750699733644  0.11377669170179150  0.12375487610990216  0.13430286386217094
  0.14476428815157844  0.15533476071896787  0.16549992013540202  0.17566350609615577
  0.18594523307364313  0.19743178345582338  0.20854268525930525  0.21922223164588858
  0.22972408556668744  0.24052874941657898  0.25095131832898782  0.26096813485483922
  0.27098422073243666  0.28109255088334861  0.29135641332422174  0.30112024439230611
  0.31053826009164937  0.32010890974202100  0.32979415118672334  0.33950930419279890
  0.34895570564972223  0.35839214068188030  0.36787290309534948  0.37720934380921928
  0.38636818632980857  0.39566023227667257  0.40561483963335676  0.41623035734071734
  0.42705129031583755  0.43835601634634669  0.44977496061804373  0.46117007820440581
  0.47221395684970940  0.48281284531530905  0.49334125962231101  0.50394671364425980
  0.51465761538902099  0.52543515862771339  0.53570709014264306  0.54588735748243955
  0.55636740323242861  0.56735164575110253  0.57807448788374316  0.58860313591702174
  0.59926541017260482  0.61061383252160928  0.62215100177421168  0.63330875629357142
  0.64399972541021544  0.65425324299359588  0.66471022585229733  0.67525420294611471
  0.68598511713284083  0.69639072257839973  0.70671884489590997  0.71730293252393140
  0.72781189067773400  0.73840634473377498  0.74876418451733495  0.75945695920200740
  0.77022191302010468  0.78053199624527081  0.79146479180122242  0.80168031714529120
  0.81254189346586569  0.82309582685024618  0.83389934876166805  0.84436653064299594
  0.85458750250652082  0.86493950404727349  0.87523696078137037  0.88553079881948515
  0.89580077852197304  0.90626039456215746  0.91696549961935858  0.92713119024890023
  0.93672321403023029  0.94554275771189689  0.95418554124902266  0.96296858408875008
  0.97218831584276855  0.98138369131133973  0.99083504011143197  1.00000000000000000
 -0.00000011606936717  0.00000982893004014  0.00001450711924542  0.00001862353033713
  0.00002245767222589  0.00002621720376371  0.00003006870115220  0.00003411846438423
  0.00003840116146585  0.00004288132867286  0.00004752753380217  0.00005248144550291
  0.00005771249830386  0.00006325511128234  0.00006877634147302  0.00007413497875345
  0.00007938833208677  0.00008467365212271  0.00008997662115438  0.00009520445549965
  0.00010027392856695  0.00010524596839224  0.00011025599809615  0.00011542185946907
  0.00012069849070225  0.00012604963614472  0.00013145328690425  0.00013685204207374
  0.00014248012032101  0.00014833112568630  0.00015420878023462  0.00016044399404793
  0.00016694164291186  0.00017333254181385  0.00017975164700359  0.00018663796565248
  0.00019400534719441  0.00020147873810083  0.00020909751188980  0.00021712997602493
  0.00022528363888705  0.00023343276875312  0.00024222465950300  0.00025185426049124
  0.00026139818405462  0.00027097911366887  0.00028087630092263  0.00029135315464353
  0.00030227757177765  0.00031383350675569  0.00032603111587059  0.00033826351264546
  0.00035089497868423  0.00036419147999506  0.00037859072285642  0.00039326764719904
  0.00040838065766313  0.00042411336698844  0.00044026464558956  0.00045618720558387
  0.00047357876329906  0.00049249018607149  0.00051152423747094  0.00053048128776569
  0.00055024419239502  0.00057142376682953  0.00059435967852035  0.00062020220680188
  0.00064852278764866  0.00067754031276712  0.00070608963002778  0.00073393812211114
  0.00076191615206488  0.00079108391762239  0.00082511756024952  0.00086354435889261
  0.00090384103251526  0.00094881450759993  0.00099465764214766  0.00103810222462332
  0.00108421323922730  0.00113210240387367  0.00118295067472712  0.00123870178524900
  0.00130160551807074  0.00137806325393733  0.00146591316042257  0.00156808689222865
  0.00168362043904031  0.00180458032780484  0.00195029197062257  0.00216253386278753
  0.00268981267345698  0.00340900052535132  0.00727981782155237  1.00000000000000000
 -0.00005167250718422  0.00644222421024452  0.01104633611331669  0.01560332897109994
  0.02022078467232815  0.02488519593032885  0.02974800185661091  0.03462236781925349
  0.03948675837529841  0.04412388118727357  0.04878930737623280  0.05364743702659761
  0.05870158446068537  0.06361597477558394  0.06841274984682072  0.07330160314736633
  0.07832056918697244  0.08336224099308019  0.08847063038342443  0.09369760158030645
  0.09903743870041853  0.10470165052837063  0.11030764268334498  0.11593727837907068
  0.12141926643567284  0.12713600796480723  0.13297721308262694  0.13866271626863219
  0.14430302080493657  0.15021829220708119  0.15646526125642923  0.16289920264537422
  0.16938955233341016  0.17593799670740332  0.18250988995933129  0.18909087141246197
  0.19592926982992315  0.20293317728212770  0.20980606407250019  0.21643233363009917
  0.22295174219973776  0.22957823067246338  0.23631447819587439  0.24313072348363923
  0.25002892427602164  0.25713455189845408  0.26452614950875136  0.27221662383843703
  0.28029757049355430  0.28854394619698326  0.29665275931299601  0.30498231213302085
  0.31317989714641919  0.32219930455507312  0.33109260783014072  0.34022353286170431
  0.34968071111175497  0.35927260815115908  0.36882080191864558  0.37825794052830525
  0.38754557941500645  0.39702529896251598  0.40657949881013505  0.41618204768709166
  0.42619708572572124  0.43648800816289157  0.44713267024640502  0.45822071224277094
  0.46980334522889627  0.48145389099862107  0.49298174911343917  0.50445223007842133
  0.51635874379942448  0.52859626604538978  0.54120964616175904  0.55384396937479319
  0.56738193523793956  0.58138544954968352  0.59627723120962439  0.61168221104265386
  0.62839525146542718  0.64694617478479388  0.66563552207294974  0.68414341748564411
  0.70291956561464475  0.72284204317989720  0.74328960660811050  0.76481758888403484
  0.78981405427975782  0.81681209142699740  0.84602232206799233  0.87968060301992201
  0.91379107845510854  0.94399061740930490  0.97178046508954741  1.00000000000000000
 -0.00239839357130504  0.01097481109796039  0.02162568672012052  0.03231924701609021
  0.04234710337503939  0.05241234840549930  0.06270360811833203  0.07351691084978670
  0.08460796221636924  0.09508726009587000  0.10596145682577876  0.11641771437654222
  0.12685501581334691  0.13713770385962495  0.14707238924374519  0.15710327970547022
  0.16750350292271110  0.17864302185733755  0.18976102250024204  0.20090675790263002
  0.21232200382700878  0.22385143816234812  0.23472916112738598  0.24503060458987980
  0.25492484198750709  0.26493954574268452  0.27519478740787867  0.28565609484050941
  0.29562026515851153  0.30481140058988793  0.31411041292635239  0.32383434422316038
  0.33399312992905078  0.34443872576003132  0.35493370778309069  0.36567906672172368
  0.37615427242473964  0.38636074457016784  0.39679580084915678  0.40732241013352127
  0.41817163505496158  0.42925324779726914  0.44017260408234726  0.45044072132124968
  0.46029782687703247  0.47023185862289324  0.47989486697451827  0.48943662879349131
  0.49916799939909906  0.50966087435765095  0.52056726099238648  0.53135098064689146
  0.54219925511747158  0.55377915148387324  0.56487856798924163  0.57591237788500582
  0.58641502886782237  0.59664705377036475  0.60663267468677551  0.61684100336216019
  0.62712565523212671  0.63766860851208196  0.64840405943661017  0.65945530432222521
  0.67074698631085661  0.68202245197455946  0.69302730014965286  0.70350266770742409
  0.71382457690266143  0.72436073737169526  0.73501387274092933  0.74572145808810630
  0.75633194182993047  0.76665529533487820  0.77703878884713129  0.78750284752495414
  0.79829374168799194  0.80894085983306041  0.81967495754474140  0.83056121672002048
  0.84120215732715919  0.85181543196657850  0.86238911988910405  0.87310243423845146
  0.88347803848945161  0.89363591715836621  0.90406811285691224  0.91464201262847689
  0.92470149497232512  0.93489665807213107  0.94514977185630289  0.95584901646739739
  0.96623450371615571  0.97683335818506467  0.98818215264508724  1.00000000000000000
 -0.00206791632057216  0.00917615617467953  0.01866059460949954  0.02830013728090144
  0.03779828269058009  0.04763796350456583  0.05771782835771878  0.06768421610154066
  0.07798098060644518  0.08901877113516100  0.10082476961594121  0.11178288656364557
  0.12234780317529868  0.13296057852990464  0.14344257155890686  0.15368543727990308
  0.16387302114533661  0.17404370630919375  0.18472564113566073  0.19536046076102317
  0.20596857641136268  0.21622036790839386  0.22651492879755847  0.23691070797504793
  0.24676698401271319  0.25648784514831274  0.26640325100948425  0.27673901595463735
  0.28777869768841235  0.29877636757856357  0.30970148737831155  0.32102901894097030
  0.33263183069866747  0.34367929333561714  0.35469651025113591  0.36670739635393762
  0.37890887982290017  0.39065027722023737  0.40177109340585915  0.41373404068242986
  0.42499914569096070  0.43571821297295010  0.44626165289730430  0.45647476287451788
  0.46636742393202968  0.47620276750235824  0.48615011305300204  0.49615061174137259
  0.50575065159624621  0.51502977714980602  0.52457004887282310  0.53482875097915816
  0.54564735089102001  0.55692292467853177  0.56811748678914675  0.57915894582028671
  0.59012834024203220  0.60088856680240010  0.61231043217694525  0.62398981693387767
  0.63572210920490069  0.64690184415641783  0.65691515370240550  0.66694261527424792
  0.67658297408754731  0.68671687206871401  0.69631946514300735  0.70578064918564853
  0.71549528586284727  0.72542634881949364  0.73538730271333730  0.74518799791403822
  0.75531456394578200  0.76632140291144812  0.77678758305123763  0.78636432517760846
  0.79590342966896355  0.80568024154164475  0.81570024677382302  0.82560048241997397
  0.83565108226031959  0.84606128967208361  0.85723047201706459  0.86893413122938556
  0.88079871394431131  0.89266431138473223  0.90441006823482284  0.91617556017044843
  0.92706265223006312  0.93746946110204421  0.94785404118867533  0.95804694124228085
  0.96820860543086951  0.97847011192942290  0.98912085436527397  1.00000000000000000
 -0.00866169938657268  0.09463907086796484  0.14779977114826179  0.17063323788700663
  0.18523624358422763  0.19655285423506721  0.20640843443623064  0.21543017544326459
  0.22393444197670501  0.23222914812728762  0.24016329811203663  0.24789693296775675
  0.25545291400916326  0.26298472028541464  0.27066390019500025  0.27829273598015369
  0.28551054310174578  0.29245547509734787  0.29919089736138693  0.30580674192095736
  0.31245407909908463  0.31894550441030295  0.32550290697324102  0.33196456436731664
  0.33858487714786201  0.34527451285651173  0.35185917826971125  0.35851185079776937
  0.36517199116788618  0.37191094928848561  0.37895929000710987  0.38635882637585212
  0.39366409176422268  0.40071855935505774  0.40773352784919686  0.41461639554147489
  0.42145257692076171  0.42847663094067384  0.43556955753252935  0.44293289261352531
  0.45013356458506215  0.45728545818812072  0.46444352207324407  0.47167508945710879
  0.47880519548727773  0.48571764672428891  0.49255950088810219  0.49940338460488348
  0.50605694509641597  0.51297608233883063  0.51983330479595480  0.52669078824419768
  0.53322263832924122  0.53991419326018131  0.54697797991736885  0.55419083878248843
  0.56134440443893163  0.56846325964855660  0.57551220514433377  0.58255197939891223
  0.58956432712191664  0.59666580298308769  0.60381228791056374  0.61074229323762708
  0.61757162094838158  0.62441199963798433  0.63171105945940276  0.63937774119098367
  0.64728233320786244  0.65529880090891646  0.66322347672143933  0.67128777747120016
  0.67953076073995811  0.68805209987353844  0.69643570166857460  0.70513728612591520
  0.71416610036026373  0.72329486526080866  0.73226946654707548  0.74131258651287935
  0.75054541898320493  0.75985375280383927  0.76921272310621680  0.77891089828102089
  0.78916504487098293  0.79982296792484275  0.81073358290157627  0.82225128628949218
  0.83515718962899399  0.84972297001958552  0.86549963002586316  0.88225093357018125
  0.89992309541259219  0.92078670612062474  0.94644874732456930  1.00000000000000000
 -0.01825457247552404  0.11312793046665182  0.14809726394067455  0.16932843285106175
  0.18702776830598178  0.20349277053585943  0.21845385918957710  0.23183517092018960
  0.24418162494375453  0.25580888876564339  0.26638335106418953  0.27678440220341155
  0.28714645165648889  0.29740250640336174  0.30686201867564250  0.31572252063687806
  0.32424139957302384  0.33270956319298423  0.34074869325939527  0.34838271977050606
  0.35580469519041563  0.36320746885838506  0.37077281506061477  0.37832179337887256
  0.38579664718143086  0.39325612366442447  0.40058221155475193  0.40779788155740576
  0.41486203655887260  0.42151498588754488  0.42786257314520981  0.43410041394892074
  0.44024247111855153  0.44638389805501816  0.45256840320147573  0.45872449116332598
  0.46485780033234048  0.47082125709801870  0.47664305241984556  0.48240940977636565
  0.48838989146756101  0.49460988488064717  0.50105430874598567  0.50755208241481264
  0.51411947913995237  0.52066555116185664  0.52715564437596707  0.53345454296038530
  0.53948471727538028  0.54524325168207421  0.55077830372210879  0.55649367986590803
  0.56227367322980015  0.56802384394482763  0.57379912010081413  0.57956595146316370
  0.58508831159451513  0.59080104092556196  0.59644897305353350  0.60226108935859424
  0.60833104854917575  0.61443052110385044  0.62044409255389177  0.62648442458590459
  0.63272625787631376  0.63930472686442652  0.64603728494923951  0.65261031456878249
  0.65878379598028991  0.66467288450883633  0.67065336250437924  0.67688560833338751
  0.68359104074588850  0.69036435776472416  0.69714794601336394  0.70375736427376323
  0.71069695468041172  0.71787256335378735  0.72528464306604246  0.73277679777314286
  0.74054383968699600  0.74848305237368096  0.75712585091325280  0.76622866145477386
  0.77573515128461568  0.78563482225881309  0.79584598713849752  0.80649891680216568
  0.81753634397772401  0.82936181936480180  0.84242341782748664  0.85704616021194491
  0.87367458363429262  0.89462564481825269  0.92630567079044912  1.00000000000000000
   3.3733531340804745E-007  -1.0000000000000000     
 F F F F F F F F F F F F F F F F F F F F F F F F F F F F F F F F
  <DiscreteSampler_grid>
  grouped_processes
  1 # 1 for a reference and 2 for a running grid.
  10 # Attribute 'min_bin_probing_points' of the grid.
  1 # Attribute 'grid_mode' of the grid. 1=='default',2=='initialization'
  0.0000000000000000 # Attribute 'small_contrib_threshold' of the grid.
  0.5000000000000000 # Attribute 'damping_power' of the grid.
 # binID   n_entries weight   weight_sqr   abs_weight
    43   10   1.379902786774618E+003   5.126746794121467E+006   1.379902786774618E+003
    44   10   1.379902786774618E+003   5.126746794121465E+006   1.379902786774618E+003
    46   10   7.373951500190013E+001   1.464014704439500E+004   7.373951500190013E+001
    47   10   7.373951500190013E+001   1.464014704439499E+004   7.373951500190013E+001
    49   10   2.582240608579120E+004   1.795305239170903E+009   2.582240608579120E+004
    50   10   2.582240608579121E+004   1.795305239170904E+009   2.582240608579121E+004
    52   10   1.379902786774618E+003   5.126746794121470E+006   1.379902786774618E+003
    53   10   1.379902786774619E+003   5.126746794121467E+006   1.379902786774619E+003
  </DiscreteSampler_grid>
