  0.02491636500464759  0.03222718069660645  0.04141828592838467  0.05076471297155181
  0.06022068127679517  0.06991993739752753  0.07931672466321818  0.08867708618504372
  0.09812432082821271  0.10785675621414025  0.11796441091491384  0.12807566827700062
  0.13836574508345514  0.14902643238923635  0.16036388142558064  0.17093747915021976
  0.18055193642728709  0.19079161426450908  0.20155110858312081  0.21174773992703227
  0.22112974513436445  0.23114911246040210  0.24211290850314160  0.25287984405088326
  0.26275410479575362  0.27271118225225466  0.28295678627314730  0.29305990201933840
  0.30326430397530396  0.31386309064034024  0.32457346841133117  0.33471681100629469
  0.34441315139466100  0.35399981910807993  0.36381149029437604  0.37386585148764945
  0.38425578946724204  0.39487104611878626  0.40559495088574449  0.41610452484093141
  0.42636328193474377  0.43649953800706248  0.44697601937270254  0.45703472505830534
  0.46783322748240558  0.47813998750442460  0.48848901926886285  0.49869816882918011
  0.50924066413310476  0.51985391615037924  0.53044181575736504  0.54107461328230566
  0.55127587712906578  0.56130579208389508  0.57129466835649245  0.58135997904903025
  0.59170194581186686  0.60145080043372923  0.61185421936455409  0.62261233914746827
  0.63356695717952394  0.64432338554353707  0.65456466319360906  0.66494923206561518
  0.67601186436165661  0.68756032671404688  0.69860773293338674  0.70865799886023551
  0.71812865477794263  0.72744264693819394  0.73703685868744140  0.74636274533363889
  0.75638204330248415  0.76643244731082705  0.77608183913925355  0.78552229750274039
  0.79514952595401145  0.80542271553622502  0.81566725474258617  0.82536477560330468
  0.83507207937006278  0.84498915624986792  0.85451052302320030  0.86362502975152822
  0.87278272347676855  0.88270818439024834  0.89287967685060265  0.90347351119564656
  0.91383926599802234  0.92562447149364147  0.93721835531458242  0.94784072327593283
  0.95786632456302379  0.96624875822261125  0.97050812691826127  1.00000000000000000
  0.00931270096820821  0.01745353424648110  0.02889835232173103  0.04027885008736925
  0.05058749425289200  0.06064179087542011  0.07013390417031508  0.07962194380384155
  0.08925521369259296  0.09975896886671180  0.11065595117788317  0.12118004078367106
  0.13224378237169657  0.14462229470746674  0.15712926473545563  0.16862747474471457
  0.17925107445183705  0.18910223398306575  0.19834408493473862  0.20768615711942173
  0.21826258479177746  0.22873033768379855  0.23873554215612450  0.24888005963808199
  0.25985440495851497  0.27074991301764922  0.28071909705511866  0.29045627957088749
  0.30021059845437448  0.30987028759526719  0.31927872321518386  0.32871004391065234
  0.33880844591134568  0.34940238907523469  0.35977050399357186  0.37009134360419355
  0.37999054008144012  0.38963714858950843  0.39935840016119428  0.40957534247921557
  0.42090302806102042  0.43322833895222784  0.44514325233605084  0.45613393454476969
  0.46683374271131578  0.47731420845728040  0.48795248194088142  0.49821537179078074
  0.50821895723399302  0.51862867734814122  0.53012752800160023  0.54209210188583068
  0.55337012457475954  0.56411297787108439  0.57483220588937067  0.58531638734831148
  0.59539946705997249  0.60534622386725678  0.61531363170104603  0.62505787109971767
  0.63552743039038839  0.64691920827077509  0.65890026545907532  0.67144908914390378
  0.68369591141264419  0.69532531290056032  0.70659202535693377  0.71764614136007376
  0.72868906135743361  0.73949953386605649  0.75006299726131709  0.76052914321588672
  0.77072867982133686  0.78077283092714200  0.79095343605684798  0.80160939250380947
  0.81224820036285050  0.82238148434218672  0.83216224097248104  0.84208150852743846
  0.85210686732073693  0.86233745831869868  0.87269358824511090  0.88285539419585912
  0.89295464228888211  0.90306181304470690  0.91322103088215456  0.92327542608131852
  0.93302089601749505  0.94270775194826861  0.95228658856040915  0.96173209592767828
  0.97152810018120750  0.98098288060855987  0.99057199157126408  1.00000000000000000
 -0.00003456051588874  0.00032731816054435  0.00081596918928125  0.00152721233721891
  0.00246935687057950  0.00360442609407720  0.00507068810583405  0.00676188402782177
  0.00855624467695782  0.01049015768008700  0.01260448404194531  0.01490191297875658
  0.01726494618982024  0.01950872628023976  0.02187375422178478  0.02443603652256461
  0.02722258819780421  0.03032136631968531  0.03355045913348454  0.03667737001601201
  0.03967007992127444  0.04299662535351974  0.04646387495756737  0.05004126700650727
  0.05377198551138788  0.05742201331041878  0.06108301716042265  0.06472258841764039
  0.06859088651960663  0.07272893773447113  0.07707148469065118  0.08159206714301642
  0.08617823801374183  0.09095659997862178  0.09600023646331102  0.10106789796801124
  0.10624308699521051  0.11172634224645930  0.11730085831416746  0.12292006382075953
  0.12879457754672261  0.13499185823402199  0.14133792562749295  0.14765610434546320
  0.15422922132952907  0.16047450413647713  0.16668569718111925  0.17289428258026310
  0.17922978920115651  0.18577857565812081  0.19265335833593203  0.20002770397069564
  0.20704292097285090  0.21448348337898235  0.22228898380683504  0.23023034334551681
  0.23842340818192001  0.24687638798438302  0.25550405245770269  0.26420922805364483
  0.27314172903952316  0.28212566971677938  0.29123643948118816  0.30068284927490530
  0.31030531513312615  0.31977514574415550  0.32952967228951741  0.33971394690442636
  0.35079311764872728  0.36209120862965088  0.37366082972022868  0.38502213785411582
  0.39631845441074431  0.40749554334576532  0.41936498023909979  0.43252414755199603
  0.44587778884580120  0.45952562068690944  0.47469838489663796  0.48919060558168387
  0.50427107771825130  0.52094179093524617  0.53936639378112383  0.55927069377792848
  0.58105941128268834  0.60582069404109040  0.63304065372564422  0.66095803912825690
  0.69030749658961599  0.72261688387360801  0.75880731419704384  0.79912112308194716
  0.84442222028161773  0.89363001899952244  0.94442816205146418  1.00000000000000000
 -0.00217145867016323  0.00979540252959421  0.02018127831574119  0.03200574009711743
  0.04341217431274987  0.05458079272574801  0.06521467926376499  0.07587683199866446
  0.08639809530381895  0.09636786744732641  0.10599383885522182  0.11562318116165646
  0.12570682827579890  0.13543554998775997  0.14472734937678861  0.15402116831128376
  0.16349215290021685  0.17312504735692694  0.18293781213185950  0.19434737546267880
  0.20756296894634402  0.22014804854129738  0.23125364946729438  0.24113433485533367
  0.25106857181666797  0.26127699436355273  0.27104266412962930  0.28048312729619090
  0.29006087807730940  0.29995889473516807  0.31019317197028257  0.32009507197165699
  0.32989188987798734  0.33975385739255942  0.34970584948607392  0.35998746699703804
  0.37066477944093057  0.38179646647855536  0.39232258813605880  0.40262112271619344
  0.41299843446911294  0.42340706724235577  0.43370733497471531  0.44366939281048406
  0.45375409475589207  0.46373216390004729  0.47375183435498613  0.48369867464577221
  0.49343349001846482  0.50372768505343102  0.51373415194924676  0.52305882579134810
  0.53211502750998141  0.54148636174793985  0.55094327171815594  0.56008006022418788
  0.56919269138148731  0.57860747534072976  0.58803323037355637  0.59743158967724275
  0.60680731208626326  0.61628056987783486  0.62581195851460658  0.63536822002519566
  0.64525742330124225  0.65617269031570302  0.66695520521214868  0.67800652382125148
  0.68896420142831616  0.69953107563474215  0.71011600539931574  0.71975700976519119
  0.72893774881412943  0.73856157830066238  0.74862737638245469  0.76072151092165086
  0.77241942061854962  0.78364192307658209  0.79512013939525072  0.80699554197649104
  0.81936407237817377  0.83230521628495713  0.84570739305733289  0.85921587164883773
  0.87248922646578975  0.88542312446500748  0.89768663170343044  0.90953278548952576
  0.92149394274548324  0.93336442457991409  0.94460797149616538  0.95513508649409640
  0.96589099177187954  0.97729730945434667  0.98872587799636624  1.00000000000000000
 -0.00291503318766582  0.01066667039618453  0.02295188183973324  0.03554748160119404
  0.04708329154312082  0.05757412829736838  0.06813573945092709  0.07882167052657020
  0.08923100378911621  0.09935343750320652  0.11147055130728543  0.12354893885626944
  0.13399052551473709  0.14357617949320242  0.15352778124384797  0.16419295866165637
  0.17523412297704230  0.18569442718931498  0.19635797776519692  0.20690864451177574
  0.21667959939875597  0.22603247659331566  0.23543021450083984  0.24496502212325302
  0.25467142755490696  0.26429614413277797  0.27499638870220011  0.28640046150157877
  0.29778945069690932  0.30850699194655495  0.31933105195125316  0.33021166761595372
  0.34100295960465865  0.35164140538462269  0.36181103226849631  0.37243978120192139
  0.38361859510980290  0.39491929091103739  0.40529464297036383  0.41573486481425698
  0.42613791110938126  0.43670202635976746  0.44737382610805276  0.45810238113902946
  0.46890443259001541  0.47990474620825735  0.49137211540039083  0.50282943953190240
  0.51279187088362388  0.52226199080498537  0.53138029845975765  0.54080738123640126
  0.55080343649734376  0.56121890166196187  0.57234719823776314  0.58354011909113612
  0.59415792367602416  0.60469985048930130  0.61585184714708230  0.62690481489995187
  0.63800679479890066  0.64896125652795988  0.65973261676995787  0.67035500475924992
  0.68051767364225602  0.69116753118646412  0.70233425092092039  0.71376974608928534
  0.72472348320786728  0.73568504788438183  0.74660257686264941  0.75766081074195102
  0.76801195779307685  0.77839032651894813  0.78880598588213480  0.79890176101025123
  0.80840190437162462  0.81816094162966957  0.82843727402937428  0.83887353296481781
  0.84898561757513546  0.85899552815281333  0.86917223504450569  0.87931640220987717
  0.88941599094114754  0.89928541349475499  0.90860317488500808  0.91808798483147103
  0.92797889168027869  0.93786297702583754  0.94785693144871341  0.95783285503577420
  0.96833572047207361  0.97882148462848462  0.98969466395304884  1.00000000000000000
 -0.00214578914079371  0.00862239110602266  0.01841137805266688  0.02911180455207780
  0.03980316456723897  0.04924148271943152  0.05829578078418693  0.06751067093102543
  0.07708554949004018  0.08646390559711765  0.09562924071770711  0.10515544103423663
  0.11624927263265539  0.12807399224932678  0.13969388971503333  0.15095860844002063
  0.16156247073253543  0.17200362686608942  0.18186099029074651  0.19161257698096554
  0.20175850955209595  0.21291943429972671  0.22497325060136747  0.23702334809349865
  0.24870965759939809  0.25973362124726490  0.27086176304847975  0.28234775324845185
  0.29384449401767232  0.30470165673785427  0.31517115164586496  0.32542145351030943
  0.33540296138427389  0.34497184202175613  0.35468457758003724  0.36570967867338411
  0.37693543071536495  0.38760752033367485  0.39777600799937296  0.40742217241605078
  0.41657236074064591  0.42587495082621801  0.43582465117965186  0.44604402642801549
  0.45643968561206538  0.46673471414129075  0.47660977002264027  0.48619440622023918
  0.49634346237565918  0.50764245669093389  0.51942930198720283  0.53054991945895669
  0.54095184101250504  0.55134971043137304  0.56180988297198142  0.57255571746853073
  0.58332240079096398  0.59462286211081206  0.60611393877739395  0.61780504826932225
  0.62939627756069616  0.64085577992365583  0.65235120200065677  0.66403133039509921
  0.67544069840102527  0.68676387213723344  0.69801225794227884  0.70901280711410619
  0.71930874913288745  0.72983557340881933  0.74068622246920768  0.75217229779899630
  0.76317475738407015  0.77407456124982688  0.78517770685465960  0.79602357148229153
  0.80683591710262026  0.81806474224432280  0.82937148541455352  0.83971705076961212
  0.84942720475104239  0.85895206041562600  0.86852784938833627  0.87833043992647086
  0.88807158733725911  0.89796373127357387  0.90849152539971434  0.91934736580145004
  0.92991024363860142  0.93942830275361766  0.94868334351380601  0.95814668626783361
  0.96895873687208267  0.97967235327603852  0.99016552936478386  1.00000000000000000
 -0.01789387324548153  0.16070748130349588  0.25077707259425608  0.30435306956543140
  0.34355713536247190  0.37435763169614467  0.39977266349982843  0.42240786353967358
  0.44299149912015645  0.46243444279101786  0.47998926338412384  0.49586756755417943
  0.50965079301021821  0.52231453940737227  0.53441983753277478  0.54601327495903229
  0.55727751169919781  0.56844061537699198  0.57923023453682632  0.58958080696690462
  0.59902271406530005  0.60803787694408629  0.61635241891442782  0.62523127532530243
  0.63360382614407040  0.64234074714368550  0.65036219712246479  0.65819018051684708
  0.66586809969111682  0.67358997874863402  0.68138390387852588  0.68869360752873787
  0.69572284479137703  0.70276461244484145  0.70980065955118010  0.71692008507591609
  0.72380271403734830  0.73049483558760075  0.73718138330613325  0.74382511313379074
  0.75022609693668296  0.75616180865437621  0.76176048439135269  0.76727052341330948
  0.77277496430896253  0.77802589352019547  0.78332210400155211  0.78858573425014311
  0.79369514634473315  0.79868668486204830  0.80361583360260125  0.80845881013379772
  0.81333473304155512  0.81853008233192370  0.82381666781210827  0.82926329402384036
  0.83468322929649619  0.84008401020328349  0.84530490211288312  0.85029360078019900
  0.85514762381646148  0.86000928138783594  0.86502691845660962  0.87034989831017484
  0.87553047429995057  0.88050927788004429  0.88546237601092703  0.89041452052923786
  0.89519909216782700  0.89972858484244300  0.90414746834708826  0.90854318412359869
  0.91298351095639096  0.91757677328153819  0.92230444762573771  0.92681083224060812
  0.93124231200203667  0.93558777655495984  0.93971129987429691  0.94376430904888320
  0.94786212761120525  0.95188658554066663  0.95572307526599187  0.95939703365721052
  0.96298283269583262  0.96648532386575292  0.97008777926962941  0.97372216606391382
  0.97732333176857911  0.98076169710266836  0.98398833869622959  0.98722442863291981
  0.99045568460511479  0.99364140111995580  0.99681277198579210  1.00000000000000000
 -0.00202331287026569  0.00939899977286984  0.01914586536593067  0.02935074239885695
  0.03972314584064626  0.05047132747744786  0.06068198439839875  0.07125746608672998
  0.08162431012032453  0.09237251905333856  0.10282591604020631  0.11304480970594522
  0.12363382434623871  0.13504711373038883  0.14631445241987184  0.15728409375484453
  0.16798873843645115  0.17936990272883183  0.19037890677081826  0.20071436741114931
  0.21062648088792041  0.22006891067507134  0.22995077105509898  0.23998467910149346
  0.24997877746299346  0.25992924928300154  0.26987638165517264  0.27981005220775379
  0.28968463181884840  0.29976895586097313  0.31025215291286007  0.32089986690634986
  0.33118217367841501  0.34191862591257211  0.35334736501353997  0.36456804653099584
  0.37561902579137563  0.38665934100355964  0.39761554575504676  0.40820707528998995
  0.41891832383310595  0.43058253272306263  0.44190462265660446  0.45220957821404828
  0.46327566539901682  0.47372110457254890  0.48303635046376403  0.49147029143843846
  0.50004189154400791  0.50940876478529662  0.51919407510574545  0.52883422706010386
  0.53827999325283604  0.54784478078116883  0.55783041415845247  0.56758968980416091
  0.57725443262831921  0.58676054236265551  0.59628748860907976  0.60613859390509439
  0.61704124668629501  0.62883759933960015  0.64229915023088935  0.65441523069702912
  0.66570754583140346  0.67643904674372413  0.68640609879935988  0.69598029526407645
  0.70552188835915230  0.71523482754642720  0.72546614567135081  0.73692774190906962
  0.74894049899050930  0.76014510447640815  0.77064715537197248  0.78092375237275580
  0.79122587742781147  0.80123113012595482  0.81136722728012201  0.82223379686129616
  0.83365262407342933  0.84489013054501216  0.85603773032751740  0.86726084193790098
  0.87855045686594002  0.89001335453608965  0.90135122500199316  0.91219813067936706
  0.92274860133408576  0.93332543040381533  0.94390977518778540  0.95398380014646966
  0.96421651578148704  0.97509219120607060  0.98688180847246487  1.00000000000000000
  0.03515648851255684  0.10809444786355180  0.13692904243308993  0.15918775931700022
  0.17679320110667662  0.19282407910577676  0.20712217631501004  0.22038082982182772
  0.23308501011946930  0.24564194748288701  0.25788848519734914  0.26940363642621817
  0.28003703375394751  0.29052988168474603  0.30113423126272926  0.31159224283718051
  0.32134170088328390  0.33080679844630329  0.33949732329173071  0.34797805107348334
  0.35620827674364114  0.36443994666430474  0.37300455962757134  0.38179227542529354
  0.39069226439896360  0.39882183387753167  0.40690315271481936  0.41485453147431939
  0.42440716665337802  0.43372614132838172  0.44241683503237078  0.45080139416584003
  0.45861495311987099  0.46654744884765870  0.47454872400179104  0.48232524723684661
  0.49012003030993290  0.49808463987573293  0.50608234827607990  0.51394039952954618
  0.52144946022787841  0.52870398227503990  0.53572806379186189  0.54312958657596555
  0.55030695884305847  0.55701358308870397  0.56320555221469670  0.56903469923110062
  0.57487356388601463  0.58117704382134605  0.58806332860007271  0.59534684792297676
  0.60262110853070749  0.60937534533011251  0.61589343364753701  0.62232844027203815
  0.62869973039983174  0.63580292837775532  0.64261125591611123  0.64983938338789238
  0.65670650331365377  0.66359976257302755  0.67085620605311247  0.67847867219054558
  0.68624497253441774  0.69395172113796444  0.70161176601371078  0.70924250146462231
  0.71689451185082198  0.72438084496017374  0.73157859685674487  0.73861962375100898
  0.74567656215999234  0.75246584044780207  0.75916933724942504  0.76612229363802709
  0.77308451944064183  0.78002043957561007  0.78692196894853605  0.79401919429341916
  0.80124573984728997  0.80841491986218816  0.81574689278278278  0.82337414173597989
  0.83160355600623437  0.84072193827966435  0.85045139483653054  0.86044590946122756
  0.87075955725201448  0.88205488603144477  0.89478088491687469  0.90861620699872003
  0.92388287890568210  0.94110366637755227  0.96362381763517679  1.00000000000000000
 -0.01485443337416741  0.09194519631662115  0.12852317694441295  0.15241957901054543
  0.17014784152516246  0.18567519879064145  0.19888276287230311  0.21113301770251078
  0.22308079718278750  0.23434255160476278  0.24440022738036432  0.25370200509984958
  0.26242768207046657  0.27097104103204606  0.27946561230455319  0.28806506981009300
  0.29654135042968915  0.30465145397542881  0.31223111653777169  0.31927477830838635
  0.32611484858303907  0.33258797539269708  0.33889153666777039  0.34539148070521236
  0.35225871796614627  0.35919009185774187  0.36586539764052378  0.37228650923984419
  0.37860507105942853  0.38487972247785929  0.39110191558451912  0.39762499183486166
  0.40462351875117203  0.41161469455103644  0.41774959915803622  0.42343350028871762
  0.42900569105987457  0.43472961858828690  0.44042722212064200  0.44592591356039685
  0.45151929993710133  0.45704511146509830  0.46218401618865190  0.46707279732485224
  0.47201486712066643  0.47698664465633694  0.48197732675559379  0.48707022655448884
  0.49217841268157347  0.49739021268670153  0.50269198111960633  0.50773092178774182
  0.51277262091681097  0.51769493784260945  0.52317274040805306  0.52898782325297833
  0.53487558571050842  0.54068853875147538  0.54650062439848335  0.55237261835435225
  0.55818529929222294  0.56417782598009569  0.57030333775375197  0.57668025192367023
  0.58302985927306994  0.58922226100224917  0.59553727274808943  0.60187219985092488
  0.60820353243710323  0.61454871658721999  0.62081613420970116  0.62703457938008489
  0.63312473869310826  0.63939611061286750  0.64580499939285851  0.65219513467087376
  0.65853212282101370  0.66508051306639471  0.67213287059796833  0.67976953033294485
  0.68756741332305327  0.69588177546287266  0.70487067567350870  0.71419578925946314
  0.72380656956880318  0.73363968584783168  0.74403792970414684  0.75505148915332254
  0.76672629051647101  0.77900210067385722  0.79223154095660420  0.80712071277165376
  0.82571073528850747  0.84985843517098492  0.88809195474608749  1.00000000000000000
   6.4924228466932749E-010  -1.0000000000000000     
 F F F F F F F F F F F F F F F F F F F F F F F F F F F F F F F F F F F F F F F F F F F F F F F F F F F F F F F F F F F F F F F F F F F F F F F F F F F F F F F F F F F F F F F F F F F F F F F F F F F F F F F F F F F F F F F F F F F F F F F F F F F F F F F F
  <DiscreteSampler_grid>
  grouped_processes
  1 # 1 for a reference and 2 for a running grid.
  10 # Attribute 'min_bin_probing_points' of the grid.
  1 # Attribute 'grid_mode' of the grid. 1=='default',2=='initialization'
  0.0000000000000000 # Attribute 'small_contrib_threshold' of the grid.
  0.5000000000000000 # Attribute 'damping_power' of the grid.
 # binID   n_entries weight   weight_sqr   abs_weight
    79   10   7.866972759098217E+002   1.808161121436881E+006   7.866972759098217E+002
    80   10   7.866972759098232E+002   1.808161121436895E+006   7.866972759098232E+002
    82   10   4.203968289280744E+001   5.163458575357697E+003   4.203968289280744E+001
    83   10   4.203968289280754E+001   5.163458575357741E+003   4.203968289280754E+001
    85   10   1.472162874068253E+004   6.331892845386850E+008   1.472162874068253E+004
    86   10   1.472162874068256E+004   6.331892845386897E+008   1.472162874068256E+004
    88   10   7.866972759098214E+002   1.808161121436880E+006   7.866972759098214E+002
    89   10   7.866972759098232E+002   1.808161121436895E+006   7.866972759098232E+002
  </DiscreteSampler_grid>
