  0.00009781907161903  0.00010499681205277  0.00010975632054987  0.00011293695152844
  0.00011569289427663  0.00011809526250450  0.00011996193324579  0.00012177308990891
  0.00012353086994087  0.00012505945682651  0.00012637049260663  0.00012770063338559
  0.00012935728100054  0.00013111005806630  0.00013290528780104  0.00013487248792050
  0.00013701819622662  0.00013906186717455  0.00014106077427706  0.00014286492702505
  0.00014472025507638  0.00014660737549487  0.00014856393785162  0.00015063815683075
  0.00015271125664777  0.00015467810577355  0.00015652899161294  0.00015806521536817
  0.00015974469922741  0.00016143582666534  0.00016367670399651  0.00016661265755065
  0.00016989933146682  0.00017310752266513  0.00017606573211122  0.00017896775730007
  0.00018205398447759  0.00018539372237347  0.00018909677191610  0.00019262599510304
  0.00019532573986151  0.00019779279855235  0.00020038389987993  0.00020313930825423
  0.00020716075231825  0.00021179680828546  0.00021638980968357  0.00022064852830128
  0.00022468246494390  0.00022878011526889  0.00023271116742733  0.00023677854076274
  0.00024116920155626  0.00024606893391704  0.00025067895730268  0.00025537394381631
  0.00026021880529974  0.00026512328180247  0.00027014672929266  0.00027556965648924
  0.00028111088946123  0.00028685342971286  0.00029263701029900  0.00029889896047252
  0.00030582351145779  0.00031357816837445  0.00032268501153697  0.00033067482457824
  0.00033665472223304  0.00034444813152980  0.00035311380692344  0.00036352365496418
  0.00037365208447839  0.00038880701115856  0.00040044058199750  0.00041196065567438
  0.00042510935882368  0.00044131070803353  0.00046263611458167  0.00048896575473017
  0.00051852753234985  0.00054753510107947  0.00057260846961398  0.00059315296998818
  0.00061492927393986  0.00064526515863568  0.00068379316368712  0.00071834973568559
  0.00075398097220204  0.00079367963415239  0.00089514882576098  0.00111907449331959
  0.00143329443670086  0.00183056450787180  0.22352677960851741  1.00000000000000000
 -0.00009337676904685  0.00244734642909528  0.00870727393593576  0.01807461523307225
  0.03074894759611565  0.04500168037918773  0.06241403615548028  0.08084637969157890
  0.10156687228557994  0.12357587835519453  0.14841850434060849  0.17391116365972265
  0.19524894341063329  0.21323760929763910  0.23059357711477860  0.24665375946904988
  0.26108545449553078  0.27466089920785003  0.28753718358614661  0.30163440449531287
  0.31610950028892648  0.32845711641169623  0.34057594175541034  0.35339222546313287
  0.36663644633239634  0.37947675665955988  0.39266057319766673  0.40568229555251373
  0.41994555319817889  0.43519560806236979  0.44907521985866738  0.46045131531737776
  0.47070668451803416  0.48112863935999550  0.49189042149760220  0.50114060401316973
  0.50975771830065619  0.51849241836632842  0.52793157473621433  0.53929380753702882
  0.55250120581891160  0.56585493508378937  0.57758276468410896  0.58684540533365559
  0.59540445087817517  0.60360625348823560  0.61101794389598196  0.61947241831040756
  0.62895714379953405  0.63924232781404156  0.64967596994199195  0.65893502084336142
  0.66755831933439014  0.67539956331288242  0.68248931546298441  0.68882896374491054
  0.69465613591552111  0.70032854586250237  0.70697190082867278  0.71520992947251216
  0.72486047318148605  0.73536007969311912  0.74623690741194204  0.75733473240310734
  0.76811801994480911  0.77805170475286467  0.78610521805426314  0.79287308123641820
  0.79987405627119967  0.80840250238931399  0.81682601919333953  0.82618953145306584
  0.83529864632775574  0.84426876162088149  0.85350950742234055  0.86310046076062219
  0.87209417086588104  0.88058978822804768  0.88863024174512750  0.89654857109591790
  0.90435370408574511  0.91140707205269611  0.91749480773311221  0.92447888603071471
  0.93212812646574472  0.94046145891228150  0.94887736784217513  0.95588394776005137
  0.96085613657803137  0.96577122224454082  0.97061708283563974  0.97512698408198495
  0.97982879940979806  0.98669500718038361  0.99337793892562820  1.00000000000000000
 -0.00246983370310049  0.01058367689646929  0.02075263996504702  0.03257913273446555
  0.04380262843818540  0.05558617606189416  0.06506419439603951  0.07361321287604947
  0.08198926098336662  0.08803440094740418  0.09524620616939174  0.10159428761670065
  0.10838473072746833  0.11560059688824222  0.12328334030027270  0.13542450216765817
  0.14724269720681371  0.16051279299814913  0.17364025210952652  0.18594310236687289
  0.19723867196214445  0.20651617603695663  0.21392581073186853  0.22010061340177114
  0.22669521824619521  0.23599957261377524  0.24610767185107899  0.25765498921436758
  0.26968510752231878  0.28101513903162889  0.29160113986085623  0.30176867940614827
  0.31191694583583318  0.32353251480244138  0.33649916256157686  0.34925625591878168
  0.36402092442854544  0.37862035153351070  0.39026885907260417  0.39976133225029425
  0.40821295135670316  0.41723280444724942  0.42777811619278766  0.44050765200457054
  0.45365962674285942  0.46460919712580789  0.47589299701616261  0.48654687206839675
  0.49579570778911991  0.50470292106636172  0.51455967079557263  0.52878154004689559
  0.54046817476733089  0.55178768522892740  0.56204369416068856  0.57146609501176071
  0.58142882312344091  0.58832544636353312  0.59714818878592912  0.60817204675720526
  0.61683044590291836  0.62448517185408381  0.63211188206406121  0.64040660331992016
  0.65044685089880061  0.66116895997673530  0.67175936857431573  0.68389180261496640
  0.69542568170205321  0.70949312909210815  0.72539955848289561  0.74026037574519743
  0.75222341569763451  0.76094718675313600  0.76799869852739322  0.77499517463547329
  0.78335088362280370  0.79227881124574251  0.80138241346325700  0.81190864163156651
  0.82349153223695959  0.83448726409190810  0.84513094585075632  0.85666725221168938
  0.86732631112082614  0.87784285800193762  0.88968772624501435  0.90331214514580305
  0.91759934632777429  0.93052459144369937  0.94147972602285046  0.95125333611820984
  0.96146609610034262  0.97372758757981392  0.98692667896399833  1.00000000000000000
 -0.00437113241561509  0.04805338077339804  0.08912821793113100  0.13834277487113963
  0.18939239801404578  0.22568285645634409  0.24889626436400694  0.26861077529038607
  0.28694838663490968  0.30486791861689805  0.31786782623897031  0.32942438093339499
  0.34116652850668600  0.35421236857603472  0.36633809919775040  0.37910983340207810
  0.39203304206864520  0.40477909897412678  0.41548818224113637  0.42623059997169332
  0.43628298396182735  0.44657008843152979  0.45742172078526083  0.46971814681116641
  0.48148280278632161  0.49233163399187357  0.50208184858272498  0.51180472269492250
  0.52066717236218329  0.52822951382708005  0.53445377510146341  0.53994171663396295
  0.54569281210150644  0.55216443443725483  0.55912391387962235  0.56702849050439652
  0.57483901341434618  0.58256810750216148  0.59045564664032013  0.59886312815883136
  0.60755990531962478  0.61599191107315043  0.62391964190760063  0.63172556762308818
  0.63956749609609398  0.64761188205259212  0.65672908365286975  0.66569153468617359
  0.67416211510444468  0.68247247039586212  0.69067843499489967  0.69868993767842669
  0.70672911915921166  0.71354769959676023  0.72013371382423874  0.72688872904815471
  0.73318740102498248  0.73990009979887927  0.74683836429502537  0.75224720146477020
  0.75549130599560521  0.75935397798828108  0.76448987018139514  0.76961531837958408
  0.77499442394608298  0.77933101694014018  0.78331115417432640  0.78721679565542491
  0.79157621321821792  0.79659128463888917  0.80233566041820015  0.80859514994260140
  0.81501726324424761  0.82080396366703301  0.82685092178050001  0.83351267510564642
  0.84072813630602816  0.84859986732910064  0.85630059692113603  0.86260376410411610
  0.86830582821927316  0.87485123333389803  0.88330417921456184  0.89278751346881391
  0.90254904625980570  0.91269419513019867  0.92271784351183572  0.93213522855717146
  0.93923415275050126  0.94608694744695332  0.95312070808412153  0.96092329108310182
  0.97102357127801209  0.98136567472811631  0.99112726238249615  1.00000000000000000
 -0.00117692875676801  0.00508182597814680  0.01269509010310205  0.02121284108415256
  0.03207427589618481  0.04289733141805425  0.05137473112033204  0.05974767935683280
  0.06909405096351956  0.07960248817892994  0.09035119622594068  0.09923618611846000
  0.10708696633268922  0.11677713290213854  0.12787193003241237  0.14203388164389213
  0.15786414708007024  0.17255879648620745  0.18502956532898898  0.19487034072327966
  0.20491947987257744  0.21705331620125631  0.23269424516685314  0.24983254457514012
  0.26350176657231938  0.27415070786259699  0.28297033416390338  0.29208596775726148
  0.30042064964944526  0.30857850247623347  0.31641913018548279  0.32493007504440063
  0.33436658889709425  0.34347210460430200  0.35233878740497465  0.36407461332782021
  0.37288574334581620  0.38003053413146820  0.38723096194077283  0.39411249699830214
  0.40217014425672615  0.41118420378716847  0.42339213889266902  0.43629883279014575
  0.44932513882616143  0.46336516044639819  0.47733927515223706  0.49313492482935078
  0.50827822455388350  0.52398199549960478  0.54039235950809739  0.55599374935039592
  0.56835913244346670  0.57908474138645871  0.58892667483100203  0.59860433248416089
  0.60549335435027185  0.61159610702302547  0.61769008611414666  0.62395999379058842
  0.63295748652496675  0.64275618063655082  0.65122876481988445  0.65902910779020973
  0.66633482824805179  0.67431849118338871  0.68376403786405571  0.69534528230765535
  0.70581988589876776  0.71499003145027507  0.72401710784166740  0.73266369533244369
  0.74159063423129712  0.75337635580959117  0.76594433998848788  0.77657840414937995
  0.78634476878792670  0.79533209865959531  0.80416444808169774  0.81377860364527888
  0.82486178802730936  0.83848616981683910  0.85329854343033729  0.86646989572692867
  0.87848573051084611  0.89006612648521777  0.90170255143355127  0.91274352967735317
  0.92221504296629153  0.93119287897516501  0.94043235530810476  0.95022693500172561
  0.96194316573452177  0.97466678620344360  0.98777054859679791  1.00000000000000000
  0.08528120157799357  0.33155497083945357  0.36444497835155854  0.37803347291062139
  0.38773601039972017  0.39724797511684978  0.40503544892172466  0.40999559779165778
  0.41382466040537730  0.41799713237118508  0.42234133500363069  0.42780921227017565
  0.43571146346306655  0.44368420296430611  0.45032840722534895  0.45599515548646041
  0.46163880699821125  0.46991521114330626  0.47851496920721415  0.48303585223648532
  0.48726089645919407  0.49384302649453365  0.50610399209419799  0.51756903546429056
  0.52911349713719791  0.53644791298674011  0.54499623431801070  0.55341681555262401
  0.56249927337200245  0.57186105185082214  0.57904958301648446  0.58614233023725948
  0.59305678633591274  0.60092965249449504  0.60972249634020848  0.61950195652834406
  0.62816591032343572  0.63566591694909347  0.64506194247367166  0.65593954488742567
  0.66320032540963081  0.66994738772920692  0.67556244593303283  0.68110351366976951
  0.68753885695907946  0.69343513759220976  0.70015342085720611  0.70893956317567641
  0.71912182375476696  0.72828293529374621  0.73462047688114029  0.74124993659194127
  0.74629459023117117  0.75043044730024322  0.75508543584025201  0.76023549286251779
  0.76580198701714064  0.77215478693446604  0.77861171224474224  0.78478872022756219
  0.79076548028416160  0.79594539445260537  0.80188676058036445  0.80859284930340325
  0.81504596119026174  0.82137511477191238  0.82752476161648336  0.83321264612307544
  0.83840332727995770  0.84375799204340307  0.84919251589291078  0.85432183867618761
  0.85871488107363858  0.86226273314366564  0.86614919795325152  0.87040940350489904
  0.87450659785014950  0.87880599336364507  0.88272424951710038  0.88654339355377210
  0.89037628245720157  0.89458447614790582  0.89902657907218397  0.90351207770960096
  0.90789288978402827  0.91217883666976918  0.91654627929240640  0.92174701550193749
  0.92698045987415634  0.93246637130424903  0.93845950505391507  0.94505716885421620
  0.95249990954159280  0.96180282623021029  0.97505291958471918  1.00000000000000000
 -0.01938288828972838  0.10727610134148199  0.15295954657025027  0.17412020589158689
  0.18700577398027987  0.20005120313757410  0.21277851123973349  0.22364419035178573
  0.23545212119401282  0.24831735220053347  0.26185246494066167  0.27414474376869813
  0.28497853510426602  0.29375761447557036  0.30111897456318976  0.30799450511336707
  0.31489719891439250  0.32250061259220641  0.33032906135018775  0.33898052591544570
  0.34848441289759563  0.35664955810519711  0.36334592916064717  0.36824054691762492
  0.37306283154262743  0.37787033678127846  0.38338496994687959  0.38673874903977984
  0.39023275937512775  0.39395872040477448  0.39818082798965254  0.40393757415383014
  0.40915654601262114  0.41363109520871089  0.41857579350271279  0.42438552846916666
  0.43078288051353425  0.43723095331689588  0.44359412013179056  0.45037080491318671
  0.45702290844600291  0.46360428888758121  0.46988004312462256  0.47584969453766829
  0.48160541069753438  0.48757354508405665  0.49405354273387420  0.50072618385503120
  0.50693584543581360  0.51270166736917411  0.51785284149894673  0.52259142729064545
  0.52782340944154227  0.53258400457737320  0.53720569389194717  0.54279392007352623
  0.54943978635983626  0.55616012833125861  0.56280147085345278  0.56920312104695669
  0.57537323484204306  0.57989393209859430  0.58360494746055858  0.58732272809435437
  0.59103752331138759  0.59527748466056019  0.60129638054177570  0.60801330686006982
  0.61574693257028457  0.62247190232272254  0.62836267672779267  0.63405561668431731
  0.63988718813540668  0.64647846997658098  0.65448510652428105  0.66230526223500585
  0.66849740298935256  0.67442062827423122  0.68107718413314500  0.68888049020020259
  0.69558545415738460  0.70179143775621733  0.70821433810030343  0.71592188273993673
  0.72408185655676716  0.73226168380902235  0.73953918168800337  0.74717916136295470
  0.75630353485089818  0.76738799296245497  0.78130265707303459  0.79825107002035744
  0.81835599928802738  0.84182026329772486  0.87704245660866542  1.00000000000000000
   2.1352508100679419E-012  -1.0000000000000000     
 F F F F F F F F F F F F F F F F F F F F F F F F F F F F F F F F
  <DiscreteSampler_grid>
  grouped_processes
  1 # 1 for a reference and 2 for a running grid.
  10 # Attribute 'min_bin_probing_points' of the grid.
  1 # Attribute 'grid_mode' of the grid. 1=='default',2=='initialization'
  0.0000000000000000 # Attribute 'small_contrib_threshold' of the grid.
  0.5000000000000000 # Attribute 'damping_power' of the grid.
 # binID   n_entries weight   weight_sqr   abs_weight
    52   10   5.397656497944187E-003   2.847998124720946E-004   5.397656497944187E-003
    53   10   5.397656497944182E-003   2.847998124720941E-004   5.397656497944182E-003
    55   10   8.064336961474797E-003   6.106947083811938E-004   8.064336961474797E-003
    56   10   8.064336961474804E-003   6.106947083811950E-004   8.064336961474804E-003
    73   10   6.242411799517712E-004   3.689192615722921E-006   6.242411799517712E-004
    74   10   6.242411799517732E-004   3.689192615722944E-006   6.242411799517732E-004
    76   10   6.242411799517712E-004   3.689192615722921E-006   6.242411799517712E-004
    77   10   6.242411799517734E-004   3.689192615722947E-006   6.242411799517734E-004
  </DiscreteSampler_grid>
