  0.00873625699899723  0.01843231775499387  0.02938121256481677  0.03982496713114996
  0.05019503625775102  0.06089947369592108  0.07171580613495621  0.08226202401026964
  0.09313133068274777  0.10306140019076851  0.11253500149062083  0.12212821535968120
  0.13231802348636187  0.14281125117037904  0.15294357406058584  0.16248275086132852
  0.17204355698119581  0.18193230523617987  0.19191498747358116  0.20199632672469225
  0.21181132355988860  0.22241598207169219  0.23332995036848145  0.24451192447598497
  0.25537911747472775  0.26647909727817731  0.27775976029793176  0.28899495995484359
  0.29963595751497457  0.30960267493637250  0.31981851145873291  0.32996061597703696
  0.34075194646599488  0.35153467796330001  0.36223707699511631  0.37273171833863700
  0.38305763344266280  0.39347849271669932  0.40408579765910119  0.41493604772167936
  0.42620294679847015  0.43716003266669118  0.44794996860025732  0.45860151641056418
  0.46929303784875542  0.47998506028545207  0.49055901677838221  0.50104907793883036
  0.51098885974608543  0.52100545522077890  0.53134656285480086  0.54050807974164428
  0.54985115992931333  0.55955906713608794  0.56942681888403468  0.57988762819825190
  0.59037302848974083  0.60068430158002406  0.61097731298233049  0.62124778189902374
  0.63126088415109172  0.64133979882682346  0.65190767217782053  0.66278389865575482
  0.67363094301715454  0.68421903714864807  0.69475429929554444  0.70532481027903993
  0.71601300723947003  0.72686869140553945  0.73793620433058149  0.74900421851287169
  0.75991099127959061  0.77048076074033089  0.78113251405124928  0.79180417025561267
  0.80245236420032373  0.81283826765889611  0.82300636294134388  0.83320570708415320
  0.84351093866229820  0.85379898603830107  0.86408907603099128  0.87443379776300878
  0.88490071499148404  0.89533472097174405  0.90536305570279962  0.91520430982914824
  0.92525797138540700  0.93555904149899205  0.94560254229042662  0.95611193272682848
  0.96642173269068432  0.97705518202369923  0.98833332261103646  1.00000000000000000
  0.00000258799551433  0.00000275959172802  0.00000290795892383  0.00000309381902911
  0.00000330583421918  0.00000353568969330  0.00000380571595435  0.00000411981627216
  0.00000445645907482  0.00000481882609892  0.00000521032422526  0.00000563808962442
  0.00000610153511616  0.00000660148876675  0.00000712925055713  0.00000768018597560
  0.00000825588027437  0.00000884895048345  0.00000946205875938  0.00001011019021378
  0.00001079033788473  0.00001148235786513  0.00001220450554155  0.00001294721362208
  0.00001374052342589  0.00001457834513465  0.00001542762036600  0.00001625982048187
  0.00001711637408424  0.00001802785354287  0.00001895580486190  0.00001995699943465
  0.00002097828702733  0.00002202757843195  0.00002310177389173  0.00002422552825925
  0.00002540199356870  0.00002661768480620  0.00002788529661821  0.00002919870168411
  0.00003053526133314  0.00003190000203705  0.00003331520941411  0.00003480090000070
  0.00003638609999166  0.00003806557542069  0.00003979479648741  0.00004154654350963
  0.00004331616229656  0.00004513059246592  0.00004697931300574  0.00004884906132741
  0.00005075420063766  0.00005279912651679  0.00005503895070552  0.00005737508021516
  0.00005983764473458  0.00006237192134408  0.00006508403892476  0.00006797316472090
  0.00007101325781624  0.00007408959800732  0.00007732859108872  0.00008068244283189
  0.00008445399117615  0.00008848884816546  0.00009277211103729  0.00009728021975809
  0.00010209443706516  0.00010720025607673  0.00011253132922709  0.00011843327645288
  0.00012513463478271  0.00013256724979721  0.00014072031525556  0.00014954011829220
  0.00015905647428724  0.00016959544455195  0.00018117630099018  0.00019402380295573
  0.00020832506936800  0.00022455598022761  0.00024378931147021  0.00026706167133265
  0.00029504265406146  0.00032910803378886  0.00037132726944950  0.00042411621958243
  0.00049059797748409  0.00058754716148171  0.00076328317662851  0.00113262651771913
  0.00321287937121182  0.17653263664929891  0.66615522701147389  1.00000000000000000
  0.00000228349183658  0.00000287542500493  0.00000331161874268  0.00000375288846316
  0.00000422070260767  0.00000471652810941  0.00000523002790373  0.00000576692847372
  0.00000633032238540  0.00000691833954690  0.00000752648984028  0.00000815392251705
  0.00000880355098523  0.00000947437695112  0.00001016225791683  0.00001086815783968
  0.00001160024137957  0.00001236941096258  0.00001317675842679  0.00001400220296415
  0.00001484903093914  0.00001572663840751  0.00001662870223821  0.00001754663479082
  0.00001849727929666  0.00001951816031341  0.00002058828359306  0.00002167900065205
  0.00002279513298411  0.00002393701495394  0.00002510637084498  0.00002632723046679
  0.00002757759298819  0.00002884451451926  0.00003010903602311  0.00003138060599989
  0.00003270205063778  0.00003408942815844  0.00003551632239737  0.00003699417059186
  0.00003855577039231  0.00004021991165255  0.00004198565469211  0.00004381928795198
  0.00004569157436288  0.00004759375892237  0.00004954020827252  0.00005155754404077
  0.00005366017445350  0.00005582804824099  0.00005810992149649  0.00006047589827937
  0.00006294909828861  0.00006546930888442  0.00006805960988276  0.00007074627980831
  0.00007360647109454  0.00007657073753466  0.00007963133181525  0.00008280793930791
  0.00008607564785373  0.00008961029034883  0.00009341255949625  0.00009750232432670
  0.00010173295586294  0.00010596314794664  0.00011025716423278  0.00011456920759086
  0.00011908438739418  0.00012419117185996  0.00012976243016824  0.00013599908734154
  0.00014305373784617  0.00015048989916302  0.00015846629540280  0.00016700226633962
  0.00017605766039821  0.00018565550916003  0.00019638852957907  0.00020874014956253
  0.00022293934813806  0.00023871498847703  0.00025689990500671  0.00027816882400297
  0.00030368657444465  0.00033434325516372  0.00037317194789754  0.00042439985071117
  0.00049335327833085  0.00058998625362499  0.00072262443034035  0.00095571213594709
  0.00155102787079488  0.00493429192133483  0.10460138735034719  1.00000000000000000
 -0.00240934960045855  0.00928137043257212  0.01963844033073681  0.03049613839311144
  0.04059160122553179  0.05054939473335422  0.06088215787992750  0.07156065187014755
  0.08280143116781710  0.09423300207119210  0.10560010463821172  0.11697962398634866
  0.12842429948677184  0.14001453236388603  0.15123418378185094  0.16229037470466540
  0.17283304600309804  0.18319378053332067  0.19340145487131011  0.20355587969772587
  0.21369934794732853  0.22395045004889508  0.23408945480928051  0.24395358405947040
  0.25363966130892046  0.26338544746964154  0.27334736730743930  0.28351457112401829
  0.29362893948887492  0.30415457877751761  0.31437606755737874  0.32510213582727365
  0.33563065455149194  0.34580179284818685  0.35591406400148118  0.36608133056208780
  0.37680867914590804  0.38750777910886375  0.39826436082676742  0.40886365900688032
  0.41986024456445226  0.43092115773752820  0.44188643306063424  0.45275542912188005
  0.46341104776700948  0.47421303205912935  0.48467892798949352  0.49543973519206885
  0.50628359146492985  0.51717633005880126  0.52791957644343768  0.53858347905566251
  0.54950007363985565  0.56031539059446245  0.57095472075129849  0.58154852738690821
  0.59243725228095778  0.60335268863456759  0.61356681734441842  0.62332897668677123
  0.63316616095880363  0.64332513929160673  0.65465436511541708  0.66607138923568565
  0.67665273650789448  0.68675106038854916  0.69667138838078324  0.70697210883023276
  0.71774117182398389  0.72860678337409523  0.73933710494345495  0.74980006731541060
  0.76010078243534651  0.77035701823089742  0.78074224891426913  0.79137153479369915
  0.80239605708140138  0.81377662868703349  0.82472323361187083  0.83524153607819496
  0.84518699406308406  0.85514321645782709  0.86509600382405083  0.87494258877442566
  0.88498867750254606  0.89550462344890158  0.90585426516422174  0.91633159236891204
  0.92652707254016742  0.93717248373739293  0.94780600404621385  0.95834847025082603
  0.96878856093947241  0.97891982012360446  0.98933969304997105  1.00000000000000000
 -0.00276262412339026  0.01081530997573533  0.02048469200476890  0.02980126692271792
  0.03923575175133993  0.04899813308375657  0.05988592324707127  0.07109058602987008
  0.08213172588464115  0.09319024451053622  0.10360771632788464  0.11406010534368931
  0.12426694192018961  0.13469608600645902  0.14545468743426826  0.15663636002327480
  0.16793092598341783  0.17834985531412370  0.18870097445858453  0.19915804247674149
  0.20973136052309882  0.22038187341492649  0.23100134349351434  0.24135707071214443
  0.25139122974762917  0.26168329425484277  0.27196614391427992  0.28235294196613481
  0.29233053002963322  0.30243129156248777  0.31281146179045721  0.32313605521852312
  0.33337849329298996  0.34359063223534969  0.35386766999126096  0.36426336549661248
  0.37484368850143179  0.38574616185426558  0.39650095147343761  0.40685204752689152
  0.41697620197845603  0.42732970212525473  0.43836549696284921  0.44966702755669974
  0.46093430079223208  0.47188357371831197  0.48280551849426523  0.49355276890639527
  0.50414500302742271  0.51435536880262667  0.52443069009749199  0.53436008353337539
  0.54464179069164576  0.55534218416801251  0.56581931365320703  0.57573410771310607
  0.58563261900881824  0.59579778913039305  0.60654394197655292  0.61700403919732405
  0.62738200465532901  0.63775847487123061  0.64851872247336106  0.65881021076810331
  0.66920939718973838  0.68006973740978116  0.69157187052393787  0.70270427894417298
  0.71333750238831983  0.72356284808224713  0.73419612833885251  0.74504568822973349
  0.75581844317330127  0.76648498854033398  0.77705962445364329  0.78782574191697152
  0.79876130768360609  0.80959438653972826  0.82063134316294473  0.83174922826277997
  0.84300656011578012  0.85356628489383690  0.86430739348092900  0.87466232997258875
  0.88522471527333058  0.89499563973930374  0.90484689166065058  0.91475805278980460
  0.92509220955322946  0.93596765849046315  0.94646242369422506  0.95724676800697750
  0.96778922612873119  0.97824225801351994  0.98919844672952328  1.00000000000000000
 -0.00228842994733310  0.00875569002442833  0.01917869674887117  0.03009903835574746
  0.04062732259129317  0.05118636425694311  0.06151206934005083  0.07270363052661764
  0.08259967547170316  0.09283411822058701  0.10264217080170847  0.11331667385957694
  0.12390783098078140  0.13434461933158462  0.14440490464082442  0.15512393216616793
  0.16601764703132291  0.17615771106654859  0.18597314941378507  0.19589677589869370
  0.20603114828242958  0.21630843676480968  0.22686552201998472  0.23797225201268710
  0.24885496098733520  0.25955532414883520  0.26983164417102845  0.28007157993481485
  0.29012961274534227  0.30037958415138638  0.31053430207788046  0.32064507876017140
  0.33084437279537582  0.34102424255589248  0.35120351155415386  0.36153869713273851
  0.37208997980401454  0.38284622042758898  0.39363403982214779  0.40445235713125111
  0.41526525328948233  0.42600424394322134  0.43684547350897657  0.44770858422460713
  0.45856706587745782  0.46907087406156112  0.47950106346326171  0.48995994021226724
  0.50078577691675530  0.51160086026220941  0.52227141064078364  0.53284172467491764
  0.54364185830104184  0.55448672915504726  0.56528668365262347  0.57626195525713053
  0.58745350820540665  0.59872822233373868  0.60991156656043488  0.62074931602722094
  0.63145118950846624  0.64198562504036527  0.65240755390834826  0.66288079808540590
  0.67314488568397945  0.68369452223738481  0.69454580848215586  0.70564012802019660
  0.71636928784533693  0.72641001114314219  0.73637354589436610  0.74638891601439716
  0.75666933081733478  0.76714267844417505  0.77781146747064933  0.78843880911227882
  0.79869491089216471  0.80917616362570388  0.81963719639789978  0.83086780347519829
  0.84151949136458992  0.85193429842065405  0.86164778633231198  0.87113761149561453
  0.88034491617570265  0.89053003241537121  0.90106737992631536  0.91141241146741980
  0.92230057908711160  0.93323374712115581  0.94464621240884350  0.95604865395811200
  0.96752369680105965  0.97872355515122389  0.98948417003134426  1.00000000000000000
  0.00009118957845442  0.00011964658908629  0.00020689091328079  0.00030442177350402
  0.00040522530085731  0.00050861013234405  0.00061808381099762  0.00074014244471712
  0.00087418070501820  0.00102090746782595  0.00117289818525271  0.00132876855191695
  0.00148838565889101  0.00165171523469159  0.00181652819179926  0.00199436634218527
  0.00218346047338221  0.00238113858399227  0.00258706272425812  0.00280199674921305
  0.00302836114884991  0.00326646279680098  0.00351340082571881  0.00376822717838647
  0.00403163194686316  0.00430469483269443  0.00458823111535601  0.00488237329485916
  0.00518858281947084  0.00549799134689845  0.00581562767587148  0.00614001364213098
  0.00647283410283078  0.00681472672284103  0.00716653030319477  0.00752965811704760
  0.00790552116912809  0.00829953055121016  0.00871339879395510  0.00914341363283252
  0.00958860502591993  0.01005409211171323  0.01053729490567612  0.01102939771152458
  0.01152995325156783  0.01204458379101424  0.01257599854107803  0.01312197477570809
  0.01368488606397300  0.01426750328876808  0.01487384781369111  0.01550680709712733
  0.01617009183155884  0.01685754405783780  0.01755784232462178  0.01826521633268272
  0.01899201412215616  0.01971694522999125  0.02046602222731255  0.02124275647659750
  0.02201273402130177  0.02281512459508319  0.02367568459085671  0.02455033422988469
  0.02544929608862340  0.02642094349218240  0.02744316417887706  0.02847437678623753
  0.02950463155737449  0.03057320353229813  0.03170904405789689  0.03292869493690253
  0.03422425952971761  0.03552277457454530  0.03681479544601642  0.03818803698917309
  0.03960169729589607  0.04109275332844455  0.04290870805445177  0.04481377684300832
  0.04669873726311046  0.04887357036072893  0.05132642497600032  0.05372720621736068
  0.05631031489449843  0.05885918610143222  0.06160373933204925  0.06483251388772213
  0.06840222361796409  0.07272475601282931  0.07778787454195883  0.08351516586515798
  0.09292683089666899  0.10744793191275950  0.25347743978461285  1.00000000000000000
 -0.00244245961424356  0.00922114745368142  0.01955037021379182  0.03011931422047612
  0.04066258367804877  0.05126192380205811  0.06196100971211926  0.07276587315994539
  0.08309159272290623  0.09336452840325934  0.10386671460619018  0.11451031320427688
  0.12484984028602227  0.13487905557045199  0.14441504116427414  0.15441376652527855
  0.16454170472933347  0.17495269847357953  0.18543442619183872  0.19601341121917470
  0.20659523870947144  0.21694227988059495  0.22715376545686913  0.23729831704195081
  0.24753432916464069  0.25777748228924419  0.26806585319368448  0.27822364037908459
  0.28794701745352563  0.29750043138775917  0.30688655397123327  0.31644340167984686
  0.32592250462562344  0.33629513369871300  0.34679229273984225  0.35720797664857212
  0.36791407729100561  0.37850341567392626  0.38930416885874197  0.40034041749433902
  0.41148542709646246  0.42311138887956823  0.43527953419591831  0.44802403424842885
  0.46072422747846237  0.47257417662844364  0.48383321690872572  0.49501922071402527
  0.50657301833946478  0.51852729869442704  0.53141513874882917  0.54328380972163992
  0.55474211554190844  0.56505417193202956  0.57599724693466725  0.58732297366272546
  0.59910532132679550  0.61067869517248508  0.62261581053692650  0.63377868418070571
  0.64543357229825316  0.65659190807868062  0.66774315216699842  0.67847694528888158
  0.68856169198629802  0.69845084464864016  0.70822240773036116  0.71808956699005799
  0.72819110174024759  0.73860670946262574  0.74911486056829246  0.75960690265945130
  0.76972865552016267  0.77953754638997819  0.78899149377954891  0.79858557892517790
  0.80836148483993631  0.81842328942719011  0.82835154605609063  0.83849091551423782
  0.84854968079336646  0.85865558440678602  0.86891855487206604  0.87923235188512650
  0.88970663970688935  0.90005996998808302  0.91048230420021437  0.92080576489220578
  0.93071380219853517  0.94032404472947828  0.94985040427262468  0.95976947941663693
  0.96991984416899901  0.98004773640876686  0.99002096657086758  1.00000000000000000
 -0.03507180792296351  0.26959682561578469  0.35262095524837339  0.37966308534159571
  0.39314366240078530  0.40450357973278500  0.41532661776987645  0.42620442447101170
  0.43644189537926470  0.44553174688895308  0.45335050188562498  0.46123127221257304
  0.46891325817305723  0.47745612873273474  0.48521302433749020  0.49392413256562057
  0.50387258925405198  0.51474929031377803  0.52463148550460414  0.53388406924528986
  0.54304628644312836  0.55148457986393895  0.55939571949768563  0.56742461782384546
  0.57574870893571251  0.58405811194973456  0.59262393359454946  0.60147041354485398
  0.61036115323338980  0.61924584197955612  0.62827863318202648  0.63861034508693726
  0.65064272164155623  0.66277128007794184  0.67361265380213531  0.68368702368858170
  0.69425003677892072  0.70563085582378937  0.71695175837068148  0.72843018917598601
  0.73991139016489804  0.75158825697841503  0.76341526968747075  0.77522780430122629
  0.78692997150940558  0.79820594692690017  0.80936199561810640  0.82043471585827177
  0.83115288192825232  0.84139091151293854  0.85158679278381244  0.86157212758053692
  0.87092969571218903  0.87929525894535787  0.88683088084256478  0.89386648231008448
  0.90057030458083398  0.90693073394197277  0.91297945847532869  0.91868853089399516
  0.92393815112964484  0.92878361013350197  0.93330330591076305  0.93759296682602011
  0.94166541018525829  0.94552002535028756  0.94918126215115661  0.95264850520646271
  0.95589623003715019  0.95892078965606786  0.96173301931857880  0.96435907660655917
  0.96683514464827403  0.96917931757933540  0.97138638480334683  0.97345743551700614
  0.97540437654443113  0.97725206930959607  0.97902232966786262  0.98070930248427235
  0.98230437439987572  0.98381322823466710  0.98524683522601852  0.98661321694001014
  0.98791071462135882  0.98913697652302957  0.99029315469734025  0.99138696730029097
  0.99243425302060839  0.99344144647259036  0.99441594442975534  0.99536692144516603
  0.99630734992991632  0.99726354877503731  0.99848437522729405  1.00000000000000000
 -0.03237445801092925  0.13740075272016861  0.18340436851092476  0.21059913763752877
  0.23198715961077518  0.25126030626226076  0.26871654772339804  0.28367279986009658
  0.29662153571671773  0.30873922583990115  0.32066378515764338  0.33229697185555485
  0.34347432906189534  0.35432895520501317  0.36484032708820402  0.37487648103274346
  0.38444601231534214  0.39369618822811292  0.40275277720908770  0.41170424056804400
  0.42039358493622520  0.42857197078135495  0.43630859477417194  0.44380761570457067
  0.45127071497213189  0.45865627514563040  0.46581736305667731  0.47274431969461417
  0.47958284141597696  0.48635316991514194  0.49315910412867314  0.50002461323440706
  0.50678827862784781  0.51342266315847784  0.51984914475768429  0.52608725640374854
  0.53228145833726692  0.53848682053559993  0.54460650112175191  0.55056454479660932
  0.55644068133050295  0.56251780699994214  0.56874769356737875  0.57485757599592935
  0.58079338902576272  0.58665575175531570  0.59261591455275708  0.59855426017757052
  0.60436522623319233  0.61005202293650707  0.61560889548983444  0.62101971429950209
  0.62631914531678168  0.63179507634273613  0.63747576318350752  0.64304921689075345
  0.64833317920807854  0.65345359501036759  0.65891653657300742  0.66449925627042816
  0.67000223871454978  0.67542220875765213  0.68084126449467441  0.68618829462176645
  0.69162396904037404  0.69705182943671118  0.70246533121091914  0.70779300919676169
  0.71302199610038175  0.71816554728196469  0.72351112452861888  0.72899843114266660
  0.73462618891188347  0.74031406574300762  0.74587720161477422  0.75138604493636263
  0.75687636023364324  0.76260873600650259  0.76856629241937180  0.77483408376732055
  0.78120692572571371  0.78751818788988048  0.79379025058884545  0.80021953574415938
  0.80704898003211367  0.81419280942220407  0.82192756452889648  0.83028930159956449
  0.83914350905729862  0.84853344729867897  0.85882640798918342  0.87043426613365726
  0.88374613669751334  0.89909224293849876  0.92454742726236194  1.00000000000000000
   6.9724514236227946E-009  -1.0000000000000000     
 F F F F F F F F F F F F F F F F F F F F F F F F F F F F F F F F F F F F F F F F F F F F F F F F F F F F F F F F F F F F F F F F F F F F F F F F F F F F F F F F F F F F F F F F F F F F F F F F F F F F F F F F F F F F F F F F F F F F F F F F F F F F F F F F
  <DiscreteSampler_grid>
  grouped_processes
  1 # 1 for a reference and 2 for a running grid.
  10 # Attribute 'min_bin_probing_points' of the grid.
  1 # Attribute 'grid_mode' of the grid. 1=='default',2=='initialization'
  0.0000000000000000 # Attribute 'small_contrib_threshold' of the grid.
  0.5000000000000000 # Attribute 'damping_power' of the grid.
 # binID   n_entries weight   weight_sqr   abs_weight
    109   10   4.007556415337306E+003   4.624923314189774E+007   4.007556415337306E+003
    112   10   1.011899065062905E+004   2.991416578173957E+008   1.011899065062905E+004
    113   10   1.011899065062909E+004   2.991416578173985E+008   1.011899065062909E+004
    121   10   1.018770832219446E+004   3.014281649055961E+008   1.018770832219446E+004
    122   10   1.018770832219450E+004   3.014281649055990E+008   1.018770832219450E+004
    124   10   8.114753640168727E+003   1.905576777468436E+008   8.114753640168727E+003
    125   10   8.114753640168761E+003   1.905576777468453E+008   8.114753640168761E+003
    139   10   1.043911844021184E+004   3.101649861718729E+008   1.043911844021184E+004
    140   10   1.043911844021189E+004   3.101649861718757E+008   1.043911844021189E+004
    148   10   1.028578396608033E+004   3.125930328849124E+008   1.028578396608033E+004
    149   10   1.028578396608037E+004   3.125930328849153E+008   1.028578396608037E+004
    151   10   6.583598957296304E+003   1.238390510530879E+008   6.583598957296304E+003
    154   10   1.305232940553524E+004   4.927802201499573E+008   1.305232940553524E+004
    155   10   1.305232940553529E+004   4.927802201499619E+008   1.305232940553529E+004
    157   10   1.043911844021184E+004   3.101649861718729E+008   1.043911844021184E+004
    158   10   1.043911844021189E+004   3.101649861718761E+008   1.043911844021189E+004
    166   10   1.342396327562952E+004   5.218938250043139E+008   1.342396327562952E+004
    167   10   1.342396327562957E+004   5.218938250043192E+008   1.342396327562957E+004
    175   10   1.321912615019920E+004   5.176262109127482E+008   1.321912615019920E+004
    176   10   1.321912615019926E+004   5.176262109127532E+008   1.321912615019926E+004
    181   10   1.028578396608033E+004   3.125930328849124E+008   1.028578396608033E+004
    182   10   1.028578396608038E+004   3.125930328849156E+008   1.028578396608038E+004
    190   10   4.007556415337305E+003   4.624923314189772E+007   4.007556415337305E+003
    193   10   1.011899065062905E+004   2.991416578173958E+008   1.011899065062905E+004
    194   10   1.011899065062909E+004   2.991416578173986E+008   1.011899065062909E+004
    202   10   1.018770832219446E+004   3.014281649055961E+008   1.018770832219446E+004
    203   10   1.018770832219450E+004   3.014281649055989E+008   1.018770832219450E+004
    205   10   6.583598957296304E+003   1.238390510530878E+008   6.583598957296304E+003
    208   10   1.305232940553524E+004   4.927802201499573E+008   1.305232940553524E+004
    209   10   1.305232940553529E+004   4.927802201499618E+008   1.305232940553529E+004
    214   10   4.007556415337305E+003   4.624923314189772E+007   4.007556415337305E+003
    256   10   6.583598957296304E+003   1.238390510530879E+008   6.583598957296304E+003
    295   10   4.007556415337304E+003   4.624923314189770E+007   4.007556415337304E+003
    310   10   6.583598957296304E+003   1.238390510530878E+008   6.583598957296304E+003
  </DiscreteSampler_grid>
