  0.00953458665620716  0.01690800665060639  0.02850562802258341  0.04073015338534492
  0.05283046637294359  0.06439243808101895  0.07529213048628093  0.08680404046938284
  0.09877628483154655  0.11151585709966046  0.12402940367384929  0.13516046814355528
  0.14655310955955680  0.15624428039687027  0.16442018718241144  0.17313018867016730
  0.18226700591076395  0.19141191891471054  0.20264215225517640  0.21248367260976075
  0.22163767061667056  0.22869414297326496  0.23589050879627685  0.24196528089542371
  0.24795936849499631  0.25425071856030623  0.26541791608935039  0.27476399268008572
  0.28323524321615279  0.29161981237409784  0.29988097695195925  0.30716670385599854
  0.31415559015481348  0.32059810713677855  0.32821956679917685  0.33731632770248454
  0.34678727543718685  0.35500151891599746  0.36249050031284369  0.37047132122387555
  0.38030792878322611  0.39012977229458234  0.40000095054507018  0.41024110947237119
  0.42251023005351424  0.43690654680139485  0.44998725333397893  0.46325238217666609
  0.47667137489626482  0.49006012228441831  0.50192726383087327  0.51538326995833594
  0.53059456785733594  0.54664507876624757  0.56227379825667689  0.57703692865407474
  0.58850514060125614  0.59666483101472756  0.60441550461795757  0.61308692264667952
  0.62362521589663134  0.63501439939111670  0.64730568354326790  0.66125584384141678
  0.67581009939566539  0.68827370448549385  0.69922648958177758  0.70963430614362766
  0.71956161694472154  0.72981926034901745  0.74080363769305502  0.75236806056547101
  0.76545867782480637  0.77879676283481591  0.79102025277635313  0.80131963009488860
  0.80972077113488450  0.81712003407474376  0.82474003638283677  0.83397536104423176
  0.84379181730692987  0.85344423844687611  0.86210932299292964  0.86893061501066504
  0.87561840994589735  0.88292061582526316  0.89189238095021195  0.90436619799574436
  0.91674826494921202  0.92887572238559657  0.93982180206004040  0.95136764691019493
  0.96261200447469430  0.97184889840035638  0.98149921627480052  1.00000000000000000
  0.00000289636497550  0.00000302169754586  0.00000309139722186  0.00000314562894360
  0.00000319853872497  0.00000323155449843  0.00000326508876324  0.00000330247732640
  0.00000334340294524  0.00000338134664065  0.00000343354455649  0.00000351706385657
  0.00000360246129577  0.00000367287709489  0.00000376220893422  0.00000391077820077
  0.00000408848228460  0.00000430943085138  0.00000460258463980  0.00000487809140187
  0.00000513219539122  0.00000540486913113  0.00000568782994467  0.00000600868359739
  0.00000635403754772  0.00000670749831083  0.00000710186870555  0.00000753334978889
  0.00000795267242562  0.00000836649657499  0.00000881652088470  0.00000930697279794
  0.00000978557353876  0.00001016571895628  0.00001052144984537  0.00001088447373973
  0.00001128567137763  0.00001167503056980  0.00001202911001074  0.00001241125494014
  0.00001283428984263  0.00001325636873029  0.00001362287723496  0.00001395692591724
  0.00001430544066434  0.00001473741830031  0.00001532876134663  0.00001608186663346
  0.00001686435671586  0.00001768920765183  0.00001855079690397  0.00001949462249224
  0.00002057799635225  0.00002174353384662  0.00002291495143092  0.00002413661409304
  0.00002549506553849  0.00002695042843242  0.00002842882850493  0.00002989377101145
  0.00003141422395531  0.00003293050322084  0.00003475398500189  0.00003699629142577
  0.00003941857800519  0.00004194622576412  0.00004431909180720  0.00004688879124845
  0.00004986704666604  0.00005350681365797  0.00005735806087551  0.00006136893114509
  0.00006564159999762  0.00007000002144135  0.00007497469754797  0.00008025540528924
  0.00008606844782415  0.00009295102147017  0.00010131630025552  0.00011097074164750
  0.00012178895549578  0.00013537949001004  0.00014931436308070  0.00016756238470595
  0.00019028589758503  0.00022205683798982  0.00027285052304441  0.00033825604683700
  0.00041727482440044  0.00052344389437961  0.00066783037964488  0.00087363816263569
  0.00116099116127852  0.00206719542101612  0.04505368605518781  1.00000000000000000
  0.00000037451535879  0.00000456024998689  0.00000736620110733  0.00000966981508214
  0.00001181577373743  0.00001513752222033  0.00001771280637308  0.00002006421416580
  0.00002238709894982  0.00002477623845916  0.00002694683784498  0.00002900945887243
  0.00003094133227789  0.00003308633585312  0.00003535456996552  0.00003805745750012
  0.00004024506635166  0.00004174692981808  0.00004329201100682  0.00004478737673620
  0.00004609404568096  0.00004785440741492  0.00005047435735980  0.00005311175318742
  0.00005596582823208  0.00005878964379964  0.00006137973850215  0.00006373753650482
  0.00006610984286138  0.00006896813666493  0.00007232501755207  0.00007630191134384
  0.00008024639495053  0.00008418877776869  0.00008827266811389  0.00009307820316040
  0.00009838879551308  0.00010353792132370  0.00010804359465642  0.00011188094086627
  0.00011552903648555  0.00011955442424293  0.00012423053667462  0.00012932618230583
  0.00013464920906529  0.00013978413370801  0.00014500129100113  0.00015113637940165
  0.00015817177866281  0.00016553071114365  0.00017284224100278  0.00017970094908424
  0.00018738738907557  0.00019633249563212  0.00020761338121513  0.00022128416255811
  0.00023422787872048  0.00024565866418628  0.00025637006779845  0.00026734422762940
  0.00027955259036445  0.00029285296309033  0.00030315541651951  0.00031133378653690
  0.00031989589369323  0.00032834782899650  0.00033692602341210  0.00034723713520570
  0.00036245895035537  0.00037665886538840  0.00039056588085533  0.00040948392431634
  0.00042754463608590  0.00044547644964122  0.00046740189553168  0.00049358760311862
  0.00052562158630055  0.00056163900238045  0.00060059443656468  0.00064862535366885
  0.00070927748570300  0.00078143867218274  0.00086035505256873  0.00094498614496835
  0.00104353765749793  0.00115665060716088  0.00128000308765092  0.00139286405631146
  0.00151572703301112  0.00165440430536966  0.00181567185647986  0.00204041581046925
  0.00231151881111431  0.00269005540893163  0.02827795639987692  1.00000000000000000
 -0.00312075911583557  0.01168351521856802  0.02382977299558255  0.03634568964839573
  0.04551834509503525  0.05472281116027071  0.06488352260840920  0.07586532637930653
  0.08950785896767159  0.10101385034966835  0.11225466615916624  0.12314793925562506
  0.13579575580793618  0.15043176545034367  0.16616945637115771  0.18117488977409918
  0.19177184845991893  0.20003103372317202  0.20851760398491792  0.21797083956350510
  0.22848638463984394  0.24033853198197414  0.25021721969642574  0.26099752905654816
  0.27136034021852601  0.28182428974706314  0.29558931610202971  0.31022315712796333
  0.32244675094795000  0.33299153294279776  0.34370171546269807  0.35315610889991078
  0.36074229112563538  0.36738838219120923  0.37356812801443556  0.37955342723037999
  0.38820124415792923  0.39754430481135239  0.41096515502432801  0.42557846437414848
  0.43817147096155745  0.45122118955230467  0.46299681297274126  0.47411427876678891
  0.48534474052173598  0.49451825154402240  0.50377601963925711  0.51306779861298757
  0.52421643924036354  0.53826916052943896  0.55202040794035379  0.56586002055351303
  0.57895666221317976  0.59142984644282337  0.60358730180073916  0.61539603055839665
  0.62757205026938234  0.64134224429584119  0.65307341726098045  0.66045958454231690
  0.66730334689178683  0.67575937702376754  0.68255855470336624  0.68963222409038505
  0.69824961714182865  0.70870106032043600  0.72130181244180125  0.73386998990338570
  0.74660134683284529  0.75921174619410770  0.77071660499956296  0.78151009355358059
  0.79221812299509342  0.80056850899337373  0.81249563986343065  0.82353397912137394
  0.83454424492607537  0.84378274897812855  0.85340565414014991  0.86341565508033213
  0.87138353775822230  0.87782964471937674  0.88382955207781544  0.89097446798890068
  0.90098940980257491  0.91064523124007668  0.91887118736366447  0.92598206028740471
  0.93159042832571126  0.93773580917109434  0.94350564083115096  0.94954762001259807
  0.96167042340763897  0.97571109403881717  0.98845617313735379  1.00000000000000000
 -0.00226518165163815  0.01076959168229837  0.02180708349099436  0.03144759476420589
  0.03985285899541318  0.04771628941303709  0.05461219462137682  0.06371361931748612
  0.07599227912789777  0.08835825168456231  0.09968399506128238  0.11143129259367049
  0.12241065473351860  0.13628652196816299  0.15129226653103209  0.16460508633781154
  0.17472337666484225  0.18267876921139145  0.19058552673876727  0.19798511057029308
  0.20620498128490067  0.21669628055474915  0.22929447961818794  0.24284594766541767
  0.25515024219412297  0.26497865066712323  0.27287445742527611  0.28090352018378234
  0.28890607708946353  0.29830292720472684  0.30881316921911778  0.32003495381719255
  0.33112039142904443  0.34167161071275776  0.35146545113307714  0.36140231065602296
  0.37195080395966690  0.38405999373223887  0.39438640145094206  0.40435727440483921
  0.41497764929979919  0.42694557741215899  0.43668021293181675  0.44421171145012889
  0.45117527912807870  0.45853467850234458  0.46757939814370991  0.47801448044529876
  0.48832811165313689  0.49896839513369051  0.51132424541995269  0.52470200576955395
  0.54004829593380177  0.55587666773484778  0.56911486800518940  0.58005533958703281
  0.59058304963216857  0.60136448750086757  0.61263989798339447  0.62439537283454127
  0.63592175871450174  0.64351741456776590  0.64962939762199845  0.65544929158730847
  0.66105378010787907  0.66787823896797494  0.67719935301887535  0.68762837318755810
  0.69882173506952872  0.70932870291804306  0.71857023699329403  0.72774548605039457
  0.73630694474241665  0.74421501301132598  0.75244613185391074  0.76251070095865414
  0.77301185304031506  0.78289725886454331  0.79294921320292155  0.80333831140829792
  0.81554880671734842  0.83039162007583978  0.84790573669289071  0.86656458426360439
  0.88142433285607280  0.89272103909587042  0.90319873252818317  0.91353409529374241
  0.92375800445767553  0.93494044974593216  0.94542059505208209  0.95496805079934199
  0.96463025371161837  0.97427426873671263  0.98647389719444212  1.00000000000000000
 -0.00372482835817184  0.01118989416843573  0.02403924150075964  0.03657945240977618
  0.04918523110750499  0.06072925940040218  0.07052229449844710  0.07859968479696240
  0.08603512423132301  0.09345005008684172  0.10097091786903653  0.10943243219323219
  0.11738081519721570  0.12471811070762846  0.13078819645318929  0.13714408126226216
  0.14261952696106528  0.15332864553562314  0.16378846755384127  0.17678790071089523
  0.18792667141448544  0.19986619938236524  0.21215289994804534  0.22697313679581999
  0.24348444332411015  0.25683650373763006  0.26557018746006089  0.27287940581732384
  0.28050730398879625  0.28744357576915602  0.29498594543112472  0.30256992939643651
  0.30972205724959873  0.31397532696446118  0.31821389499384251  0.32250346746870484
  0.32726604866270531  0.33698495813495172  0.34553662533308632  0.35454223742297508
  0.36505893700142711  0.37647534821434608  0.38734235615421236  0.39853249925050760
  0.40964126766401737  0.41928243804032339  0.42931001577046857  0.43928822765923442
  0.44925503118537274  0.46033994898991426  0.47158878881286764  0.48505409002494787
  0.49605773018774135  0.50736772401400709  0.51930357036846864  0.53166023605652968
  0.54634125460143890  0.56156594991566877  0.57380599631945439  0.58484149283932640
  0.59522233905215216  0.60564373426560325  0.61630608080918825  0.62584280315248197
  0.63364314200756033  0.64185717741653558  0.65091454526546444  0.66124628405945129
  0.67272906967422785  0.68553509683828506  0.70121164085837462  0.71637519080929846
  0.73087374357134072  0.74215098232444088  0.75228896587231431  0.76244823929412120
  0.77249245207982165  0.78323270615400098  0.79575572387890292  0.80980633832889193
  0.82337064929231685  0.83662650439323349  0.85131145330618185  0.86564898881425334
  0.87810895741008266  0.89008597463640005  0.90111968753332061  0.91200139830430704
  0.92201757814305108  0.93246345567146194  0.94302158133307423  0.95339726616737452
  0.96529665523370800  0.97734860674581825  0.98886383038499970  1.00000000000000000
  0.00006945006916159  0.00013211493963009  0.00018146586737734  0.00023081679512458
  0.00028095021928500  0.00033245021419603  0.00038395020910705  0.00043545020401808
  0.00047968913868479  0.00052293739752951  0.00056618565637422  0.00059827743240106
  0.00062739529813359  0.00065651316386611  0.00068937803734419  0.00072224680835654
  0.00075580654634096  0.00078998685392388  0.00082515722285952  0.00086595679500521
  0.00090728730370025  0.00095144740867958  0.00099588936160843  0.00104093587053462
  0.00109120602297637  0.00114641227721680  0.00119982738943957  0.00125219246248253
  0.00130448761734410  0.00135672990245293  0.00140912317237784  0.00146166528109768
  0.00151879720314765  0.00158154970216353  0.00165306725014058  0.00172884168164016
  0.00180928771589848  0.00188380931693422  0.00195614005681545  0.00202943206868362
  0.00210416624279975  0.00218034961033523  0.00226842363304248  0.00235311061066403
  0.00243286736813019  0.00251987812123823  0.00260965101198618  0.00270179308618273
  0.00281811632691938  0.00292809303337879  0.00303575096471661  0.00314543134158406
  0.00326482251553784  0.00339455913870183  0.00352490326309236  0.00365359742505135
  0.00377156172071275  0.00390297774738816  0.00404718608465583  0.00419684748808161
  0.00433226607434755  0.00443986357517565  0.00452845748745972  0.00460928984783622
  0.00469325782696970  0.00478770578000082  0.00490073606378905  0.00501088365956778
  0.00511277092453265  0.00522602341484878  0.00538287582916214  0.00552368255094291
  0.00565270287549465  0.00578832143115758  0.00592755745819780  0.00608454485523513
  0.00623458661682330  0.00641696718508998  0.00680646039636530  0.00726223867813937
  0.00752288048326784  0.00788746779560307  0.00824957143566696  0.00885301928984978
  0.01028835304265830  0.01163654431372046  0.01250903713243936  0.01368207570699699
  0.01541909832279758  0.01693975777940665  0.01928673512852333  0.02347934960974322
  0.03196892714801383  0.03821698811437412  0.52127534450500257  1.00000000000000000
 -0.00199336875432180  0.00824478829308933  0.01442594129947005  0.02020089327352267
  0.02531593135081480  0.02987758167818121  0.03475188408140424  0.04053055174520699
  0.04789700495791556  0.05730047375464294  0.06682710475758680  0.07582502170631877
  0.08399482979594762  0.09239898547206234  0.10109560102998358  0.11118865451419045
  0.12096111945223557  0.12990041074883288  0.13849047888660476  0.14755773932939778
  0.15793773617834286  0.16932278385232832  0.18054524070962291  0.19185707433897894
  0.20402307777429407  0.21768898567303227  0.23274797969859742  0.24703324413293026
  0.26176429695520786  0.27604573207485839  0.28963626363566447  0.30160337219322031
  0.31211094278923512  0.32239813790017069  0.33479772243933587  0.34935893416341268
  0.36557256269115385  0.38260680455028900  0.39949335813251424  0.41715353531845112
  0.43410547232292834  0.45347266218203114  0.47581284107865857  0.49427492270267787
  0.50672349304317776  0.51339031926610168  0.51980113735479416  0.52652383346440490
  0.53695292606835121  0.54973325386676575  0.56284419499749572  0.57514199722693427
  0.58625824697173679  0.59916221401118608  0.61416832783786290  0.62719871651712267
  0.63799388222329390  0.64816521233169433  0.65898667762086371  0.67047945128155584
  0.68158449672327825  0.69392983953921028  0.70668679036466509  0.71871152993972709
  0.72776122113867314  0.73643505833579337  0.74482534834651792  0.75294453264229133
  0.76656834264280371  0.77567839000411531  0.78311237579254456  0.78953021870388163
  0.79606439537891094  0.80354869308115051  0.81471057844484174  0.82727917555498354
  0.83912555898253782  0.84945958324160631  0.85812731901148542  0.86605768898176683
  0.87445586806050291  0.88330178497322520  0.89255353610120691  0.90101114096388313
  0.90939586930039118  0.91878758665147631  0.92847766606660764  0.93678319319187853
  0.94419529773487554  0.95185635610796138  0.96166214249316473  0.96940126890481415
  0.97648201614091568  0.98327038394872990  0.98959647672067375  1.00000000000000000
  0.02497501189683499  0.16063643923145321  0.20377582460066673  0.24392205111085030
  0.27998830750705184  0.31116129487788174  0.34234703050477205  0.37130944538182570
  0.39656255683132685  0.42104790701207101  0.44565692785498678  0.46848600160355325
  0.49050949198962995  0.51165302871692608  0.53025035680276444  0.54739890948263026
  0.56307719144909174  0.57743960835616681  0.59198790656132616  0.60556969525367077
  0.61715196211764445  0.62729537055093110  0.63693865608021794  0.64608619050617699
  0.65548311184140517  0.66533369872760884  0.67584905000259077  0.68584824195734451
  0.69505718828588614  0.70371740839425023  0.71192152859977009  0.71984170217264176
  0.72794559377931911  0.73605328820998595  0.74355530288162186  0.75042744101869152
  0.75565839202913809  0.76130902397784816  0.76697012567329870  0.77317524690435524
  0.77965020415229824  0.78586881140978637  0.79139249010932622  0.79683934118878474
  0.80231277730628048  0.80765511136813894  0.81321941595825642  0.81859604178393086
  0.82343326382266613  0.82773749161093180  0.83207064521799912  0.83572036739954181
  0.83975527889468482  0.84455178761989291  0.84929106236221186  0.85429127935678573
  0.85872091014996710  0.86265404786032063  0.86645683993864986  0.87051733727298086
  0.87492021619388105  0.87947047470126505  0.88373569446303801  0.88777957380062378
  0.89231691405399283  0.89691032475658417  0.90187875865487854  0.90643729090911118
  0.91044211821398680  0.91425297462063615  0.91788867987311185  0.92149882699895047
  0.92514869965618651  0.92887438936839339  0.93286074382463535  0.93752892171943292
  0.94232817515150347  0.94632035118083768  0.94927687829270069  0.95203749034400575
  0.95482720333354354  0.95742680778282829  0.95993079848214080  0.96240716240448532
  0.96507809143684820  0.96811746121204634  0.97135058097365345  0.97487686794401829
  0.97794877971653604  0.98140354435729305  0.98485315498888615  0.98807680239269047
  0.99088395880119562  0.99361747304344217  0.99634152008989196  1.00000000000000000
 -0.02554226883521717  0.14728231207910233  0.19290071614850823  0.22608935748323453
  0.25736049203336375  0.28566442390065566  0.31225821568985962  0.33186766724101957
  0.34747639171417105  0.35938325221338285  0.37304698617884513  0.38939744842721474
  0.40297007472468244  0.41137748486412756  0.41845930107884111  0.42632569488311106
  0.43410617540614399  0.44476871103612264  0.45527851154257853  0.46599834937414431
  0.47716957257553477  0.48746851875734720  0.49642861961240076  0.50444265434122282
  0.51237413201683168  0.52074748869943677  0.52777910750928181  0.53505067492231217
  0.54264952779429210  0.55054859831458103  0.55858064456149192  0.56660938752811818
  0.57432931788983010  0.58217672405445076  0.58843097805508959  0.59485370537447402
  0.60254659020139456  0.61225640335001286  0.62115437074333946  0.62818956102659751
  0.63314295895703909  0.63716624949478218  0.64157666007113656  0.64617102544149341
  0.65133820832398803  0.65665786398636861  0.66182182174829429  0.66741459637034939
  0.67378617989123812  0.67919371528923278  0.68391930432597869  0.68807000848164523
  0.69192042763744399  0.69606921377328235  0.70112623132787977  0.70674566605926359
  0.71230403166356082  0.71768290588882777  0.72321629242151841  0.72901258762768018
  0.73431295492324000  0.73910234041775591  0.74385638666709841  0.74877288090863303
  0.75443429047331945  0.76031936984439374  0.76665967601823715  0.77195877216847442
  0.77670649125521851  0.78127362982201176  0.78585354299593713  0.79101853893089491
  0.79631023194219741  0.80125797054197212  0.80549966436852616  0.80919275183476402
  0.81206611232925618  0.81440609023180000  0.81729587829252182  0.82029821281682214
  0.82340681782288394  0.82646032234469713  0.83064661336702439  0.83643561598653582
  0.84219959838373093  0.84830493371599713  0.85435253474029627  0.86178106710798275
  0.86934694407465074  0.87693780742710725  0.88529781689993081  0.89424268829156539
  0.90535917802060251  0.91997893396526520  0.94433435470179505  1.00000000000000000
   5.9540838008871481E-009  -1.0000000000000000     
 F F F F F F F F F F F F F F F F F F F F F F F F F F F F F F F F F F F F F F F F F F F F F F F F F F F F F F F F F F F F F F F F F F F F F F F F F F F F F F F F F F F F F F F F F F F F F F F F F F F F F F F F F F F F F F F F F F F F F F F F F F F F F F F F
  <DiscreteSampler_grid>
  grouped_processes
  1 # 1 for a reference and 2 for a running grid.
  10 # Attribute 'min_bin_probing_points' of the grid.
  1 # Attribute 'grid_mode' of the grid. 1=='default',2=='initialization'
  0.0000000000000000 # Attribute 'small_contrib_threshold' of the grid.
  0.5000000000000000 # Attribute 'damping_power' of the grid.
 # binID   n_entries weight   weight_sqr   abs_weight
    31   10   4.559982860218641E+001   1.608520362795191E+004   4.559982860218641E+001
    32   10   4.559982860218646E+001   1.608520362795196E+004   4.559982860218646E+001
    34   10   8.533190184798556E+002   5.632782640934287E+006   8.533190184798556E+002
    35   10   8.533190184798561E+002   5.632782640934299E+006   8.533190184798561E+002
    37   10   2.436772559286237E+000   4.593356290236013E+001   2.436772559286237E+000
    38   10   2.436772559286240E+000   4.593356290236026E+001   2.436772559286240E+000
    40   10   4.559982860218641E+001   1.608520362795191E+004   4.559982860218641E+001
    41   10   4.559982860218647E+001   1.608520362795196E+004   4.559982860218647E+001
  </DiscreteSampler_grid>
