 -0.00210892822443192  0.00785353894913461  0.01776466199560540  0.02972461930250462
  0.04240528324813920  0.05396179367632236  0.06506323164199539  0.07557006182748191
  0.08646631858685339  0.09752063031747292  0.10910866868736512  0.12131088027087066
  0.13209081154220442  0.14232161684072608  0.15257845905082013  0.16232178187702939
  0.17132361264227799  0.17979119426814569  0.18887739412774651  0.19869944652823723
  0.20951106031192110  0.22052442393988658  0.23180877247521314  0.24329224036798575
  0.25471334256627276  0.26594529017266033  0.27666413379601884  0.28663295143151668
  0.29670840797783632  0.30640702763922134  0.31626551620892679  0.32622738873986606
  0.33637256178987657  0.34702365763142806  0.35796796360364935  0.36906151665790982
  0.38025259014158780  0.39176729435899987  0.40374410172865005  0.41584741356632821
  0.42686612069499702  0.43666856310533730  0.44614793013160664  0.45584086975923327
  0.46624269632480286  0.47700174419525837  0.48785864704196791  0.49874919601466366
  0.50920801604054733  0.51901701499282105  0.52839900103732551  0.53732757341651471
  0.54655616925861528  0.55617588140950702  0.56647845713083245  0.57689935358800437
  0.58725352973913281  0.59800494276199112  0.60922694752205597  0.62046547477566849
  0.63117301876658860  0.64176181373346164  0.65227758848784012  0.66276896625820636
  0.67321001376469669  0.68458884669997089  0.69549685265131600  0.70641693133833339
  0.71683520943658796  0.72755470231404307  0.73914777146488497  0.75087482643096148
  0.76245236485131818  0.77361279513811931  0.78526789421322429  0.79695621814610895
  0.80870724558222151  0.82003652533167137  0.83111160268656414  0.84205407654593911
  0.85305511951773128  0.86356168214635631  0.87331423847376866  0.88281156169950692
  0.89225403928923597  0.90178897462264884  0.91103223100693487  0.92112216092571175
  0.93185696783352956  0.94227214344782406  0.95227769142345842  0.96254576578033402
  0.97193182456890914  0.98065907557614951  0.98944024934837660  1.00000000000000000
  0.00000099660146782  0.00001127587717281  0.00001697454288255  0.00002249507367503
  0.00002755157410465  0.00003267480550069  0.00003788998045485  0.00004299233292242
  0.00004857784653033  0.00005496739520696  0.00006176257436386  0.00006838173484095
  0.00007472273680816  0.00008081544797692  0.00008664897691868  0.00009239248578764
  0.00009821011690108  0.00010413221429705  0.00011005804794587  0.00011626258971232
  0.00012251638880127  0.00012900113948549  0.00013560468432343  0.00014227683906365
  0.00014928804925039  0.00015599274761792  0.00016270858011302  0.00016966426782045
  0.00017692784332546  0.00018452567347392  0.00019255663538076  0.00020041104983985
  0.00020808794011371  0.00021647032854092  0.00022526829120755  0.00023456929798230
  0.00024432877268767  0.00025428653366763  0.00026432037053986  0.00027472065152347
  0.00028567111536539  0.00029714994243367  0.00030922522134863  0.00032221396497035
  0.00033679222054211  0.00034971060794396  0.00036448121811903  0.00037994534917206
  0.00039553310203763  0.00041249086582894  0.00043001712461258  0.00044814820593836
  0.00046656326474009  0.00048555701234441  0.00050552531645236  0.00052553270491556
  0.00054542506822781  0.00056671490843343  0.00058887161597245  0.00061225414980337
  0.00063639856385375  0.00066185864246041  0.00068747767748258  0.00071471299134064
  0.00074312875219695  0.00077192675676672  0.00080167050852887  0.00083516020847329
  0.00087315123059853  0.00091066807880948  0.00094706203679116  0.00098604432350194
  0.00102703202055286  0.00106912092174613  0.00111361999319220  0.00116046082695567
  0.00121601909838621  0.00129100576391766  0.00137839050649203  0.00145768235269090
  0.00152340774449231  0.00158219807052151  0.00164244522330747  0.00170661887399554
  0.00176418722812331  0.00181740325224545  0.00188266292590690  0.00196490995765899
  0.00203630579038716  0.00210000826829769  0.00216308082287076  0.00225928914757499
  0.00246862680614929  0.00268521117732414  0.00424004040764962  1.00000000000000000
 -0.00109955406618621  0.00706976676708514  0.01344290986579029  0.02025925287826869
  0.02718329972961883  0.03389252635111838  0.04065904350257700  0.04782908712443424
  0.05552783487313376  0.06345680778155233  0.07111015251106394  0.07836361661224535
  0.08616298189306040  0.09373288828034293  0.10142526887451628  0.10872988037532327
  0.11591262450277459  0.12310847080612028  0.13018990764322266  0.13714561940274533
  0.14404907667569100  0.15135332616827141  0.15930351666437484  0.16749676408686778
  0.17627234027486990  0.18543077652137427  0.19385430917539584  0.20185173499331607
  0.20950867721925875  0.21732990566192897  0.22527570778682962  0.23338210965356540
  0.24150629180879218  0.24973718976083376  0.25820761564313194  0.26688045259426652
  0.27562096299011674  0.28424677510215707  0.29252976442420214  0.30053328039385518
  0.30873388175130595  0.31709343568054849  0.32550750019450175  0.33414764051037743
  0.34346813036042012  0.35300230513301933  0.36279772008343858  0.37166380470475224
  0.38122093388305378  0.39048602713562813  0.39948543109321671  0.40858881564614391
  0.41829717959203744  0.42836588539368020  0.43824210910869305  0.44767730092000307
  0.45720982760116219  0.46738805068505884  0.47812960930954773  0.48894438098937715
  0.49955634658283848  0.50992076414039711  0.52017150166086057  0.53040565762060388
  0.54079835198776649  0.55156898994886883  0.56232529041111656  0.57288798566222254
  0.58339599672140952  0.59442542114578123  0.60622166255094123  0.61820718017395349
  0.63032200484064194  0.64248898778766361  0.65429031796375248  0.66567533127607370
  0.67740818606636199  0.68961632388579175  0.70191066744581709  0.71498936610532093
  0.72918159461319032  0.74405716984587011  0.75921498093398354  0.77617258366874875
  0.79539181656608693  0.81632029807916295  0.83822067816920065  0.85701680276719916
  0.87348131921135741  0.88930655544410309  0.90596608293398628  0.92278057694889515
  0.94067181949919121  0.96015880880874271  0.98037774183280879  1.00000000000000000
 -0.00231893730730913  0.00908343401909033  0.01923604778668047  0.02936248648492413
  0.03946488116038170  0.04954533174092164  0.05980945975855716  0.07010821684398502
  0.08062378361167634  0.09026949521557170  0.09997453256123649  0.11029071357165518
  0.11877559006090882  0.12695065064606914  0.13507935207785074  0.14447833293320017
  0.15442314419905984  0.16474548218038318  0.17538783749640136  0.18585204581782733
  0.19566140003538565  0.20538254965503791  0.21569921890805860  0.22613907531860680
  0.23576384044681054  0.24490642417088299  0.25447275284663218  0.26473346964475930
  0.27537955168083011  0.28608594400545384  0.29704379154245031  0.30834216984982166
  0.31988616517357049  0.33146505939262882  0.34207690455005846  0.35235548191519511
  0.36293551793156348  0.37380773844757909  0.38330474460728758  0.39258714400222672
  0.40152766304866722  0.41107507653195202  0.42084250977468857  0.43109515685781497
  0.44115802538647603  0.45137865112461795  0.46192584373045226  0.47300703220174156
  0.48418681210363734  0.49554595822359115  0.50756507276508445  0.51963351547643499
  0.53082429556398980  0.54138321399004785  0.55216247081961534  0.56333846795463716
  0.57420089659650664  0.58473448776408832  0.59523729188849417  0.60557826996724462
  0.61568537785989275  0.62604811360533508  0.63705499065428728  0.64809666757177808
  0.65830109651772251  0.66811727177737446  0.67791424825673896  0.68767512061361846
  0.69730295288290156  0.70762960480951309  0.71883589278076521  0.72994051184760234
  0.74040290543305487  0.75091659217060691  0.76199469214403237  0.77277728406968693
  0.78332795147493173  0.79399721152579472  0.80501947986080746  0.81582284168083996
  0.82590921843822696  0.83607618639329295  0.84629942874291542  0.85672694868016996
  0.86723689990238739  0.87830480543561751  0.88994126335480395  0.90212368641747431
  0.91474364449753376  0.92717512247906808  0.93972642456240085  0.95198216659008239
  0.96379022386161273  0.97572998502279518  0.98743528171058048  1.00000000000000000
 -0.00311599424466134  0.01172163697135183  0.02436854251034462  0.03642081391369670
  0.04782605123975371  0.05902624644880876  0.07095511935837816  0.08297566561386184
  0.09388766507115896  0.10440891898923284  0.11480969622958977  0.12470773727601568
  0.13432325664434849  0.14406463689579935  0.15412001829487543  0.16379035638030043
  0.17391817923537192  0.18469466423390268  0.19541292286945455  0.20499368376440696
  0.21473804180483808  0.22475252450260497  0.23518830343274877  0.24577996914508105
  0.25579679543502776  0.26546944437377906  0.27547981786634279  0.28600568636386209
  0.29685675946994755  0.30774701378370961  0.31850026733427678  0.32905871219403832
  0.33927762987866344  0.34931739755348756  0.35955308208220244  0.37012055322131787
  0.38094902583671880  0.39208483131649124  0.40305476212452401  0.41372154621497237
  0.42422224507145917  0.43454321251152334  0.44494960601419808  0.45513478417457909
  0.46565081210377268  0.47600802590935615  0.48699575512711935  0.49824382709438914
  0.50870782413775750  0.51876020413813884  0.52876942712216779  0.53958552782620628
  0.55082442819284871  0.56221116030500085  0.57419884614119077  0.58548444178801562
  0.59551184999617990  0.60562445554899780  0.61470753961436331  0.62371296994564962
  0.63309321572375399  0.64292310310181822  0.65307024979817097  0.66322871578490650
  0.67337951743044555  0.68421250264067357  0.69562856997423961  0.70728096905439486
  0.71841452654059457  0.72865308182832977  0.73890796960112048  0.74941424502613063
  0.76069065429262850  0.77179144430957969  0.78224213645732010  0.79294916388559777
  0.80430649507573970  0.81577946068132123  0.82638729492620222  0.83607011953741162
  0.84528730175970512  0.85387385344791988  0.86246837560109424  0.87149667315100521
  0.88162276364360714  0.89279958475256183  0.90456297402602581  0.91678153267935636
  0.92920761369692140  0.94098093112750381  0.95176264239154762  0.96187710772251089
  0.97147231016772129  0.98056084632679086  0.99005154140317309  1.00000000000000000
 -0.01113067246361442  0.08464232408293804  0.12910774902242178  0.15884700712637936
  0.17642535668848841  0.18956838591395941  0.20115132729055113  0.21217429418717862
  0.22278708489259971  0.23314765453555714  0.24314398753807576  0.25257785412517392
  0.26153720657716001  0.27067372757858971  0.27947020320194366  0.28812632709547625
  0.29662097293867012  0.30516260287677144  0.31401858851031395  0.32292484576095182
  0.33158648052226813  0.34006741075564184  0.34849859430369667  0.35695047486911502
  0.36541627578681452  0.37381436432878912  0.38202681309675318  0.38992172014664889
  0.39804338116895444  0.40595719809709901  0.41401789848767395  0.42147401864211459
  0.42874229840556072  0.43566599326700445  0.44285683308157675  0.45037267256165642
  0.45787960101251579  0.46532569321913431  0.47261125296766343  0.47996553645694806
  0.48728389373904812  0.49450847165740486  0.50163215510254111  0.50883505575843679
  0.51642671638167525  0.52433228100835894  0.53281775189358471  0.54082824079594238
  0.54824909494602991  0.55559306508563344  0.56354721377242500  0.57158949573014173
  0.57947957948348960  0.58674852695878643  0.59402316704952729  0.60165660825231759
  0.60984890521236401  0.61812620654114359  0.62606545584582163  0.63382637447424295
  0.64166456706631481  0.64936910557465233  0.65695259462265854  0.66475948216062886
  0.67250880021625048  0.68033160014629146  0.68764550236896071  0.69448108590750268
  0.70146326069271514  0.70835807008494966  0.71543909301526687  0.72233494864180159
  0.72945465237549911  0.73718560416690404  0.74507559309549187  0.75324090333102856
  0.76173964604828182  0.77089747907137895  0.78075960816815604  0.79053862570266775
  0.79970378778686257  0.80815816439052579  0.81627798152837272  0.82445411260860990
  0.83355245056737237  0.84274649762653842  0.85172346441698221  0.86077215025853204
  0.86997402341974195  0.87930845665773927  0.89034916703575950  0.90304673762550514
  0.91777522247683652  0.93265889976544958  0.95076988951902808  1.00000000000000000
 -0.02021804094832139  0.12219546644872904  0.15826449583119714  0.18176557170079097
  0.20122923775654059  0.21756324080933934  0.23216248504115589  0.24562207833392277
  0.25854764288615145  0.27091266707758738  0.28262697761327976  0.29398276231790160
  0.30558859080717327  0.31694268953222110  0.32690773687902758  0.33616714626503497
  0.34521369840268334  0.35473377887939916  0.36390322713495582  0.37243595816216918
  0.38058046452768535  0.38887439188775386  0.39748647122223052  0.40597156786742855
  0.41405761022913490  0.42138403417509890  0.42836343145973799  0.43535042662628559
  0.44258626155610287  0.44999524352790704  0.45717484562066718  0.46378827275803930
  0.47012461317140530  0.47646573548667215  0.48282482832367074  0.48900022710229751
  0.49537583628619519  0.50164576875202238  0.50758239674437944  0.51331922547319997
  0.51876164311316264  0.52437658973094881  0.53043764746607902  0.53678254132865366
  0.54378437667179425  0.55122502089362813  0.55858338434448607  0.56569608898896473
  0.57243304154174002  0.57849858292626133  0.58423109693129138  0.58988934538931825
  0.59568881295965759  0.60184390903617924  0.60835482387048001  0.61493318885056214
  0.62133771250161740  0.62732961708501100  0.63288535883393682  0.63844500483319933
  0.64437694086296526  0.65002230284673856  0.65584972228263816  0.66179245532329778
  0.66762844523484677  0.67321131732389794  0.67858965180725273  0.68413857868079131
  0.69005630738220913  0.69620949058214743  0.70227667192805665  0.70853044634799900
  0.71546914993982502  0.72291338902301672  0.73047175035381318  0.73722537473040906
  0.74423985294195905  0.75109520474513680  0.75830663883745753  0.76546161620307884
  0.77280996834221838  0.78024466990785446  0.78740279756123377  0.79446474296289327
  0.80165133974549341  0.80904170914235773  0.81683516223871910  0.82500852340526543
  0.83381243827808404  0.84379456731708924  0.85518677339016191  0.86900975338818831
  0.88522057776856811  0.90478182971932608  0.93288610512493819  1.00000000000000000
   1.5170879279699089E-007  -1.0000000000000000     
 F F F F F F F F F F F F F F F F F F F F F F F F F F F F F F F F
  <DiscreteSampler_grid>
  grouped_processes
  1 # 1 for a reference and 2 for a running grid.
  10 # Attribute 'min_bin_probing_points' of the grid.
  1 # Attribute 'grid_mode' of the grid. 1=='default',2=='initialization'
  0.0000000000000000 # Attribute 'small_contrib_threshold' of the grid.
  0.5000000000000000 # Attribute 'damping_power' of the grid.
 # binID   n_entries weight   weight_sqr   abs_weight
    28   10   2.405892636543791E+001   2.497345304640824E+003   2.405892636543791E+001
    29   10   2.405892636543789E+001   2.497345304640817E+003   2.405892636543789E+001
    31   10   7.908613030161438E+003   2.935983828851327E+008   7.908613030161438E+003
    32   10   7.908613030161432E+003   2.935983828851320E+008   7.908613030161432E+003
    43   10   1.248218060226676E+003   3.679963113417915E+006   1.248218060226676E+003
    44   10   1.248218060226676E+003   3.679963113417915E+006   1.248218060226676E+003
    46   10   1.248218060226676E+003   3.679963113417915E+006   1.248218060226676E+003
    47   10   1.248218060226675E+003   3.679963113417914E+006   1.248218060226675E+003
  </DiscreteSampler_grid>
