  0.00000339910801782  0.00000347920572750  0.00000357186225899  0.00000368342147213
  0.00000384115205401  0.00000401832278718  0.00000419796146892  0.00000438112071007
  0.00000458756025484  0.00000479504893928  0.00000499309933087  0.00000523576559719
  0.00000550861795112  0.00000580239842574  0.00000612557196887  0.00000645404064821
  0.00000675270924847  0.00000706976874421  0.00000740277970903  0.00000775784024746
  0.00000814540125561  0.00000855122634977  0.00000893960954903  0.00000936137501734
  0.00000980224101241  0.00001022230625690  0.00001065780404106  0.00001113558952856
  0.00001163711719336  0.00001218915494299  0.00001279999705350  0.00001342991904817
  0.00001405145365832  0.00001468045599909  0.00001546885916147  0.00001628257582248
  0.00001729734100087  0.00001821626880133  0.00001909998513658  0.00002001287219139
  0.00002099268501391  0.00002207910990311  0.00002327224330940  0.00002446395245292
  0.00002569973871093  0.00002712360446223  0.00002856835999702  0.00003007912771574
  0.00003166954924166  0.00003326526055922  0.00003495297862862  0.00003680881476666
  0.00003879969573143  0.00004099977232754  0.00004324335519335  0.00004547372283897
  0.00004770864609640  0.00005007495218246  0.00005251695606045  0.00005510262104204
  0.00005799994579220  0.00006128117249891  0.00006497679574842  0.00006915769913287
  0.00007348308796749  0.00007820832901294  0.00008370831159420  0.00008993166117089
  0.00009664279980546  0.00010304844072025  0.00010936219502762  0.00011652914154733
  0.00012505119247238  0.00013418755246974  0.00014312407922944  0.00015245126890733
  0.00016275692192096  0.00017699838229483  0.00019354279820814  0.00021286175845085
  0.00023538742352584  0.00025968545258931  0.00029013262619238  0.00032433257503802
  0.00036889913880522  0.00042462541122958  0.00049634938498058  0.00058436765567529
  0.00068471607307867  0.00081212497308484  0.00102051741765535  0.00137399373733138
  0.00208539834622895  0.00460498161559379  0.07580653497260567  1.00000000000000000
  0.00000251673461350  0.00000271216279821  0.00000296565541088  0.00000321497667233
  0.00000346987611569  0.00000373823352694  0.00000401154793026  0.00000429591500616
  0.00000461503243339  0.00000494697432548  0.00000528190251621  0.00000562439126236
  0.00000603157668361  0.00000647711797538  0.00000694701574266  0.00000743247531432
  0.00000791756166906  0.00000839035671481  0.00000885409693761  0.00000934540254506
  0.00000984492606739  0.00001032498987415  0.00001080227330367  0.00001127879756607
  0.00001177991992937  0.00001225041398275  0.00001285798014962  0.00001347691615354
  0.00001412886189157  0.00001480556994486  0.00001549321219502  0.00001618057764894
  0.00001688607243115  0.00001765526472629  0.00001850125525343  0.00001949664706439
  0.00002057357063616  0.00002172132300764  0.00002288667725887  0.00002399976969050
  0.00002506428373727  0.00002623688089740  0.00002754211053023  0.00002900013386385
  0.00003053317876701  0.00003214204702369  0.00003373659315645  0.00003540130019014
  0.00003722944830516  0.00003920243763222  0.00004130531625427  0.00004353996922803
  0.00004571555085101  0.00004801038839727  0.00005033704606262  0.00005275536090073
  0.00005538252341644  0.00005843607472700  0.00006180884384048  0.00006541009990402
  0.00006917709489062  0.00007302270865241  0.00007700810548890  0.00008142084323866
  0.00008628913425164  0.00009129518263725  0.00009724759254527  0.00010327181849590
  0.00011023076886625  0.00011782601870223  0.00012550389886589  0.00013332931242206
  0.00014087704261397  0.00014882900453870  0.00015671184001145  0.00016602139706105
  0.00017676946005844  0.00018883127030695  0.00020215979097638  0.00021527005760166
  0.00023339005373341  0.00025601940398427  0.00028336776739388  0.00031432423464649
  0.00034604517861017  0.00038581481229127  0.00043351424256269  0.00049927214285907
  0.00058306648000655  0.00069974433759842  0.00087505044003867  0.00116816792209181
  0.00162174513856314  0.00292895015499590  0.04298315379640002  1.00000000000000000
 -0.00258734143944492  0.00962883514396786  0.01964169871983383  0.03002636795519373
  0.04050678098187759  0.05088009730998882  0.06067046415556773  0.07100542848623762
  0.08217546244030785  0.09400696774437843  0.10588798132838745  0.11724758260475251
  0.12879040007312648  0.14058101332390349  0.15209102547959813  0.16304096378825320
  0.17297215684388842  0.18203687685895387  0.19083736751177138  0.19942542769549207
  0.20890377949295624  0.21946652871977262  0.23065810455526001  0.24024861218545254
  0.24936887109420869  0.25824595667682848  0.26767803592165351  0.27693619979618112
  0.28724697362719515  0.29702208646119610  0.30627356295811925  0.31572829507121214
  0.32574309341479352  0.33769660613452640  0.34971352523964039  0.36158818070031018
  0.37240717449132893  0.38107570771450100  0.38900268542861743  0.39734362244480242
  0.40638724860711239  0.41629955348567521  0.42573519320116393  0.43564639847531234
  0.44721606565788924  0.45920932083905269  0.47109669340164928  0.48265848776584552
  0.49423335706629434  0.50519894155631895  0.51513810617714062  0.52613859143442421
  0.53744474897606842  0.54788510263985202  0.55819420626828742  0.56708367917109492
  0.57596061515486152  0.58623713407722911  0.59677584188759192  0.60728405259269280
  0.61758916861411539  0.62660518341498850  0.63697309418554326  0.64737657502018930
  0.65880021610615280  0.67124924328569058  0.68386476455780842  0.69610517776970371
  0.70795572482035618  0.71800600198223474  0.72757949957740753  0.73633941065814446
  0.74652001998565098  0.75510946180773653  0.76408910181577705  0.77312510555858693
  0.78274458294501714  0.79277502056499971  0.80371928804264847  0.81599156475045842
  0.82899793739561711  0.84106409466208010  0.85235934469747776  0.86352757054846652
  0.87472315313404536  0.88580608345104650  0.89666447514333580  0.90709160877193973
  0.91741996421116256  0.92881269828438551  0.94071626027720634  0.95286378484742518
  0.96480772948083882  0.97659618774439305  0.98845173666071329  1.00000000000000000
 -0.00000317059689446  0.00015671208610638  0.00034886658277086  0.00059845234455048
  0.00076923408587324  0.00091457950164467  0.00106282768498172  0.00122295237988107
  0.00139015477359859  0.00155578454964569  0.00173070559982155  0.00191174871236952
  0.00209377704112925  0.00227793477712145  0.00246032851920587  0.00263971635562803
  0.00281661000607461  0.00299324451635322  0.00316802662397444  0.00333999347510720
  0.00350720802461676  0.00367186617018114  0.00383738371104915  0.00400597597222597
  0.00416835717265297  0.00432934625782716  0.00449174608934966  0.00466377009660800
  0.00483593965864539  0.00500877812542214  0.00518234613458307  0.00535194491671452
  0.00552466651712819  0.00570096517124072  0.00588930601497724  0.00608463965838565
  0.00629221948104792  0.00651858212715614  0.00675196542270800  0.00700198429843637
  0.00727162391240126  0.00756438032132904  0.00788690337774454  0.00823145993556061
  0.00852427183983106  0.00878936505929019  0.00903700297228786  0.00927332569705785
  0.00951754700513634  0.00976932172157301  0.01003281966784805  0.01031336155045487
  0.01059484883119643  0.01089025748469085  0.01117088805068255  0.01147583854018590
  0.01179383971564829  0.01217360471771161  0.01259793623322197  0.01303435345202045
  0.01346980214087704  0.01386097139133747  0.01420998670060419  0.01455178441456638
  0.01493710941427972  0.01529451374557530  0.01563238399304856  0.01600240653313956
  0.01639506365439462  0.01681361022122587  0.01722989175877352  0.01760826747950370
  0.01801359450905960  0.01840831518352045  0.01882993784693862  0.01916675158630149
  0.01946321780054143  0.01971363304048714  0.01995244595050094  0.02019330171648439
  0.02042600372063536  0.02070845893341973  0.02122244210664610  0.02189753678045053
  0.02256490188658963  0.02420182329458612  0.02586225945054164  0.02813105563796576
  0.02928099645397491  0.03018240239768116  0.03114109787783491  0.04069503576520887
  0.04286890171086467  0.04731000508711056  0.30988648389794266  1.00000000000000000
 -0.00160890809686950  0.00858622569461037  0.01754798342006707  0.02718032155865129
  0.03651266965188912  0.04487069200939110  0.05282657344195409  0.06232646707475577
  0.07430209395094678  0.08609213289438825  0.09602416133367604  0.10497456718351678
  0.11304288067539139  0.12134216466375580  0.13048154481666369  0.14087236005835949
  0.15159401827198826  0.16210915648425517  0.17344693554147941  0.18603925290681475
  0.19735378122784272  0.20726970713356765  0.21700442821482213  0.22667939122268163
  0.23666885341393204  0.24712164424905400  0.25714828757615488  0.26672607222224920
  0.27651808214161372  0.28733805064408674  0.29845075805358273  0.30933780478046746
  0.32015758182549670  0.33197342213403136  0.34480820187229566  0.35849160410076625
  0.37144670509018729  0.38304679450650764  0.39418872776486868  0.40558137162394559
  0.41629511951253001  0.42617438399628166  0.43583104434776454  0.44681541539488207
  0.45868410489251421  0.47073404804177799  0.48192826941113953  0.49180770032429516
  0.50186549042474737  0.51231235885105908  0.52304357445091021  0.53369700661981467
  0.54489099212577552  0.55706538030135744  0.56920771751515842  0.58183544571234147
  0.59560609016696375  0.60862056287473831  0.61972292705796628  0.62917013331593674
  0.63881024512067441  0.64789662621329469  0.65723895792002729  0.66856468623251109
  0.67916092126019045  0.68879258885874473  0.69779738874969810  0.70745546986569074
  0.71814398152194037  0.72799941021817538  0.73764047950918876  0.74754946705123060
  0.75858544238368208  0.76898408351389680  0.77950625699867759  0.79003036114541536
  0.80051558682534640  0.80986272500799728  0.81903383056351597  0.82771855921198301
  0.83777952331975802  0.84907299473039932  0.85952466047241838  0.86936652012914017
  0.87924206661788251  0.88949435407793587  0.90045365769193475  0.91130868453781755
  0.92240690450211404  0.93463500462332205  0.94565532428837795  0.95662620785596597
  0.96727747998765345  0.97835128017281758  0.98941863176857170  1.00000000000000000
  0.00359248522150047  0.19239958884559644  0.25699449704478838  0.31021636363941302
  0.35082714311799040  0.38853930527033592  0.42318731392290937  0.45408701775718763
  0.48230167286015135  0.50769844285236654  0.53088850011995969  0.55225507217928205
  0.57109307970652956  0.58812815759018333  0.60433985422904091  0.62033149859887471
  0.63524854580283729  0.64911495541137576  0.66235454909259461  0.67559700678778567
  0.68827350203113913  0.69976834484838124  0.71031402585805326  0.71997152859786440
  0.72911604420883525  0.73722076820955462  0.74496996462302301  0.75245617569119361
  0.75975574972463644  0.76703907984431663  0.77390442685732619  0.78039066324440842
  0.78671539927111389  0.79273320815918513  0.79869707660971656  0.80477826330144608
  0.81081178485995919  0.81684900532697102  0.82276596514184208  0.82848748841329878
  0.83417307095225279  0.83984483774850660  0.84553709669687438  0.85125610162139542
  0.85694822331573606  0.86256749563601065  0.86841023310426380  0.87358134279760036
  0.87802611742855374  0.88172983324059584  0.88523046922388504  0.88862944643857122
  0.89226007307822608  0.89592901588514806  0.89952535992076454  0.90298999281063008
  0.90645907983609086  0.91002188178317045  0.91348255159876779  0.91704002923837835
  0.92050530999606628  0.92352205535676879  0.92619547458409857  0.92869495703740645
  0.93119766705621476  0.93372606765068400  0.93628600711766496  0.93884460603845332
  0.94137826048967133  0.94389516163859799  0.94632139704838092  0.94882898742771571
  0.95124729266787367  0.95364797512183330  0.95581221420693674  0.95774830695068225
  0.95965828837102651  0.96147478767558270  0.96340016399875406  0.96534509721921347
  0.96739118010094916  0.96951404713514033  0.97159722256068526  0.97373853917989561
  0.97571536137484016  0.97766187888288514  0.97966364332418865  0.98166214967031673
  0.98370659473635835  0.98577193839325250  0.98782569423297750  0.98989034431829148
  0.99205353565946408  0.99437907701291051  0.99697798631010137  1.00000000000000000
 -0.01601139387826107  0.10487659108500880  0.14599967519072790  0.16924024279840374
  0.18806464370984652  0.20128968752839313  0.21299346354571058  0.22449434721804562
  0.23713291827149799  0.24931944214344859  0.26016612827397717  0.27089639001019900
  0.28091147651663151  0.29092486547015461  0.30061663901806801  0.30872869103830897
  0.31564140686824294  0.32187205644799399  0.32808217401072270  0.33523942297916665
  0.34200789937553078  0.34899476690168535  0.35582878370632798  0.36246237456427344
  0.36928663919377092  0.37587668708740013  0.38264553601082069  0.38856122543559579
  0.39429035703275478  0.39994946919546470  0.40581795156033035  0.41242680020081973
  0.41919231112256339  0.42533511356452169  0.43117141053607105  0.43666607620888126
  0.44202802199974722  0.44744682007820136  0.45300829550314531  0.45862512661110483
  0.46390513465636785  0.46927362821441299  0.47398396327949627  0.47906961191953040
  0.48472064969072215  0.49075903519312675  0.49704720748341641  0.50333977058265056
  0.50941178586855840  0.51550741570418046  0.52152732034249916  0.52728255948041303
  0.53316991112984724  0.53893488077402474  0.54479396519747914  0.55061054941217991
  0.55550802952804068  0.56060871228026321  0.56594192464262927  0.57164281409992157
  0.57811684275508024  0.58517281099531904  0.59229310990806117  0.59913206485210391
  0.60556491076487529  0.61166117845881252  0.61829318560280455  0.62574142021884382
  0.63285170770319299  0.63972071813727949  0.64603635264926340  0.65233695870834152
  0.65875862083393533  0.66537042918509137  0.67261398563875019  0.68040633460892030
  0.68751773895607660  0.69571702868967489  0.70437728601798943  0.71294022574014249
  0.72149082781231477  0.73009704415652554  0.73970251154286071  0.74961954585337098
  0.75959137951427480  0.76881703562142900  0.77825650190550111  0.78824819042125460
  0.79992491367251495  0.81249125753530349  0.82667584776125236  0.84098210501434312
  0.85824784791307984  0.88044368136857976  0.91364633816258345  1.00000000000000000
   5.5266724262927633E-007  -1.0000000000000000     
 F F F F F F F F F F F F F F F F F F F F F F F F F F F F F F F F
  <DiscreteSampler_grid>
  grouped_processes
  1 # 1 for a reference and 2 for a running grid.
  10 # Attribute 'min_bin_probing_points' of the grid.
  1 # Attribute 'grid_mode' of the grid. 1=='default',2=='initialization'
  0.0000000000000000 # Attribute 'small_contrib_threshold' of the grid.
  0.5000000000000000 # Attribute 'damping_power' of the grid.
 # binID   n_entries weight   weight_sqr   abs_weight
    79   10   4.279448564791561E+002   6.374242350335910E+005   4.279448564791561E+002
    80   10   4.279448564791512E+002   6.374242350335742E+005   4.279448564791512E+002
    82   10   2.286860093825210E+001   1.820254618631291E+003   2.286860093825210E+001
    83   10   2.286860093825182E+001   1.820254618631240E+003   2.286860093825182E+001
    85   10   8.008220558898914E+003   2.232158354382730E+008   8.008220558898914E+003
    86   10   8.008220558898820E+003   2.232158354382671E+008   8.008220558898820E+003
    88   10   4.279448564791561E+002   6.374242350335910E+005   4.279448564791561E+002
    89   10   4.279448564791512E+002   6.374242350335738E+005   4.279448564791512E+002
  </DiscreteSampler_grid>
