  0.00837037676376856  0.01959966335721939  0.03015772101101323  0.04106184186979697
  0.05215901461047044  0.06215812901895736  0.07002610480148923  0.07654690702956329
  0.08259254881615420  0.09037508137368007  0.10101975303004777  0.11139857265313390
  0.12206332423528311  0.13170639703122214  0.14067417476101438  0.15074538115862252
  0.16099711068461453  0.17263501792692518  0.18514408953644287  0.19865146110389070
  0.21281973814509275  0.21997759225448502  0.22681196945501286  0.23447803545088597
  0.24399921738133346  0.25271017439847954  0.26253491773911608  0.27463020693671580
  0.28482235070798440  0.29443909699866033  0.30499377602027378  0.31420490226812470
  0.32330970842867079  0.33410704005987446  0.34567711006576390  0.35899729306644923
  0.37167622421728252  0.38389690157320455  0.39548059248421541  0.40622724150557654
  0.41559363529415350  0.42355613292649902  0.43091639225624129  0.43807272957757337
  0.44694174242148599  0.45722678255082855  0.46954617891091804  0.48248916949817594
  0.49528802345897516  0.50686984621258324  0.51784138583661721  0.52872815312342814
  0.53970762088249458  0.55147494234256944  0.56365258200441271  0.57538259978443484
  0.58759126318267296  0.60060426322213611  0.61345132062852625  0.62619234010296931
  0.64096430414084726  0.65913901346869652  0.67373915559259523  0.68678551996616188
  0.69553929934847503  0.70253606334379881  0.70921477224795693  0.71684136691887346
  0.72611317533190511  0.73567069732460755  0.74585692970024742  0.75881570208475524
  0.77167387719629277  0.78366627541782252  0.79595589620197404  0.80832051663995597
  0.82072581558567292  0.83322261309222567  0.84565910975657144  0.85796724900451327
  0.86852444852566890  0.87897685037526585  0.88883108472086381  0.89964313431529142
  0.90948701217026950  0.92037528810041680  0.93118783818826767  0.94061272948789443
  0.94817130271753103  0.95554289038239115  0.96460513742721865  0.97406838490177816
  0.98086010037739069  0.98753759425219967  0.99376879712609978  1.00000000000000000
  0.00010026083518321  0.00010948093637178  0.00011269178890208  0.00011440402983146
  0.00011585805612844  0.00011704346555181  0.00011798180742418  0.00011892231763430
  0.00011970983655753  0.00012048161642589  0.00012128535964497  0.00012212989599082
  0.00012299398764324  0.00012380865080302  0.00012461493096224  0.00012562361412919
  0.00012660898101671  0.00012759090511713  0.00012854438093462  0.00012939316620351
  0.00013017765370201  0.00013108120868070  0.00013201766750521  0.00013298181100055
  0.00013408790474910  0.00013525803170385  0.00013640795636306  0.00013752806818469
  0.00013874206364197  0.00013997327945227  0.00014101032421296  0.00014191023813250
  0.00014273005232281  0.00014348927894172  0.00014430272147105  0.00014530421597564
  0.00014630768015189  0.00014757384285456  0.00014890017068180  0.00015003879534744
  0.00015121709016792  0.00015235585731626  0.00015360008669963  0.00015530026183036
  0.00015701043069124  0.00015880795103564  0.00016066738738527  0.00016323198209152
  0.00016595774338697  0.00016895580218062  0.00017208206380205  0.00017521491248901
  0.00017839149280703  0.00018181677543669  0.00018554658187557  0.00018948175824868
  0.00019350543892183  0.00019744295172698  0.00020134354404167  0.00020519461386434
  0.00020880478459471  0.00021232994202921  0.00021622167806799  0.00022027863344453
  0.00022500238012744  0.00023038351379440  0.00023639666211113  0.00024219386360155
  0.00024828601903187  0.00025530575073799  0.00026329455845385  0.00027108932965211
  0.00027897708378612  0.00028791332359252  0.00029782607189284  0.00030851630362126
  0.00032160981320419  0.00033680458047981  0.00035278427835412  0.00036891754449868
  0.00038732102825996  0.00041164853801705  0.00044127080154309  0.00047419304863093
  0.00050922293715160  0.00054949760063852  0.00059033858404856  0.00063675368685598
  0.00068846588718324  0.00077197056484725  0.00093647868160297  0.00113864017958869
  0.00132547873223363  0.00172238808371086  0.03067513365296026  1.00000000000000000
 -0.00008007292524726  0.00118921291376972  0.00396504513506022  0.00752768098169034
  0.01128975542425558  0.01465692274953897  0.01942596003839162  0.02529560618568450
  0.03191007219359570  0.04039274106858358  0.04936628556649208  0.05852944027387558
  0.06677573471392977  0.07257177756205314  0.07772226797932452  0.08411780032296964
  0.09165060740403819  0.10279972739914317  0.11594477395058904  0.12822902002852646
  0.13906417274448940  0.14882656282815385  0.15844434799391660  0.16741216281359383
  0.17574645591975299  0.18402208778841145  0.19264223759649790  0.20256508497572531
  0.21389045501150689  0.22393089750370071  0.23229731154533931  0.24055253391514722
  0.24971301777176660  0.26038277648917763  0.27147249140515939  0.28065983100142528
  0.28935848958921268  0.29843149677718950  0.30796296735484835  0.31793393395668273
  0.32792057721912532  0.33707202090023958  0.34574783404868525  0.35414166507726175
  0.36398573355681979  0.37430420558925154  0.38680061519345937  0.39961629448494179
  0.41162021160085122  0.42360154881167883  0.43505858809593012  0.44687157576432757
  0.45958227646280436  0.47106180578448653  0.48298496131329566  0.49480362628980590
  0.50759231793586279  0.52190509251022188  0.53754617413876349  0.55439677930172160
  0.57211791794082401  0.58972967345322824  0.60579122864289880  0.61963408083043592
  0.63051589567525901  0.63961464506416010  0.64924152456584638  0.66026364448273001
  0.67157064046631776  0.68060440467598204  0.68793472972723135  0.69539319914629472
  0.70287043601924848  0.71157251862000381  0.71947045212935923  0.72593031966269417
  0.73974262106484467  0.75317008328441204  0.76583216379429109  0.78085988799034134
  0.79422665294290418  0.80733214293438205  0.82050523399088782  0.83321759876255075
  0.84479614111616641  0.85540986142682951  0.86950890583594276  0.88642422693188605
  0.90310570637213705  0.91719092381399392  0.93037169546353005  0.94277875903089092
  0.95615251403153634  0.97090775510795602  0.98555874504607466  1.00000000000000000
 -0.00235808941572089  0.00942453682311190  0.01800189476588530  0.02701936068804193
  0.03487155002077822  0.04613011042808345  0.05995928990326545  0.07414593050419309
  0.08836263462586233  0.10393217600177895  0.12201793387897188  0.13462513985500363
  0.14571118929105037  0.15761199115409824  0.16800656011342666  0.17691236601070293
  0.18455150203013984  0.19270614571995653  0.20083342477744459  0.20940039121892570
  0.21651611569550130  0.22225306844430232  0.22855573606779747  0.23434082824280372
  0.23934076033026488  0.24572412891513906  0.25312529707788289  0.26247791454247316
  0.27660256227060664  0.29133978009532041  0.30712068718345759  0.32007322991373399
  0.33097444665249010  0.33994806944896422  0.35004466474693502  0.36057602843865200
  0.37205825852607977  0.38406505685561820  0.39820052005630496  0.41089285336551951
  0.42427905938857652  0.43689955634656163  0.44821302316468420  0.45860483532859836
  0.46873936815717243  0.48040060971895154  0.49359921310840543  0.50502693992122083
  0.51406224873844908  0.52183491891156830  0.52984405396547452  0.53829731486200227
  0.54712448740293762  0.55682272891619500  0.56791688467179646  0.57866734959717647
  0.58940825443577882  0.59917765575388093  0.60928726213857387  0.62046936210682768
  0.63361402633070241  0.64551512971756431  0.65621491107659258  0.66650898527240332
  0.67755391035567292  0.68892825249175049  0.69996116032441824  0.71111348580516098
  0.72326638621009343  0.73577359752704596  0.74781850575674369  0.75863950128738089
  0.76793177422850845  0.77974209451461074  0.78978301356923419  0.80061743450175871
  0.81106515007080160  0.82019295144239490  0.82964617454656286  0.84025050251573619
  0.85164233051685945  0.86396343272961529  0.87704948752482803  0.88982536530799639
  0.90252778836014169  0.91315832649727147  0.92401812969212660  0.93330294231033017
  0.94237794690307986  0.95281552872259134  0.96119267113195273  0.96918758877910061
  0.97959763849749160  0.98639345888457552  0.99272782843602370  1.00000000000000000
 -0.00295022622663522  0.01083948815850031  0.02107460931437078  0.03064843285284154
  0.04001516269339270  0.04964955253028771  0.05755199101859981  0.06397817112457484
  0.06965438849012050  0.07581586198734608  0.08282542363168366  0.09117010707663779
  0.09961290408593514  0.10822016366900104  0.11614901886593705  0.12401858540568932
  0.13122130395432499  0.13879846290658132  0.14713569112750435  0.15518185022468722
  0.16352740179181580  0.16947636483253614  0.17320517841138858  0.17633743900881038
  0.18000019368796000  0.18466097882328339  0.18923480907410145  0.19461088239717028
  0.20018380806285976  0.20531623097163201  0.21038388662866078  0.21673101748544046
  0.22330188367566459  0.22967476439901047  0.23618445958766501  0.24289261600970141
  0.25014442801825115  0.25674473068549697  0.26216815745185507  0.26768342619321711
  0.27333144857305652  0.27921132929668130  0.28572514019223444  0.29262784852055340
  0.30030380114978350  0.30909313229296520  0.31942737958993567  0.32939852013805898
  0.33912401302459144  0.34876187478419546  0.35823509569027762  0.36788289382794520
  0.37763690219510204  0.38414241582187608  0.39182880079484184  0.40007892584375165
  0.40877441245014395  0.41755458027147629  0.42605906089176054  0.43397253649680667
  0.44254040391687782  0.45247186230297792  0.46339209217277766  0.47652174626499250
  0.48814736632290240  0.49868126659692580  0.50787116110733332  0.51742711447179668
  0.53003932737127257  0.54478279007606623  0.56076280472638962  0.57600582872162409
  0.59127684063998309  0.60483838480716490  0.61829929547765261  0.63037148946889021
  0.64173757133638598  0.65092862379709060  0.65993069373803948  0.67082467309476879
  0.68097430571781747  0.69269663058589825  0.70915824846888920  0.72530784326232212
  0.74062101360256682  0.75657641617421634  0.77009085363297070  0.78886536760546488
  0.80477617650540578  0.82643209051343480  0.84909680217367456  0.87107693857614110
  0.89402074916531182  0.91849324134100441  0.95371987806929548  1.00000000000000000
 -0.00135373988410805  0.00705881066789653  0.01473115057274024  0.02180911316158370
  0.02880344366890275  0.03490288266092655  0.04389123791917736  0.05668158504618290
  0.07046507413614962  0.08314459892154537  0.09589786494413280  0.10843787253115146
  0.12030836412482247  0.13063307483727790  0.14014837480029252  0.15015117788608284
  0.15932999133298947  0.16871284807186623  0.17907636800591586  0.19098000385094049
  0.20451829852132636  0.21937530053192569  0.23499082546940822  0.25124525966064659
  0.26659946016975361  0.28031001542359729  0.29323486811668442  0.30584721834564238
  0.31819087022505899  0.33011199413246939  0.34036342495673005  0.34899789151561172
  0.35712449201264740  0.36425672722049290  0.37129285505233878  0.37939620941988639
  0.38836420004852829  0.39668387627215579  0.40575032367762420  0.41623370263078563
  0.42796935033678124  0.43901814714579107  0.44915906606792572  0.45906037185192761
  0.47037359149993307  0.48238200296566608  0.49327076342613396  0.50539183902841878
  0.52006620835772233  0.53466506300997729  0.54798207212617711  0.55888623043114616
  0.57029377929132874  0.58134246903341458  0.59162623450055285  0.60150033023581484
  0.61228943966507532  0.62463415846704062  0.63715814459026843  0.64863108730665975
  0.65854584847721365  0.66773324710970650  0.67754689765890286  0.68608924444955344
  0.69409305416427503  0.70356163367721636  0.71333268646141856  0.72200370228158806
  0.73019614924537879  0.73866529051095053  0.74745905615274943  0.75896898618401931
  0.77414637119723961  0.78947139511352427  0.79995181099416324  0.80733962649194091
  0.81563536551304139  0.82268569928490920  0.82973165967405804  0.83728844938232061
  0.84420385710561618  0.85503141966888851  0.86616435462677288  0.87571868901957850
  0.88505853113752908  0.89509666346783912  0.90604696608399105  0.91852255036792774
  0.93264036514961379  0.94718986500172209  0.95844865656151323  0.96655940172169441
  0.97370372161047780  0.98101565973515636  0.98902333635471762  1.00000000000000000
 -0.00750197548030161  0.07947600763260196  0.13113573476247006  0.17597517322716508
  0.20738500029384804  0.23844342345476094  0.26532457873282866  0.29205070256332955
  0.31620860403430734  0.33587869080644706  0.35226870173228270  0.36527337281720251
  0.37849251470202006  0.39383945731328024  0.40931491802417863  0.42373198455790606
  0.43701146623737419  0.45047162400203272  0.46431326663935957  0.47627102811124428
  0.48797414147777624  0.49976389204848021  0.51282643295122732  0.52489588727384628
  0.53646595716156231  0.54806721604169684  0.56295045207116079  0.57177541853376623
  0.57810539675124883  0.58494838178771458  0.59221184350699330  0.59929289203462000
  0.60687795620262652  0.61698597343405726  0.62819798491508494  0.63638560051957371
  0.64300858327876487  0.64968811093724499  0.65821339430857728  0.66754115931758395
  0.67640330864551446  0.68496642300831412  0.69407335081284161  0.70356086650325478
  0.71185328374434920  0.71964777500175625  0.72727177144593869  0.73353079349145689
  0.73891475976729948  0.74405033735395942  0.74867253850571602  0.75283187690348141
  0.75768838627969071  0.76390922019507290  0.77181851532541179  0.77959366098887439
  0.78701282032209596  0.79442579209159925  0.80062419467259927  0.80719320080994028
  0.81326968687968093  0.81924176587688402  0.82543731343135929  0.83088733919009394
  0.83590433941878328  0.84102305644300468  0.84643019096965699  0.85166829047661452
  0.85650212547703630  0.86114631791596441  0.86598454900208743  0.87124023247399052
  0.87660469393788842  0.88383622073261492  0.89125454011241290  0.89759465811876160
  0.90356371778664135  0.90956844240568813  0.91618971720833853  0.92338535119936693
  0.92970139746804126  0.93530481386715769  0.94006169217941948  0.94411740770716446
  0.94946739874459896  0.95483846922382931  0.96001301892444257  0.96482459746956117
  0.96874816577492406  0.97227920365439391  0.97552117345696221  0.97888602191271612
  0.98299407477912459  0.98717495307584069  0.99211364124688972  1.00000000000000000
 -0.00458083836679488  0.01347019143063374  0.03000357124577610  0.04477921208699784
  0.05784221600839396  0.07046440035225181  0.08278861647383411  0.09461046999386437
  0.10629035626276810  0.11917048080929686  0.13202899277360425  0.14577704050084353
  0.15920434251934304  0.17057814249025430  0.18218078781947553  0.19405261463327672
  0.20701091612252734  0.21940311270261387  0.23292661908194626  0.24654868018214460
  0.25868895578570283  0.27016795060844412  0.28135039012783886  0.29285568276720886
  0.30426352271304780  0.31433927021749120  0.32429570117171924  0.33473102096733404
  0.34364786543449755  0.34929767045966686  0.35455694000155746  0.36120923097251106
  0.36790363029449014  0.37392307588838686  0.38020175799865491  0.38842903070291651
  0.39789618522528136  0.40583852410694993  0.41413820475435992  0.42374155186274293
  0.43378875514018206  0.44411924604254405  0.45409525040870796  0.46387304829280990
  0.47399096604076080  0.48528145622220215  0.49612097371341840  0.50868657375249149
  0.52075474514571740  0.53113071216239460  0.54202326011184099  0.55505672328449507
  0.56825594962423032  0.57874601723935115  0.58791642678698319  0.59682913107894431
  0.60432014458669814  0.61160609322249859  0.61959119869468471  0.62834584358665313
  0.63843619283734898  0.64871411703770132  0.65951700612348407  0.67187096458681128
  0.68357812812506558  0.69676593310407187  0.70847908597294107  0.71623519509873323
  0.72379056022716981  0.73073884702901626  0.73748767697278184  0.74583698943726251
  0.75449506265043431  0.76236605002978497  0.77006811856487256  0.78556628223940594
  0.80187271110181013  0.81785491566458024  0.83377302216139793  0.84646312299677773
  0.85605828550725260  0.86354999366811624  0.87078495472574824  0.87785177550847415
  0.88614467334844937  0.89587583204558496  0.90478045497912851  0.91385292188939726
  0.92478942751032389  0.93708059215866291  0.95095138934102652  0.96366953437961167
  0.97460839185580039  0.98304869223648095  0.99111152510892864  1.00000000000000000
  0.04748954956114163  0.31418266162613995  0.35965025746774343  0.36749591924628872
  0.37221910937555258  0.37583874591776600  0.37860821018783608  0.38085733484376372
  0.38269801268052905  0.38445418929437630  0.38632325847618304  0.38858588041001096
  0.39140529865509310  0.39421640093075178  0.39739563409959400  0.40216901983356546
  0.40683065690326520  0.41101918468909676  0.41500540919477241  0.41881161411661028
  0.42250661247167870  0.42575263442004979  0.42842059278713424  0.43080922473286848
  0.43339254729146065  0.43645632791219718  0.44010470594163237  0.44367017664479497
  0.44698044871045028  0.45022258449541708  0.45339875316773570  0.45668636544041147
  0.45976379056524663  0.46256538210746528  0.46502831037115644  0.46722749359665672
  0.46927018730755915  0.47144984105098903  0.47382901396866917  0.47668620955737584
  0.47987749039796040  0.48366861404488032  0.48741132846619589  0.49157117070353795
  0.49617291735400676  0.50023277617406359  0.50459453160990364  0.50901894513109236
  0.51334198444060064  0.51746993785868667  0.52174922607351948  0.52627296812819635
  0.53107797451848870  0.53617564530594175  0.54149455810982017  0.54666602052586433
  0.55157023281911111  0.55572285950187472  0.55992343813423640  0.56438885676621386
  0.56929545254320368  0.57476376394086348  0.58080221429010459  0.58662522089888913
  0.59223207092105234  0.59805365486657280  0.60494940982876555  0.61230175496951644
  0.61937460574438685  0.62686915172021307  0.63538385414746767  0.64477042667362816
  0.65406592079824810  0.66328907165941253  0.67315574129871569  0.68453832865020436
  0.69486043248723706  0.70418207854420589  0.71302617605043306  0.72164935913577621
  0.73095780283718226  0.73882877730213681  0.74655111603855129  0.75494414152178890
  0.76582073201143497  0.77867436394704992  0.79132588822358352  0.80330487520821503
  0.81619156916642288  0.83152949373001983  0.84825846849928299  0.86473249507280692
  0.88191756687049061  0.90297117093875401  0.93505345729817280  1.00000000000000000
 -0.03283110945227170  0.16128080512088766  0.20062170410316971  0.22350085381055071
  0.24639997433468819  0.26956880160358376  0.28762231955314749  0.30059227182920578
  0.30961631870949191  0.31774010209872772  0.32783668525681148  0.33795526225173156
  0.35109174672574012  0.36226412979288558  0.37439822726100441  0.38860024623236677
  0.40378684978701840  0.41791559002234213  0.42918463691406994  0.43926335004335271
  0.44806642806156655  0.45629622030665223  0.46301648521615191  0.46977361355060865
  0.47745764677534963  0.48403104799162372  0.48947635915537807  0.49403282292500189
  0.49923463971691556  0.50408209815705929  0.50878787650008961  0.51360478154702538
  0.51931548093431290  0.52519594424115812  0.52939839894538865  0.53263872818052793
  0.53582063740460439  0.53923414315345408  0.54447657072687539  0.55130212510216403
  0.55722048841906879  0.56344691495727972  0.57040078741196265  0.57703467389227681
  0.58391086375792867  0.59057168185109132  0.59710372878778895  0.60380808379093354
  0.61041474038619681  0.61661489752611798  0.62218475295270281  0.62742002795437379
  0.63289047160649903  0.63891238033269115  0.64490348625302063  0.65048392358474771
  0.65671035108573605  0.66285813293698914  0.66907816887086302  0.67515698627008791
  0.68098040826864936  0.68728709639865171  0.69351516752991915  0.69960788468723167
  0.70584904201018450  0.71239080700227830  0.71898442065101054  0.72520368260648060
  0.73160943396925959  0.73750538463533244  0.74259370921169787  0.74785245517624199
  0.75328667703753571  0.75887223920638913  0.76432266104132496  0.77035386893693736
  0.77703305929310562  0.78322263428452765  0.78776852232963324  0.79160848018894026
  0.79593536749251681  0.80014983811882701  0.80445375306476319  0.80914077083954206
  0.81500075843669439  0.82244586084297189  0.83072212313627702  0.83924164658632894
  0.84852955494935856  0.85749904800475052  0.86693115902833107  0.87852142195514127
  0.89029316441311623  0.90314492972191729  0.92427769698676820  1.00000000000000000
   1.3763974340242271E-010  -1.0000000000000000     
 F F F F F F F F F F F F F F F F F F F F F F F F F F F F F F F F F F F F F F F F F F F F F F F F F F F F F F F F F F F F F F F F F F F F F F F F F F F F F F F F F F F F F F F F F F F F F F F F F F F F F F F F F F F F F F F F F F F F F F F F F F F F F F F F
  <DiscreteSampler_grid>
  grouped_processes
  1 # 1 for a reference and 2 for a running grid.
  10 # Attribute 'min_bin_probing_points' of the grid.
  1 # Attribute 'grid_mode' of the grid. 1=='default',2=='initialization'
  0.0000000000000000 # Attribute 'small_contrib_threshold' of the grid.
  0.5000000000000000 # Attribute 'damping_power' of the grid.
 # binID   n_entries weight   weight_sqr   abs_weight
    31   10   9.108880549436760E-001   8.277796618827352E+000   9.108880549436760E-001
    32   10   9.108880549436768E-001   8.277796618827365E+000   9.108880549436768E-001
    34   10   1.704563645996453E+001   2.898752802773943E+003   1.704563645996453E+001
    35   10   1.704563645996454E+001   2.898752802773948E+003   1.704563645996454E+001
    43   10   4.867621403212773E-002   2.363841331937581E-002   4.867621403212773E-002
    44   10   4.867621403212773E-002   2.363841331937581E-002   4.867621403212773E-002
    46   10   9.108880549436765E-001   8.277796618827363E+000   9.108880549436765E-001
    47   10   9.108880549436768E-001   8.277796618827365E+000   9.108880549436768E-001
  </DiscreteSampler_grid>
