  0.00965677529111379  0.01506317475380624  0.02334539737699110  0.03474816598486954
  0.04679120822828433  0.05834687567687864  0.06969211506515896  0.08083377678225569
  0.09144189862451414  0.10135850307029411  0.11056186889161326  0.11961659293931329
  0.12918412781429073  0.13922456501868996  0.14845906028033892  0.15648747201815569
  0.16477537648665011  0.17389423979394908  0.18322101065353263  0.19258274037018647
  0.20136236495872309  0.21140526012011268  0.22430311809957373  0.23872147782635555
  0.25270877324524799  0.26560146714612970  0.27771208809757425  0.28912362614732801
  0.29978941453922781  0.31020716974779378  0.32092265066031561  0.33135465703464795
  0.34212500489519798  0.35269036703683265  0.36349612353717126  0.37489346317622790
  0.38710469977853718  0.39931733814430298  0.41084768930182536  0.42180146169001620
  0.43259827690352431  0.44320201454864938  0.45324423244991968  0.46265587318013934
  0.47221442880754305  0.48252461575084127  0.49299664635286522  0.50336699887407688
  0.51400149393164229  0.52524959703093643  0.53689332729094730  0.54832704373470953
  0.55924788318730645  0.56998908101465473  0.58079754863787292  0.59121004803805088
  0.59971381701477045  0.60889883553123525  0.61811146503571568  0.62829044016064139
  0.63960693467368801  0.64950934020006079  0.65921278439560538  0.66833236228625093
  0.67767199571315684  0.68750281861015039  0.69705824531080662  0.70674278051431083
  0.71647486291994378  0.72692050671596464  0.73817961286061595  0.74902926368733469
  0.75922863437375099  0.76887731884375021  0.77837880269713189  0.78792023216958362
  0.79794936737958899  0.80886279319264409  0.82040721189941901  0.83211088028850722
  0.84348692538390257  0.85453730012537077  0.86496044288495744  0.87471247350526216
  0.88404000186538201  0.89243893997265367  0.90096809266362599  0.90970383435131397
  0.91837358167431526  0.92805672885046886  0.93822379178979676  0.94950707319699690
  0.95984355242319630  0.96925656970646745  0.97828415018353854  1.00000000000000000
  0.00010310546468231  0.00011330053739472  0.00012240273194983  0.00013027234959371
  0.00013739639342308  0.00014421652898548  0.00015083443694118  0.00015724523466434
  0.00016372483907239  0.00016992448815498  0.00017639044088579  0.00018317699564292
  0.00019007032643216  0.00019683426245488  0.00020325308354106  0.00021034393399744
  0.00021759497573247  0.00022492439858312  0.00023261429868700  0.00024038441786205
  0.00024804774888263  0.00025610809071040  0.00026406452426291  0.00027268373600018
  0.00028098939215923  0.00028917282137808  0.00029635349240957  0.00030364015997408
  0.00031161505060251  0.00032124991599450  0.00033300972848214  0.00034537727168332
  0.00035834982672976  0.00037049570968821  0.00038112006728199  0.00039232066766833
  0.00040408670602951  0.00041670317992951  0.00043028118518632  0.00044439466999954
  0.00045858801408433  0.00047339289409434  0.00048946817540706  0.00050600680611640
  0.00052345120002057  0.00054218646429365  0.00056186405542802  0.00058132511513305
  0.00059888384215459  0.00061745704775095  0.00063648941262140  0.00065612608971499
  0.00067562233339524  0.00069447687971316  0.00071423497712819  0.00073716153072824
  0.00076321760745318  0.00078930497762554  0.00081687463735479  0.00085020894244243
  0.00089106822282993  0.00093555299098279  0.00097867035729715  0.00101807094824209
  0.00105592257855259  0.00109819208761951  0.00114369451710926  0.00119297380570629
  0.00123701934973812  0.00128467227045597  0.00133190294502611  0.00137904868487117
  0.00143193241174051  0.00148913211270677  0.00156224889068069  0.00164227844542174
  0.00173249959666757  0.00183458041941588  0.00193975219198769  0.00204337991462408
  0.00215209604676154  0.00227315866354519  0.00241123707168869  0.00259019816153577
  0.00285297816339240  0.00310940233705117  0.00333513335600246  0.00366012054358984
  0.00432893882580082  0.00498130403318337  0.00561649800939858  0.00620275772466184
  0.00693758474597000  0.00824647222876890  0.03411825258432113  1.00000000000000000
  0.00000237919691186  0.00000301111295726  0.00000378973315067  0.00000460840608143
  0.00000578730373907  0.00000701316447377  0.00000833074659693  0.00000986482210616
  0.00001168199513370  0.00001376681888649  0.00001603026030818  0.00001828449421516
  0.00002028377836511  0.00002238358020904  0.00002477898512667  0.00002765375929494
  0.00003095878446476  0.00003442362845756  0.00003869473692406  0.00004348990439472
  0.00004892675275428  0.00005385093818793  0.00005875666462449  0.00006361826284103
  0.00006896005213237  0.00007547236258613  0.00008242762256594  0.00008959184047583
  0.00009698913339133  0.00010462578453803  0.00011260998191430  0.00012026245697615
  0.00012823838942450  0.00013666616307952  0.00014610153031224  0.00015563933741704
  0.00016546287183370  0.00017533930568315  0.00018500357777928  0.00019489530408495
  0.00020466233109650  0.00021436668418737  0.00022570810500068  0.00023673330741764
  0.00024733893515959  0.00025783670998862  0.00026875374552462  0.00028019461404775
  0.00029299964726264  0.00030724561818451  0.00032245827621394  0.00033754574441969
  0.00035243850167879  0.00036719038274927  0.00038276064915397  0.00039962101553100
  0.00041824703001985  0.00043783746960148  0.00045660849275931  0.00047550374975370
  0.00049591147926063  0.00051634719081897  0.00053808800804454  0.00056063701737249
  0.00058438203619262  0.00060902550650742  0.00063502545760347  0.00066110612415023
  0.00068666466156116  0.00071299192665732  0.00074174093953274  0.00077284011387551
  0.00080503246055520  0.00083890492093050  0.00087718157478437  0.00091865044004420
  0.00095497108608060  0.00100175216903122  0.00105342131577245  0.00111354831483101
  0.00119920724166559  0.00129648775715241  0.00140030769001596  0.00150891963259055
  0.00161903498927772  0.00173926113552931  0.00188363403910136  0.00204069316557952
  0.00222920515348923  0.00254248024456909  0.00306088786177586  0.00385106939222921
  0.00508977111717544  0.00782154947743636  0.02456034117604371  1.00000000000000000
 -0.00202797983272766  0.00828278262168282  0.01837091540185985  0.02747057727935408
  0.03692042432526647  0.04686619873251203  0.05769675104951904  0.06885211381800543
  0.07840919625117423  0.08805344369035520  0.09685635978164447  0.10696397931311272
  0.11607471933959895  0.12675975689879343  0.13699023672799704  0.14688192540827941
  0.15648603045942297  0.16659560649060939  0.17771978755861220  0.18971082825808522
  0.20193291249487649  0.21406161401083743  0.22596116240078634  0.23753920619092111
  0.24887540150736820  0.26097352280021691  0.27433291683119732  0.28900026955119051
  0.30225538835214927  0.31312998160586930  0.32294232974585046  0.33261453675189556
  0.34277631796517954  0.35335109719519708  0.36428715890874452  0.37454410844818958
  0.38455613707917774  0.39428439772240836  0.40408317608276167  0.41493173454284299
  0.42645796295875582  0.43849833470300847  0.45003260677927942  0.46106603708785343
  0.47185310397816405  0.48231087349038015  0.49249369085815570  0.50357681647003660
  0.51441094256038200  0.52521120422183842  0.53559695995010537  0.54604852696054162
  0.55597844521417794  0.56509800489056039  0.57424645861837931  0.58439171527093281
  0.59582165701062773  0.60741783207706579  0.61838505686792422  0.62895289751500205
  0.63949845744454881  0.64967483518053715  0.66000544473851441  0.67143824938290708
  0.68481629474842454  0.69613270033582675  0.70486387553319974  0.71300460605039151
  0.72105472670701531  0.73011769061565979  0.73975523505126028  0.75088899960773980
  0.76194021400622236  0.77220122937624458  0.78120504195879104  0.79070224880431050
  0.80031106615117997  0.80965208762205776  0.81879291803911647  0.82830194999308837
  0.83812995744351904  0.84798838994799486  0.85767624634459705  0.86858554697641488
  0.87987002755976940  0.89062773313032040  0.90182177455983836  0.91317140147701858
  0.92379291952177700  0.93390101122562941  0.94357656514114430  0.95323784842880410
  0.96291922080790793  0.97385034892344180  0.98554554429297048  1.00000000000000000
 -0.00174542917436725  0.00960945184260630  0.01887551404290234  0.02688463814806542
  0.03445346928924259  0.04249468679972849  0.05113663303651350  0.06027752887625604
  0.06898013283684916  0.07866071136025762  0.08870469794324559  0.09993517195931434
  0.11083762431161795  0.12099411601882112  0.13075149631300459  0.14004920424232381
  0.15019607952082581  0.16104325734972808  0.17203688696739400  0.18256424299374907
  0.19313717091781232  0.20156681189113038  0.20956364739815839  0.21720081425628432
  0.22512249970110901  0.23490566902297186  0.24530444539786964  0.25580990976615653
  0.26628751737092882  0.27587917217090141  0.28398948630942705  0.29164968554656634
  0.29973336545782420  0.30828499771922435  0.31866244014570144  0.32917317871309104
  0.34137478226659040  0.35252110961412153  0.36364891141372474  0.37503361156828863
  0.38707471831354362  0.39898560546238210  0.41135002495063477  0.42457039105331235
  0.43744377354522074  0.44874145130409426  0.46035096566890404  0.47235392232829693
  0.48423493030190351  0.49517847199321668  0.50430921431088183  0.51280158279593047
  0.52136637753307913  0.53097270259342089  0.54161139931042213  0.55311552633118533
  0.56590576239473567  0.57897996989727063  0.59244325580789114  0.60485215936781134
  0.61603055116419336  0.62685478204162171  0.63763746782601061  0.64764912552657272
  0.65722558916888585  0.66637778813521897  0.67644594830687921  0.68752488552856705
  0.69919996702177467  0.71196078522138617  0.72569275282698786  0.73941808450562363
  0.75180040749341859  0.76168926587174102  0.77195746650746366  0.78261608791796011
  0.79326229235486556  0.80318046069647042  0.81316523829145104  0.82406289490930429
  0.83523238014329171  0.84594603260975165  0.85598408176413820  0.86674602326578742
  0.87838479394823277  0.88988128416578005  0.90324493884767909  0.91534787124581118
  0.92603272570142514  0.93558852449306629  0.94566425882379201  0.95809413342616823
  0.96945691260819844  0.98083331128452478  0.99060379732537474  1.00000000000000000
 -0.00172009283029553  0.01006703782546570  0.01959609144878537  0.03029284300073462
  0.04168777386132676  0.05562175963663656  0.06948602437033494  0.08423623874822699
  0.09498517606233832  0.10617901968781046  0.11739811545075055  0.12739841443955277
  0.13523771397915693  0.14233483763410429  0.15015865443083790  0.15926921351694578
  0.16863538762721439  0.17774103859914892  0.18627073275703435  0.19418073398978675
  0.20241673660761242  0.21062698161839608  0.21873560825433663  0.22699437822035395
  0.23544561726970881  0.24425756951550434  0.25269787928296888  0.26006135300815725
  0.26683727271434587  0.27326906184202882  0.27956827206241952  0.28600693369828800
  0.29260254758017362  0.29953207054209918  0.30657669087465089  0.31340628440416729
  0.32067859178323094  0.32794405967686580  0.33578160384872946  0.34404098804942995
  0.35251646038383483  0.36123117980080871  0.36925965174323799  0.37705380863690602
  0.38420595024449949  0.39153316612744493  0.39884843692297234  0.40620484549702407
  0.41401056773927691  0.42211885414867062  0.42999573884982550  0.43755303838382786
  0.44514264509214302  0.45310560991432275  0.46119877476311799  0.46910267587657961
  0.47687145619460580  0.48520572678644547  0.49423940246652626  0.50327761157991868
  0.51205076196798205  0.52087213666030274  0.53043655332413553  0.54025573321941234
  0.54835646135275407  0.55628885549779206  0.56393074886876526  0.57275873849566650
  0.58271236930794035  0.59251269735938650  0.60244147379788737  0.61066828246225935
  0.61892473125041447  0.62678361064781474  0.63484604177703796  0.64389034679490498
  0.65386351865062642  0.66416068813710982  0.67595689759106903  0.68922061906666476
  0.70432133952405040  0.71738177016160365  0.73077458934970341  0.74548506767940470
  0.76128881153281025  0.77662501379598192  0.79147826837316482  0.80947742321898797
  0.82634866333342449  0.84567730469764490  0.87024931469889077  0.89790476550029052
  0.92783060520749572  0.95530960299241874  0.97949267015563501  1.00000000000000000
 -0.00169746900880515  0.01039938614640879  0.02015600726685731  0.03061512493170043
  0.04182043299879711  0.05212191216711037  0.06180473340189827  0.07239380928453314
  0.08444757641224103  0.09725225222098530  0.10922681628817714  0.12092957675783027
  0.13155887174696221  0.14054375963298021  0.14847953562325425  0.15621057112031422
  0.16406968974177516  0.17316281337957817  0.18268145761051191  0.19180390245010728
  0.20302086820772733  0.21313975504854601  0.22224955957235221  0.23121017330206378
  0.24118168404691673  0.25180299232488762  0.26288146123688833  0.27335589278871447
  0.28263534580727245  0.29246121480295761  0.30252174500282908  0.31333125844792192
  0.32438712342744269  0.33610097493946867  0.34863046918122204  0.36041679855609460
  0.37150496663227928  0.38227747804616441  0.39266639804720543  0.40299577099952866
  0.41318629584962852  0.42338241047386060  0.43350794039745744  0.44391117811384173
  0.45459882729233764  0.46497064560919527  0.47481122346378740  0.48531138219013725
  0.49758495919944618  0.50854732058086483  0.51872721191884053  0.52961523150918088
  0.54275099564970763  0.55675221506732342  0.56814240187031961  0.57784994992027727
  0.58748990364006137  0.59651523123132555  0.60511416552027220  0.61352476819189983
  0.62165877422644078  0.62910267402056663  0.63666194776521734  0.64448145894527220
  0.65240331998855083  0.66309082415461307  0.67457241802133938  0.68540217185174257
  0.69729138492005083  0.70882622833817777  0.71996123854413352  0.73044170117557938
  0.74094791516511593  0.75152367963430311  0.76204578904940934  0.77222812294501142
  0.78312139710365380  0.79475118353975605  0.80699727880473615  0.81949516818906898
  0.83151812592863295  0.84414589838087850  0.85625998881797738  0.86588987563396658
  0.87472087504402141  0.88370295695595014  0.89203422086175033  0.90283557025158123
  0.91322900945222518  0.92610284289920275  0.93948050186445731  0.95060599464292983
  0.96223458147870211  0.97505215409491242  0.98764496044576244  1.00000000000000000
 -0.00232922894618276  0.00888022388800573  0.01863795119652966  0.02934701352505466
  0.03914620115640306  0.04915538103339630  0.05889572057752654  0.06920793907128305
  0.08027222607317913  0.09112513620840625  0.10218764564760607  0.11358466116250678
  0.12454918286422889  0.13454536820172769  0.14415446067516752  0.15447283044490853
  0.16558685436498710  0.17754256838751972  0.18972654935220234  0.20386233988872379
  0.21696620912836778  0.22916637962588154  0.24081285235896785  0.25224141559588792
  0.26379320845209137  0.27410767237363665  0.28432646701170661  0.29372008955220114
  0.30419614749423007  0.31451290556526423  0.32572788546152254  0.33760865005373147
  0.34870073902718507  0.35979041871767553  0.36949169852919289  0.37977826017913074
  0.39089945907126022  0.40336710514881946  0.41565304798087338  0.42644021817387640
  0.43514190993294694  0.44240241600720026  0.44971647103188500  0.45834060141009669
  0.46834760609011150  0.47646519346098809  0.48384821521379401  0.49108040906805195
  0.49802865795153617  0.50532275168315888  0.51385702091057850  0.52247278408566211
  0.53218720681850806  0.54316327965352396  0.55422921773675615  0.56632626770351324
  0.57795904100758200  0.58894081028424572  0.59857568838722830  0.60849247548128338
  0.61903210895852256  0.63013734878130456  0.64195471886837618  0.65406526197161396
  0.66602479166133488  0.67610821137567312  0.68565605564052479  0.69467981259894596
  0.70583903350877375  0.71732226202354354  0.72788354109934295  0.73776536206318444
  0.74845822084231928  0.76101751187819389  0.77308246460626640  0.78285434937092890
  0.79255519506853001  0.80196917893005781  0.81178119300284401  0.82126722862813029
  0.83082511274162751  0.84083327098734417  0.85246406206639092  0.86489631526165633
  0.87749896056724908  0.88916977938417197  0.90005693926892250  0.91035925179414978
  0.92038774106643995  0.93104717399989390  0.94234556136325609  0.95446283440525215
  0.96542244533718902  0.97636120233093115  0.98691224349577189  1.00000000000000000
  0.10208579354422884  0.27775700515316759  0.33877180333007667  0.37660380245689273
  0.40550026776837300  0.43096343169756007  0.44630507597020991  0.45938982081789065
  0.47094802083478665  0.49221812559821337  0.51708481063573253  0.53238291853614539
  0.54642719694142816  0.56741429812492705  0.58097867878176468  0.59340871538738948
  0.60595924413113245  0.62229676833993397  0.63992757550558610  0.65603939606051986
  0.67012977172087151  0.68227464466864707  0.69421403576750562  0.70537176700734172
  0.71537860674847054  0.72528100631854664  0.73305372022922322  0.73973553935264125
  0.74665032850210389  0.75352744707328223  0.76166012921993032  0.76988160738756883
  0.77742556083211667  0.78490941475596487  0.79168771220937917  0.79784065905504120
  0.80355609940338146  0.80957136830555332  0.81593780778397917  0.82230484108002055
  0.82848333485911452  0.83435236111896505  0.83973176512708680  0.84465641570057493
  0.84918807936953211  0.85361354872472184  0.85800233350514310  0.86231863851508839
  0.86661066061276648  0.87087529777449180  0.87499579491777468  0.87901809202153969
  0.88301618872024179  0.88705169742260126  0.89096938370692591  0.89468827876606127
  0.89799346356619714  0.90109190759837032  0.90433449863006254  0.90754733906661611
  0.91071691360968887  0.91393766378714225  0.91722773814763958  0.92058202525869093
  0.92399529569647521  0.92698374648699677  0.92964896073006997  0.93207378648640204
  0.93454635268240116  0.93723071938327429  0.94001548216132658  0.94280263607721171
  0.94551187353781341  0.94801435366979303  0.95038259398278957  0.95272376188582908
  0.95499593355214429  0.95728227339277727  0.95963127595802722  0.96199940677864726
  0.96430149099445828  0.96673238041655452  0.96908776900664306  0.97131339602752098
  0.97343635782105897  0.97560637321286969  0.97773735942613293  0.97983521546843677
  0.98193252016719756  0.98412979336639950  0.98634863702552100  0.98854108874433311
  0.99080717261965690  0.99335546805652830  0.99632741651374002  1.00000000000000000
 -0.02171778413539083  0.14261448018738046  0.17901636324071893  0.20576207054506193
  0.22950061180919781  0.25395468328004456  0.27748829443886819  0.29652514153856496
  0.31237656592415503  0.32570823255967252  0.33916614993881267  0.35206396873256579
  0.36385511753367139  0.37512986240288781  0.38819426948612501  0.40115830718563644
  0.41200239741304900  0.42290470528791946  0.43435673848341450  0.44507099552461327
  0.45312048129565963  0.45983683872673597  0.46632192472385359  0.47308977057511875
  0.48109759838527261  0.48907618255746710  0.49683985918442086  0.50423926949297904
  0.51133867345016981  0.51849225453457815  0.52657178057901788  0.53465635059731320
  0.54178269775137433  0.54861825615480286  0.55534893096469429  0.56194680512468032
  0.56828895576966820  0.57433574068222648  0.58026445042529096  0.58603577519190830
  0.59086557701528997  0.59631533287756944  0.60171743884115170  0.60792247949163436
  0.61383369579324565  0.61912163827192590  0.62398249812954609  0.62869870661986871
  0.63327060272976154  0.63834280536016175  0.64320038697032100  0.64755091203826765
  0.65211693322321751  0.65659455901849018  0.66089298488247761  0.66561984655268225
  0.67072424475683312  0.67582309821295050  0.68098940060886681  0.68620356785470960
  0.69168946765566308  0.69775746299450891  0.70375906111546782  0.70969453378224145
  0.71562385594736244  0.72153190588819893  0.72767676831482586  0.73414296386465505
  0.73996442093196046  0.74570809477320854  0.75143481639779519  0.75733709610915956
  0.76356819542168153  0.76982866377837667  0.77606817238030246  0.78235295952826545
  0.78858009078836566  0.79477808320029331  0.80104503920559367  0.80710767354549151
  0.81304848493541515  0.81928594189429116  0.82590467965608538  0.83265175794323865
  0.83910661698336564  0.84531633948037477  0.85163438138720349  0.85836941386869781
  0.86591116650797950  0.87434794216071832  0.88386236239011606  0.89425475830988421
  0.90621944812177535  0.92128052147192829  0.94555257258390657  1.00000000000000000
   2.6507447205297610E-010  -1.0000000000000000     
 F F F F F F F F F F F F F F F F F F F F F F F F F F F F F F F F F F F F F F F F F F F F F F F F F F F F F F F F F F F F F F F F F F F F F F F F F F F F F F F F F F F F F F F F F F F F F F F F F F F F F F F F F F F F F F F F F F F F F F F F F F F F F F F F
  <DiscreteSampler_grid>
  grouped_processes
  1 # 1 for a reference and 2 for a running grid.
  10 # Attribute 'min_bin_probing_points' of the grid.
  1 # Attribute 'grid_mode' of the grid. 1=='default',2=='initialization'
  0.0000000000000000 # Attribute 'small_contrib_threshold' of the grid.
  0.5000000000000000 # Attribute 'damping_power' of the grid.
 # binID   n_entries weight   weight_sqr   abs_weight
    28   10   2.382063672459358E+000   1.751803759165931E+001   2.382063672459358E+000
    29   10   2.382063672459359E+000   1.751803759165931E+001   2.382063672459359E+000
    31   10   2.388250245353419E+000   1.772200643605612E+001   2.388250245353419E+000
    32   10   2.388250245353419E+000   1.772200643605611E+001   2.388250245353419E+000
    34   10   3.082871771027988E+000   2.918620416211277E+001   3.082871771027988E+000
    35   10   3.082871771027986E+000   2.918620416211274E+001   3.082871771027986E+000
    43   10   1.260375249951122E+001   9.547476561465768E+002   1.260375249951122E+001
    44   10   1.260375249951121E+001   9.547476561465752E+002   1.260375249951121E+001
    46   10   2.382063672459358E+000   1.751803759165931E+001   2.382063672459358E+000
    47   10   2.382063672459358E+000   1.751803759165931E+001   2.382063672459358E+000
  </DiscreteSampler_grid>
