  0.00010127073467866  0.00012058424629187  0.00013558541491630  0.00014894445748012
  0.00016086395771581  0.00017142383252519  0.00018116293480149  0.00019024370232197
  0.00019876733612021  0.00020694857957091  0.00021518547005621  0.00022341882553995
  0.00023188927827440  0.00024045751077668  0.00024953191658580  0.00025855098578910
  0.00026752227320211  0.00027657251959206  0.00028579345372825  0.00029519729742492
  0.00030482103313681  0.00031457419388641  0.00032476136963216  0.00033516621903668
  0.00034570325429391  0.00035641515937734  0.00036725682675312  0.00037779856870195
  0.00038801793459607  0.00039807000523145  0.00040844186251656  0.00041910828869482
  0.00043077204214949  0.00044266780822797  0.00045435324862428  0.00046610686212849
  0.00047832950734769  0.00049142176709091  0.00050556785089836  0.00052039235250285
  0.00053665658209160  0.00055418505034320  0.00057223521690858  0.00059052913012947
  0.00060877794151169  0.00062681708396866  0.00064493628704958  0.00066351815270135
  0.00068277497481125  0.00070292728234086  0.00072388489672199  0.00074446654201926
  0.00076583044042111  0.00078838276575066  0.00081256590442205  0.00083949031676995
  0.00086702041234286  0.00089281008374103  0.00091991704143543  0.00094815258485528
  0.00097608848125228  0.00100598900564599  0.00104385748426449  0.00108671081686172
  0.00113594461680356  0.00119038575857627  0.00125081596075942  0.00132063018976532
  0.00139404721024204  0.00146547071374795  0.00153821463463138  0.00161273519400722
  0.00169609137019135  0.00177863712700302  0.00185786889180052  0.00193846376662254
  0.00203657960428996  0.00214918808675657  0.00226934607479655  0.00238394298292149
  0.00251544467816603  0.00266979488340311  0.00283686240326885  0.00302516988121421
  0.00324154171094756  0.00349827812945221  0.00384879729085649  0.00424668600640449
  0.00463781043922917  0.00510547937709545  0.00584896226542358  0.00715888655673183
  0.00956572067805008  0.01397184534722285  0.05711579518598589  1.00000000000000000
  0.00000261226809929  0.00000282088586504  0.00000319095013241  0.00000359325694577
  0.00000405218858874  0.00000456830594292  0.00000517335128303  0.00000586234013108
  0.00000661038765828  0.00000741666713114  0.00000831346746180  0.00000931437938556
  0.00001032972193622  0.00001137395236106  0.00001247072639462  0.00001361621715529
  0.00001482699112505  0.00001617061368986  0.00001764606645179  0.00001927567929839
  0.00002086778727282  0.00002251044169659  0.00002437193163455  0.00002640987416839
  0.00002850863888234  0.00003056071418194  0.00003261905227064  0.00003466170499555
  0.00003679676777376  0.00003908348142249  0.00004159009443639  0.00004438526788216
  0.00004731671383765  0.00005011953216947  0.00005303293168795  0.00005601268757576
  0.00005924944269623  0.00006274117364639  0.00006634237341842  0.00007003910781159
  0.00007397014202097  0.00007814171965925  0.00008249369372235  0.00008702569596668
  0.00009173509392661  0.00009654713547120  0.00010147628148557  0.00010716167305552
  0.00011253730861720  0.00011791887688167  0.00012365810347471  0.00012961969320131
  0.00013626854069017  0.00014363824432956  0.00015153616989440  0.00016011626769478
  0.00016736594478133  0.00017480945210291  0.00018266484994660  0.00019078932101830
  0.00019949794113984  0.00020917033937710  0.00021939152877074  0.00023021479469055
  0.00024144145983261  0.00025375744252638  0.00026715429089542  0.00028183012361782
  0.00029746041927321  0.00031485868486526  0.00033135154723520  0.00034863975542609
  0.00036775401121343  0.00038872090247499  0.00041111595585790  0.00043420835336559
  0.00045864674279053  0.00048510703185664  0.00051342824978190  0.00054479415496306
  0.00058250215781503  0.00062601007136848  0.00068044449684155  0.00072763677032517
  0.00078482469047426  0.00084817037277096  0.00093420402227722  0.00104452913070896
  0.00119822492467792  0.00141638583871224  0.00170017735794058  0.00207290142153270
  0.00293577994070183  0.00567389096167147  0.03155590680975252  1.00000000000000000
 -0.00543884273295110  0.02928998898618848  0.05973223462586538  0.08235708513549712
  0.10532415959418483  0.13161213906180910  0.15714208411774197  0.18098239030172650
  0.20175145052927032  0.22011400108666912  0.23557810922931668  0.24872348677027609
  0.26053797073812712  0.27211383788152887  0.28415400265096408  0.29645557467012806
  0.30933487506389729  0.32176424753426935  0.33337777671156615  0.34495033873997871
  0.35666887436054306  0.36801820721261924  0.37791084923777607  0.38666907165647246
  0.39519803942082066  0.40403744426092314  0.41331726728939261  0.42241189259218670
  0.43053713268722354  0.43797947127360198  0.44598185218181657  0.45443659402549191
  0.46357099110789535  0.47327479749963569  0.48288732724428196  0.49210885089553219
  0.50132787172756965  0.51006253865590356  0.51856948008648207  0.52682680965476270
  0.53492404520930925  0.54319568653578343  0.55087576157484075  0.55868488480602441
  0.56645784475098837  0.57396432993971891  0.58156539931218965  0.58927747840084432
  0.59708671900178900  0.60483046373417604  0.61225282037319118  0.61945774392739883
  0.62647663888975924  0.63359199252496978  0.64080361128091956  0.64801790686087513
  0.65524020645507841  0.66283230207941524  0.67080469866114822  0.67884600576864451
  0.68694455616334948  0.69488935303182919  0.70256161967329500  0.71013022049533903
  0.71716513406657612  0.72377571004090857  0.73035259119496032  0.73666168340652238
  0.74340672764144855  0.75073615216401901  0.75788663085876273  0.76490732430697361
  0.77203477153885025  0.77954854454875422  0.78746213317269198  0.79546664639239695
  0.80317704517716781  0.81064038054414789  0.81814222410691739  0.82640350655231087
  0.83586250611840651  0.84500426972357179  0.85382129281334529  0.86256913097694110
  0.87182964296015775  0.88161282540597441  0.89172484938421714  0.90199840408495091
  0.91246311541430813  0.92329274582067766  0.93495035932238724  0.94680325869771842
  0.95848118801410054  0.97066513838653146  0.98454836309588889  1.00000000000000000
 -0.00187048943175273  0.00909494033027225  0.01849688857672254  0.02805874639038658
  0.03761699366651329  0.04667641546731231  0.05618663305360094  0.06565005692806472
  0.07511170578567958  0.08412167740904344  0.09317608860276508  0.10220001421166122
  0.11228306145653849  0.12282464041959106  0.13343444293876910  0.14415193445359148
  0.15504370876722667  0.16517704020109250  0.17518526471507387  0.18504786771104864
  0.19509493930404984  0.20518029183760195  0.21509180704272524  0.22536906615917165
  0.23641020931932510  0.24757117831328213  0.25796962536041512  0.26768847264199991
  0.27720935617723291  0.28652016214902742  0.29551893359762976  0.30452257932638455
  0.31416979678916190  0.32419180358276950  0.33436297853990782  0.34499275427401610
  0.35649195138450718  0.36916611181872439  0.38216495544163481  0.39540010840199391
  0.40895559594388270  0.42272112249930960  0.43532676295710965  0.44793138199469673
  0.45977124624159038  0.47096785403135472  0.48204037963244289  0.49264687496989795
  0.50372539691299456  0.51410212562558033  0.52432549226049185  0.53498551844849940
  0.54578447185076395  0.55724389990711831  0.56791624197253032  0.57839201174336496
  0.58798725741188385  0.59703093051708800  0.60636038601134912  0.61614167577939660
  0.62611560779180009  0.63613670206730533  0.64713464614394112  0.65900233370964700
  0.67047126201737484  0.68113098917537940  0.69109916096076973  0.70221490580664048
  0.71348159265918976  0.72382431335999531  0.73361716874771521  0.74328231806027556
  0.75379278642987035  0.76599202176525649  0.77882843510232769  0.79045104977886416
  0.80039635221055805  0.80970189642995460  0.81952629444311609  0.82941684865391518
  0.83953072438620702  0.85014468746764194  0.86110125777473279  0.87198105514956514
  0.88166704531163231  0.89078183588627891  0.90074280288122588  0.91097057436562900
  0.92160513662152188  0.93210915917024573  0.94309924225181796  0.95499152655400954
  0.96653221040253545  0.97771643846251233  0.98858801104487248  1.00000000000000000
 -0.00294576587836724  0.01155718589891930  0.02315407146092851  0.03484934458182586
  0.04530318644800251  0.05560326607351419  0.06667788264566667  0.07783776144652643
  0.08840500149174546  0.09827521812137904  0.10845154847857021  0.12024678866256139
  0.13312262221664312  0.14597908096850840  0.15852012478328961  0.16969285243663504
  0.18181457682840824  0.19139688470627927  0.20173387800329617  0.21233923617976525
  0.22450491772628317  0.23543284159431410  0.24569414847534457  0.25510532396965363
  0.26450220017379023  0.27364071232673282  0.28307420864456462  0.29298939798907114
  0.30350385119746903  0.31404994783854095  0.32558403712111406  0.33723388351797912
  0.34918931974347350  0.36093420212869864  0.37324296145618058  0.38484831804256570
  0.39519805242738665  0.40561612165148203  0.41579679645076145  0.42650587686359426
  0.43699840604701601  0.44732152019234794  0.45771913748167237  0.46830208290616959
  0.47895904761980612  0.48828455261098996  0.49704488085551918  0.50626401802016419
  0.51565952641564838  0.52482013286653550  0.53394006871986810  0.54383580713737167
  0.55429402140304995  0.56527902440806210  0.57686408905404207  0.58875451907056753
  0.59955178388588803  0.60896002346598266  0.61820422744771408  0.62699710791135121
  0.63592469978617583  0.64461879409770784  0.65562863450734987  0.66764569230991255
  0.67935376737853637  0.69099037393261631  0.70202465024503280  0.71379768879689443
  0.72598389385954165  0.73713075862855904  0.74737801912932667  0.75705346259174155
  0.76563136878444904  0.77406119238278426  0.78300653773968298  0.79327544250030846
  0.80437379526867603  0.81566458715141199  0.82699931548403682  0.83801314748356415
  0.84879054499018969  0.85956908537527676  0.87058180429875687  0.88148956162023551
  0.89153141236730327  0.90191710326077856  0.91274725937179779  0.92249212998019736
  0.93072193520488167  0.93909983584719636  0.94816735688638032  0.95822276355217850
  0.96846928423519896  0.97825588056754775  0.98963358611792862  1.00000000000000000
 -0.01222526022862332  0.25860196281596587  0.33999773476889611  0.39432481856992324
  0.43946870660443438  0.47396594443926698  0.50226532348524944  0.52453525740253337
  0.54266405039679655  0.56083996792508406  0.58045580667540730  0.59862677029863587
  0.61550948250245074  0.62999360097661139  0.64262131344439510  0.65385235822227050
  0.66508843257029671  0.67649297567763433  0.68776729758426314  0.69750666078487322
  0.70688837023611883  0.71520585572333373  0.72343485235967542  0.73128983519242829
  0.73921162780136473  0.74645138640193476  0.75287353957166259  0.75905026517052743
  0.76538259382131590  0.77208972175254187  0.77785676644081703  0.78301331876045077
  0.78814401122495159  0.79354967698968293  0.79923241490978392  0.80462154354303739
  0.81000193777408591  0.81465741986308937  0.81890507123531586  0.82312445164235615
  0.82755185553486055  0.83210359514855692  0.83647614594187003  0.84064250130125606
  0.84470663257216527  0.84916448351098639  0.85398049083236605  0.85829584405794856
  0.86236783827606778  0.86621329596656149  0.86990700744580829  0.87339661317059536
  0.87666437433810807  0.87973965154314737  0.88279413477882329  0.88593422094620189
  0.88893212671017674  0.89189066795168881  0.89496882938983702  0.89794966831960710
  0.90096825280549675  0.90392213541758448  0.90687094519533595  0.90985013455233743
  0.91281734678871707  0.91572905225829304  0.91857873148451263  0.92138654892039629
  0.92415721817380014  0.92687148041859779  0.92956238651671053  0.93225495494914068
  0.93491493907138079  0.93749985779672695  0.94014503723181098  0.94287729370538398
  0.94531752033360650  0.94776019011570622  0.95027662977644056  0.95283663672679375
  0.95531349159131840  0.95776634788779580  0.96029954008742846  0.96286869441380252
  0.96533505465523051  0.96794740007599400  0.97057337819230527  0.97316602394912399
  0.97572926325978759  0.97829500095453703  0.98108477646157666  0.98415289617102297
  0.98747292966275046  0.99106531054808544  0.99523328430841784  1.00000000000000000
 -0.01236424932315561  0.08030061109084942  0.11662589093814410  0.13631800627746482
  0.15209807330106387  0.16558748436495307  0.17773855876417430  0.18913938430209129
  0.19942653176787745  0.20871718804426614  0.21784071724159243  0.22727168030681832
  0.23737064719790352  0.24724976534460802  0.25591900378453747  0.26385233593423663
  0.27128768344721643  0.27887130142822975  0.28643423105483773  0.29346675506841219
  0.29990036293922984  0.30605741611800452  0.31240283403309499  0.31936094575590629
  0.32659973920728708  0.33343423945040312  0.34005578822983157  0.34628865984028395
  0.35298432984042005  0.35976451641536139  0.36666636853317075  0.37337077044453187
  0.37941574014064416  0.38513187413845690  0.39077868554115924  0.39658507725736897
  0.40254539763744546  0.40851361770340805  0.41441458441060364  0.42023129805538101
  0.42589948805354860  0.43157669372172686  0.43689218227229520  0.44238411128276556
  0.44803560257262348  0.45372827216255790  0.45924164229750025  0.46469955685345887
  0.47017890361789733  0.47571735108018542  0.48147311997330428  0.48715320504661824
  0.49266125404239997  0.49802024787808052  0.50334711630904305  0.50876219923764010
  0.51447939766924555  0.52069521011792463  0.52695452583592250  0.53317989969786761
  0.53951050966124658  0.54603332299938945  0.55288766208599638  0.55977424299668255
  0.56646899045070087  0.57286630354457757  0.57903223254056224  0.58544667221504920
  0.59227712598719673  0.59955567404743748  0.60725914014672044  0.61499631856822401
  0.62271968610684314  0.63033752316204417  0.63778033544609114  0.64516475288081632
  0.65243572483221590  0.65997928285877439  0.66772680563393916  0.67623661627750520
  0.68554889482768055  0.69486743272526963  0.70406119306877035  0.71305438163692225
  0.72240628156723274  0.73159496245770195  0.74156603113823027  0.75199665868369425
  0.76438846856414711  0.77739582714117739  0.79151320579333673  0.80640747431682591
  0.82325759447809566  0.84356633646178369  0.87645047555412470  1.00000000000000000
   3.9854151776897045E-009  -1.0000000000000000     
 F F F F F F F F F F F F F F F F F F F F F F F F F F F F F F F F
  <DiscreteSampler_grid>
  grouped_processes
  1 # 1 for a reference and 2 for a running grid.
  10 # Attribute 'min_bin_probing_points' of the grid.
  1 # Attribute 'grid_mode' of the grid. 1=='default',2=='initialization'
  0.0000000000000000 # Attribute 'small_contrib_threshold' of the grid.
  0.5000000000000000 # Attribute 'damping_power' of the grid.
 # binID   n_entries weight   weight_sqr   abs_weight
    46   10   5.464902143378740E-001   6.908075601344507E-001   5.464902143378740E-001
    47   10   5.464902143378740E-001   6.908075601344505E-001   5.464902143378740E-001
    49   10   1.157817940437780E+002   6.135455555026086E+004   1.157817940437780E+002
    50   10   1.157817940437780E+002   6.135455555026085E+004   1.157817940437780E+002
    58   10   5.464902143378743E-001   6.908075601344514E-001   5.464902143378743E-001
    59   10   5.464902143378740E-001   6.908075601344504E-001   5.464902143378740E-001
    61   10   1.157817940437780E+002   6.135455555026091E+004   1.157817940437780E+002
    62   10   1.157817940437780E+002   6.135455555026080E+004   1.157817940437780E+002
    67   10   6.363612426378507E+000   1.773406105562325E+002   6.363612426378507E+000
    68   10   6.363612426378511E+000   1.773406105562326E+002   6.363612426378511E+000
    70   10   6.363612426378507E+000   1.773406105562325E+002   6.363612426378507E+000
    71   10   6.363612426378511E+000   1.773406105562326E+002   6.363612426378511E+000
    79   10   6.363612426378511E+000   1.773406105562328E+002   6.363612426378511E+000
    80   10   6.363612426378513E+000   1.773406105562327E+002   6.363612426378513E+000
    82   10   6.363612426378512E+000   1.773406105562329E+002   6.363612426378512E+000
    83   10   6.363612426378507E+000   1.773406105562324E+002   6.363612426378507E+000
  </DiscreteSampler_grid>
