  0.00009478996956998  0.00010320612375658  0.00010868093473526  0.00011154652687546
  0.00011387143646385  0.00011584425416971  0.00011757217804282  0.00011920419614088
  0.00012071339973611  0.00012226939002466  0.00012393852014032  0.00012562703881874
  0.00012735627538061  0.00012923503192884  0.00013127827970717  0.00013338879509459
  0.00013532800734380  0.00013708012453290  0.00013857360766495  0.00014017985334598
  0.00014185950751755  0.00014365598536547  0.00014550918502914  0.00014732954126007
  0.00014913680097555  0.00015091730463280  0.00015267755506822  0.00015459125165035
  0.00015677978897793  0.00015933612713874  0.00016246657449827  0.00016565839866628
  0.00016891920516102  0.00017220340160440  0.00017540908554960  0.00017843516550753
  0.00018127151266751  0.00018405120754438  0.00018678086163763  0.00018974957068493
  0.00019280598624312  0.00019613070983838  0.00019956456758670  0.00020306355823322
  0.00020649073044361  0.00020873955679275  0.00021136545504442  0.00021446590409518
  0.00021760730073228  0.00022134158046626  0.00022663949952307  0.00023208558892842
  0.00023638375106055  0.00024062427251540  0.00024486972603272  0.00024968315008545
  0.00025529868408521  0.00026106956124696  0.00026671970398081  0.00027216789457830
  0.00027782290087810  0.00028346340303095  0.00028964268699308  0.00029647104914862
  0.00030421882226469  0.00031317394489536  0.00032295024870949  0.00033199564341670
  0.00034087057728964  0.00035107587074857  0.00036326147892259  0.00037756011193466
  0.00039319858081334  0.00040984210456764  0.00042750960218749  0.00044653631081320
  0.00046683386261005  0.00048727358236144  0.00050959804186431  0.00053661727050093
  0.00057009770969255  0.00060949239301770  0.00065447738244092  0.00071347023790427
  0.00078554468440885  0.00086733731841018  0.00096235392765554  0.00106082876258938
  0.00117348099667722  0.00133656043817703  0.00155782526575225  0.00176905038751245
  0.00209200804916653  0.00268542992111716  0.02960494959655728  1.00000000000000000
 -0.00006774319399321  0.00101308028966828  0.00286681339980408  0.00512096661477604
  0.00825148566100636  0.01157362927605824  0.01559226524362530  0.02018653022995552
  0.02474256218444541  0.02936964530804462  0.03365895684076256  0.03808151741404851
  0.04321675809323026  0.04855283613392061  0.05484566486565619  0.06296101902490736
  0.07095642844948707  0.07676833514038377  0.08211897676994565  0.08738046706623154
  0.09342443936815080  0.10050836604448889  0.10746032909176834  0.11387722362035006
  0.11934368235819050  0.12448739976508491  0.12981329383671203  0.13580142643173951
  0.14201676675948285  0.14754630089290141  0.15257363187453288  0.15757052234977417
  0.16363889313993149  0.16893477755026332  0.17455087351069165  0.17965771574126388
  0.18401399475739352  0.19063421942195083  0.19770572628370137  0.20583421075706360
  0.21446108948471049  0.22266524265094217  0.23064495929365789  0.23813049070770317
  0.24533602445290045  0.25263771480981673  0.25999927046242094  0.26770181460663389
  0.27603737776679338  0.28520543988747576  0.29464227151002281  0.30519865308538402
  0.31280145510698293  0.32001812402527446  0.32716873391271090  0.33390146168578239
  0.34072576236887303  0.34728531820843378  0.35344761889049614  0.36150257651577244
  0.36980401244938066  0.37725936767640322  0.38397232049945418  0.38954110296968142
  0.39522457188870386  0.40111682074055660  0.40681867893005447  0.41275085313333959
  0.41939563288803955  0.42730797350545202  0.43562535109683492  0.44473515620947579
  0.45430573434032823  0.46319076099421935  0.47173772568512168  0.48131151102829911
  0.49188482869853828  0.50350809185594791  0.51708012482211596  0.53240303096834840
  0.54761344387446720  0.56276630729310184  0.57826646886853184  0.59429030954863649
  0.61250484611326417  0.63214521586453321  0.65406783173399630  0.67871986865237777
  0.70650618156967981  0.73420811737176339  0.76332561366715213  0.79764883128996011
  0.83966046360099467  0.88859303709296089  0.94174854072236325  1.00000000000000000
 -0.00214475683247428  0.00580992576918950  0.01271846032082586  0.01916002718701130
  0.02575650527678543  0.03463085733528685  0.04469599961662217  0.05749045533551905
  0.07150596219026331  0.08493572472866927  0.09749873354787611  0.10992148343300250
  0.12097662167566048  0.13338814846998895  0.14463461941309946  0.15575337195461730
  0.16623638334669658  0.17776370976898476  0.18898356279250544  0.19977901756385816
  0.21085866141264922  0.22276582295749908  0.23545354393172913  0.24802430347111293
  0.26066656458797194  0.27354351269560712  0.28583412237653838  0.29655187298798041
  0.30597921809838591  0.31487486938981057  0.32331125838214098  0.33237177544957791
  0.34179011706354107  0.35013031332268840  0.35855521461224199  0.36778286502388147
  0.37876694788285636  0.39138484413565688  0.40580100285646054  0.41958907583421262
  0.42844385052869915  0.43578934120778934  0.44300921753613604  0.44998893902154169
  0.45698810020308278  0.46547261528792777  0.47282499099683156  0.48127694258702763
  0.48936459715980440  0.49757623306678156  0.50595201487070340  0.51495633521178430
  0.52419116440073843  0.53690614105225998  0.54871855500694022  0.55687715727304798
  0.56334915814489717  0.56996309462412276  0.57819871068053930  0.58733134654572838
  0.59708440912500516  0.60673575612446351  0.61554871602120276  0.62454950785277086
  0.63475021888322103  0.64519262304600344  0.65747975990187502  0.67036862566467870
  0.68428956326060142  0.69877210410576940  0.71095553855428339  0.72148326083398362
  0.73267654927096204  0.74116651708633741  0.74868362772757069  0.75617825036223729
  0.76476535763693276  0.77771053668689016  0.78810247379141229  0.79756139352119337
  0.80803214375475707  0.82052738133162484  0.83375519207891202  0.84784593787123153
  0.86304942555460140  0.87756489075720889  0.89011676239718729  0.90148312416801679
  0.91262443702309304  0.92475497168918908  0.93774829276266702  0.95080753520265482
  0.96336569281440476  0.97538184996985511  0.98716607416719737  1.00000000000000000
  0.00109566373099909  0.01504051365943221  0.02702765489429307  0.03633459122891178
  0.04628492169997586  0.05734597824102836  0.06614263389876186  0.07253344389514513
  0.07854160892935184  0.08466431416886175  0.09243852516667661  0.10166930163992852
  0.10949428462715524  0.11628647008476233  0.12358149684705043  0.13183612364499980
  0.14084750898091911  0.14973230091589954  0.15897371634174912  0.16828367500724295
  0.17873033194001986  0.18883721261295155  0.19815277804281425  0.20691580278000174
  0.21469644730803375  0.22020917334517748  0.22564376537237441  0.23145675134131882
  0.23727465884745011  0.24356236917884219  0.25179452702448518  0.26095258440003610
  0.26970388231135323  0.27810876042098825  0.28681209749903042  0.29547917682305080
  0.30284503089329873  0.30918636300907315  0.31577411091887475  0.32240347167924188
  0.32794395692371797  0.33337812570500974  0.33991805185690649  0.34679111794161488
  0.35354343810218447  0.35908348936694440  0.36468950214900686  0.37158464289012555
  0.37873432384773531  0.38567025085755485  0.39037825653405389  0.39524843565425627
  0.39991022499628404  0.40573328377927631  0.41156407982120535  0.41790922763865829
  0.42526685143215559  0.43321779318587383  0.44096446688198232  0.45103529552147598
  0.45997794810749520  0.46856909966015731  0.47692560226365754  0.48555401076634780
  0.49506956765628524  0.50394888527898585  0.51134880735229982  0.51843916440055304
  0.52580244491559214  0.53281743527467218  0.53920453919965172  0.54581025151484952
  0.55334455334307431  0.56100560345589578  0.56960539115838749  0.57907623513061224
  0.58980481001315155  0.60095576216875723  0.61114858590793886  0.62117642120499905
  0.63201767739451564  0.64480443054814995  0.65819328724771931  0.67467462420894686
  0.69160340068562554  0.70696081355942786  0.72223129807715825  0.73845971035436309
  0.75622782132894373  0.77573975854610910  0.79734750819017897  0.82558412389697855
  0.85998668721006288  0.89297924052994049  0.93980121037254571  1.00000000000000000
 -0.00132974116702480  0.00687163895875537  0.01615737057653207  0.02504628582642717
  0.03332829668433762  0.04404512483781085  0.05724342940989850  0.06980435831211905
  0.08275525743950009  0.09402304424923087  0.10571832791723819  0.11513170930107383
  0.12365598823390703  0.13046838058866864  0.13705430671623917  0.14414623707516239
  0.15407442662865056  0.16640576763873710  0.18097398874194859  0.19355755617437201
  0.20215663016629568  0.20806183689142985  0.21370659858759397  0.21892922500440126
  0.22787350675995949  0.23972917917023515  0.25067252094827680  0.26328370089138431
  0.27649865697951498  0.28901581847795710  0.30012623072752936  0.31037433356835087
  0.31966110938085596  0.32799602136796202  0.33820911851123170  0.34847984404462218
  0.35955778225861995  0.37082140448786316  0.38052347640401929  0.38969720685776121
  0.39951405382934035  0.40998676110276805  0.42011798218548835  0.42932389910965740
  0.43926790586842362  0.45136739788468139  0.46412868494998610  0.47632326743242248
  0.48746044213295386  0.49851845178532816  0.50938044329908172  0.52091916948466310
  0.53282570187484313  0.54486631292529908  0.55613962632507186  0.56613293258618180
  0.57551030026552896  0.58568404799110663  0.59631187646811823  0.60567882658685146
  0.61460008388091103  0.62429584095189095  0.63524184180367815  0.64597354748324165
  0.65597433328776600  0.66610109400662465  0.67677031063131676  0.68776329962217719
  0.69681773570294148  0.70476606502637029  0.71436349130021159  0.72601705315445031
  0.73613580282820978  0.74498336471852977  0.75424914749100425  0.76544092116741980
  0.77733637474624373  0.78935754085084164  0.80147864919434719  0.81290230215387038
  0.82107945624339562  0.82864011923213998  0.83700537126374097  0.84677693266892273
  0.85724169147671236  0.86653296826634296  0.87532122704937698  0.88549980223222913
  0.89724410428347989  0.91120801962304376  0.92704039939615734  0.94228789694548409
  0.95628351065761519  0.97036555300354821  0.98533156054750370  1.00000000000000000
 -0.01519388821671423  0.33429588781856678  0.37994270512483502  0.40006137954832960
  0.41319227360219213  0.42135225986011032  0.42753134302025381  0.43381193298180221
  0.43968827081548234  0.44544959253789451  0.45039530905278363  0.45521705527735334
  0.46038948835811183  0.46709247391551245  0.47327956891314787  0.48005482066801852
  0.48697667450145365  0.49456736083526787  0.50291427045080173  0.51161931922498505
  0.51973717034426836  0.52551656040382178  0.53081913128466363  0.53656806860376849
  0.54316296866973635  0.55102297944238599  0.56072607624769633  0.57136275051313490
  0.58033263963535264  0.58946353678865293  0.59893044012066765  0.60738649856135252
  0.61647279497706897  0.62409023562994315  0.63158681509446746  0.63906038268231025
  0.64645752464987849  0.65211162507581366  0.65721935515300611  0.66262979608057471
  0.66789036594098294  0.67289989584543675  0.67827393053022123  0.68378095307579367
  0.68970405635889565  0.69587505790471793  0.70243918976331132  0.70951123972290986
  0.71836340492157735  0.72626550476445273  0.73406641005576623  0.74213807508551877
  0.75054287169649336  0.75820974347554781  0.76506603716200794  0.77158421508952335
  0.77907295851064984  0.78628823347147547  0.79343330861395556  0.80006121840135858
  0.80661842197006828  0.81273828544236992  0.81867413390129817  0.82434805468311789
  0.82991445923053098  0.83542732516829898  0.84074055467255748  0.84628731445388250
  0.85167662426920576  0.85704444668938218  0.86189126743487088  0.86639750446460539
  0.87049466365479233  0.87439669291863942  0.87827090289152776  0.88208079085703850
  0.88558344983820048  0.88937025912104062  0.89348278327829023  0.89744191824253294
  0.90126323983349244  0.90476328750030433  0.90830717937348782  0.91220792186874222
  0.91674110358267769  0.92182379518337265  0.92657791159614589  0.93150648379919698
  0.93646773865073485  0.94182620222191171  0.94764216799141143  0.95399076362245949
  0.96097665274180366  0.96913373201176123  0.98016131479468060  1.00000000000000000
 -0.02945347210098383  0.14742277062612325  0.19328813103844611  0.22461640518572623
  0.24351568598454360  0.25414245788451895  0.26293937790998567  0.27292964110079881
  0.28400684661362485  0.29434627756036319  0.30211823870120641  0.30865313470234079
  0.31769568609101628  0.32970125851479171  0.34303608607343200  0.35811824569032513
  0.37127149637331414  0.38425647724688955  0.39401920920601496  0.40269208034545217
  0.40997409032946852  0.41759990499641697  0.42497052121439077  0.43290434590355908
  0.44071327311653602  0.44711655588223193  0.45274430834322255  0.45816296194142880
  0.46465253121093747  0.47184554200573864  0.47971573316677868  0.48623533914750544
  0.49278670774965555  0.49978640371500443  0.50765355562486614  0.51457543478162227
  0.52122281014467431  0.52800092146357480  0.53510929846938893  0.54193001317091150
  0.54781872845551405  0.55321717058343334  0.55906211738386657  0.56480605889996438
  0.57014338200928305  0.57532011839816399  0.58081614697837924  0.58676890203078724
  0.59305185972816743  0.59900564005911383  0.60415235798666511  0.61007463633055903
  0.61590603661756216  0.62101641482068437  0.62601111841918267  0.63112692208762777
  0.63634087183015364  0.64193568272132873  0.64769073606758754  0.65328623271810327
  0.65872533626429741  0.66371672635967216  0.66809201825828413  0.67196528838357705
  0.67636548670692875  0.68111043004406757  0.68530802057521467  0.68939889261180487
  0.69407460910481000  0.69876863934364331  0.70385189406024218  0.70984717002942987
  0.71603987343518483  0.72226464709317806  0.72849368168451401  0.73493853564108547
  0.74196116044613647  0.74830353563154528  0.75462071509832696  0.76046489980863963
  0.76573862890019717  0.77168793017531179  0.77763454233568374  0.78412387079381829
  0.79125123412945531  0.79887715083487354  0.80764291241979969  0.81730048964601310
  0.82705663538189911  0.83549142774239016  0.84457158391702269  0.85687792439080646
  0.87617973928674686  0.90286804355820716  0.93614793316016409  1.00000000000000000
   3.8615997913460949E-012  -1.0000000000000000     
 F F F F F F F F F F F F F F F F F F F F F F F F F F F F F F F F
  <DiscreteSampler_grid>
  grouped_processes
  1 # 1 for a reference and 2 for a running grid.
  10 # Attribute 'min_bin_probing_points' of the grid.
  1 # Attribute 'grid_mode' of the grid. 1=='default',2=='initialization'
  0.0000000000000000 # Attribute 'small_contrib_threshold' of the grid.
  0.5000000000000000 # Attribute 'damping_power' of the grid.
 # binID   n_entries weight   weight_sqr   abs_weight
    28   10   9.245228741431766E-004   7.901171101829036E-006   9.245228741431766E-004
    29   10   9.245228741431761E-004   7.901171101829028E-006   9.245228741431761E-004
    31   10   2.250474742169172E-003   2.575128677292563E-005   2.250474742169172E-003
    32   10   2.250474742169171E-003   2.575128677292561E-005   2.250474742169171E-003
    43   10   1.889104735386340E-003   6.684640770216748E-006   1.889104735386340E-003
    44   10   1.889104735386339E-003   6.684640770216741E-006   1.889104735386339E-003
    46   10   1.889104735386340E-003   6.684640770216750E-006   1.889104735386340E-003
    47   10   1.889104735386339E-003   6.684640770216743E-006   1.889104735386339E-003
  </DiscreteSampler_grid>
