  0.00000253381304943  0.00000272558605976  0.00000284614944924  0.00000293447740599
  0.00000301793012926  0.00000311523573986  0.00000321224561634  0.00000333675159589
  0.00000347110402578  0.00000361180523248  0.00000377996902817  0.00000398169916388
  0.00000420602009122  0.00000443781267036  0.00000470145905843  0.00000493071038088
  0.00000518951662318  0.00000546704881358  0.00000575679301916  0.00000606098263639
  0.00000643807618774  0.00000683005127425  0.00000722112215101  0.00000762598152117
  0.00000806125915391  0.00000852373379262  0.00000903261767758  0.00000959635296416
  0.00001019980311118  0.00001084466753150  0.00001151685902602  0.00001217252455692
  0.00001284437381340  0.00001354651448037  0.00001426699604892  0.00001507525017068
  0.00001595597705822  0.00001687050827850  0.00001779924734140  0.00001874118914019
  0.00001972427361169  0.00002076268517958  0.00002181268849917  0.00002287861298268
  0.00002400862661108  0.00002514776665276  0.00002634120743970  0.00002768277342739
  0.00002915142555259  0.00003069668380786  0.00003236735330809  0.00003403138019205
  0.00003574125911294  0.00003752292792710  0.00003935272057354  0.00004131218332560
  0.00004351142267130  0.00004575990826930  0.00004816497781615  0.00005068191920809
  0.00005335349075063  0.00005622488994754  0.00005931391696970  0.00006269833780510
  0.00006642515043458  0.00007054904961946  0.00007516324323430  0.00008028436331447
  0.00008585123390249  0.00009173242890791  0.00009781307605076  0.00010424234370346
  0.00011122816798471  0.00011862169496040  0.00012672700392083  0.00013586079890570
  0.00014684919118548  0.00015916341323467  0.00017227428312132  0.00018687156641689
  0.00020490993222038  0.00022648061594737  0.00025018368529441  0.00027759978428196
  0.00031059746697450  0.00035406859923967  0.00041003746172836  0.00048033562942509
  0.00057092616210515  0.00070898527085491  0.00090931922908295  0.00121687547629691
  0.00197491559563450  0.00492382602811366  0.08814052965686894  1.00000000000000000
  0.00000236719843280  0.00000268389303903  0.00000298657245159  0.00000327673623871
  0.00000355690669815  0.00000383594997445  0.00000411979166750  0.00000442628856356
  0.00000475504580952  0.00000509514045093  0.00000549048446324  0.00000585734661644
  0.00000625793288278  0.00000666613346672  0.00000709399224537  0.00000755734887031
  0.00000804519456842  0.00000855395885591  0.00000907749125852  0.00000959563556765
  0.00001014946550398  0.00001072454014726  0.00001130477370835  0.00001187520714737
  0.00001244839656292  0.00001304051880140  0.00001368283947012  0.00001438014061433
  0.00001511125584702  0.00001584777302175  0.00001659586113209  0.00001739053399930
  0.00001824094720691  0.00001914736210007  0.00002010932970449  0.00002110072971178
  0.00002214233608135  0.00002321688805605  0.00002430388872070  0.00002541483048273
  0.00002655429667262  0.00002780905234070  0.00002914842317563  0.00003053030356194
  0.00003197037945823  0.00003346172020935  0.00003498342964328  0.00003657467095773
  0.00003831823264495  0.00004011365647237  0.00004198008842889  0.00004391286719668
  0.00004591110503456  0.00004801050563816  0.00005022569700188  0.00005252442388533
  0.00005478764651948  0.00005706411549859  0.00005969157141422  0.00006235630962453
  0.00006505006852190  0.00006860978603031  0.00007245757128912  0.00007635034449939
  0.00008047449381160  0.00008483740077007  0.00008947642191151  0.00009463276615730
  0.00010032131506704  0.00010652017342825  0.00011272262464851  0.00011915081725340
  0.00012614854770943  0.00013410679559518  0.00014340336548213  0.00015391163098299
  0.00016516903678358  0.00017770627054824  0.00019195497468900  0.00020829038158430
  0.00022709231103800  0.00024831831031682  0.00027415602959550  0.00030570923967414
  0.00034312114282842  0.00038689663648346  0.00043901025302875  0.00050703854450144
  0.00060291894136013  0.00074175432058572  0.00099346641016515  0.00143419907363690
  0.00229653186215775  0.00579614398110928  0.19488197586523895  1.00000000000000000
 -0.00217347116223263  0.00906760309376102  0.01845401796522993  0.02864744853698225
  0.03878559490671291  0.04886225101951283  0.05898259096567177  0.06925623707420803
  0.07957494429697111  0.09020947323610069  0.10120518531207552  0.11115328852716780
  0.12035210923766121  0.12949205256156684  0.13923436665475925  0.14951604790725295
  0.15943143109143137  0.16937926156085104  0.17984066782669020  0.19089810913869715
  0.20211257441248975  0.21270955712077561  0.22256959530736850  0.23241440826352641
  0.24213280507326382  0.25229930252801885  0.26286616013833797  0.27353320392930169
  0.28469345485568776  0.29560135654214886  0.30683516215962098  0.31812021114147571
  0.32954468597917619  0.34095387356769086  0.35218893125272377  0.36323037435080324
  0.37399639747827801  0.38461148418447355  0.39536136304412850  0.40628768597894410
  0.41719362513061509  0.42797727678572528  0.43854538216732558  0.44880045139422398
  0.45875354686704944  0.46846637146818515  0.47819464390888738  0.48775404302186715
  0.49770335275612554  0.50780989662160669  0.51827032266987694  0.52907792382512409
  0.54019409293259524  0.55106963586790891  0.56170298719831790  0.57254996699391414
  0.58391060036233533  0.59523101799509504  0.60671579656757690  0.61827079507857019
  0.62930173666571354  0.63985638390195421  0.65017174373961895  0.66058608526725560
  0.67061791578110275  0.68050837202598957  0.69107203559721320  0.70078654168439791
  0.71001118381274142  0.71922010891437427  0.72961527375900370  0.74153331003360645
  0.75376126503165186  0.76486337293130391  0.77585791932204962  0.78667753599653700
  0.79658955475275339  0.80560731133959218  0.81518178310085221  0.82516354979874107
  0.83608390088519202  0.84795252138147148  0.85928432328585769  0.86987785313145938
  0.87980550221688592  0.88958471107943227  0.89972410839440864  0.91005075283944470
  0.92043491818502488  0.93108773811034917  0.94172815820954447  0.95311616301367341
  0.96447005071410974  0.97616782365884958  0.98762991177239767  1.00000000000000000
  0.00005654270792325  0.00011331005642325  0.00044097059993578  0.00084256081979293
  0.00123611738007297  0.00153189213646630  0.00185576454345728  0.00219661131078022
  0.00254426018548294  0.00290001609511011  0.00326437597178767  0.00363429820407342
  0.00401110362251093  0.00439499566409028  0.00478361481594062  0.00517749599495996
  0.00557833514532951  0.00598533311218945  0.00639308779762426  0.00680355643880406
  0.00722315560095695  0.00765748661681401  0.00811160466272857  0.00857289507957156
  0.00902904288170106  0.00948259110547137  0.00993916272379702  0.01039703288170284
  0.01085106348920072  0.01132095517435682  0.01181282212176085  0.01232410003022999
  0.01284943881524928  0.01338250080993952  0.01392180346909439  0.01446567655219555
  0.01503347843015957  0.01560159950456540  0.01617744165979745  0.01673879085532813
  0.01729675871326096  0.01783622624769196  0.01838350167237749  0.01894253312965880
  0.01951460175867442  0.02010854118735109  0.02071796269915168  0.02135325340045324
  0.02202732859069758  0.02276209127530019  0.02353017327931479  0.02429569861518530
  0.02503143200959372  0.02575094832192677  0.02644872052963398  0.02716779687003306
  0.02796362938371287  0.02885067742667650  0.02981105072494625  0.03072888489410689
  0.03162033601727675  0.03257803324272159  0.03359769739932798  0.03470921295451425
  0.03587544906402517  0.03702701451910734  0.03815800446614188  0.03924585850987089
  0.04038961052026382  0.04166229765754546  0.04303677409818907  0.04440769940082163
  0.04572075071065924  0.04702700643484387  0.04847276694970602  0.05032097257721711
  0.05272749778046316  0.05473746670235367  0.05640922915327101  0.05816775628500447
  0.06005029211616089  0.06204940427992269  0.06446936416637802  0.06828724708797070
  0.07294525846169130  0.07839802423595751  0.08413350269485348  0.09031462184976145
  0.09639429505341671  0.10215162977195512  0.11027134330804043  0.12169416262653593
  0.13383413829938759  0.17761686315988934  0.52796247800435625  1.00000000000000000
 -0.00238448729071492  0.00948644640281517  0.02012011302768511  0.03106399009006806
  0.04356282406919360  0.05553908349456893  0.06762464062898228  0.07869912231710161
  0.09036787865751095  0.10146994798377205  0.11328486930687522  0.12515435334723360
  0.13744955932404410  0.15020394067213322  0.16329768778043788  0.17438750838865508
  0.18345241002187376  0.19255936742734678  0.20248657093114497  0.21275778514166196
  0.22224022190463624  0.23180113554344145  0.24218842624465609  0.25341080219480333
  0.26453206150665226  0.27543263828085390  0.28606459763432518  0.29687644153667286
  0.30811046135425979  0.31943771345441613  0.33021334147556392  0.34011133103279373
  0.34954174468228155  0.35919313540065345  0.36976203766232751  0.38094188691405295
  0.39111657481937928  0.40138737032493516  0.41174843014325896  0.42222491576867371
  0.43137408503950708  0.44076931644355738  0.44912073317924772  0.45816007172118711
  0.46678486024893739  0.47572961680971665  0.48561352661786161  0.49583034775480778
  0.50578542857514308  0.51560606094664319  0.52532798184681151  0.53528858543129854
  0.54512225233759626  0.55467269741485814  0.56415155745137413  0.57419276442232381
  0.58445719490823811  0.59409307926365307  0.60303085255720734  0.61152477794953297
  0.61987375302072267  0.62825573269626800  0.63652399691579964  0.64519287271207482
  0.65460314094879324  0.66385703417611619  0.67338376516984255  0.68331500589932637
  0.69352755298760993  0.70405883479505826  0.71469649515123046  0.72586534367945832
  0.73716170269015702  0.74852053581548061  0.75956133762946287  0.77014921268502090
  0.78063299337803382  0.79171250120426995  0.80359564657746907  0.81507807812614819
  0.82596001869849067  0.83630067863855806  0.84635431696545982  0.85606259013694397
  0.86663951409941553  0.87767130283949568  0.88904900772700057  0.90065828344451315
  0.91302459012706649  0.92516483090317270  0.93676734158798480  0.94856813729100364
  0.96110052076485297  0.97400455697663635  0.98730079011268101  1.00000000000000000
  0.03427888209385787  0.22908353082388141  0.33554966661292196  0.39820971800424299
  0.42473270482609882  0.44394203495351592  0.46870849006609344  0.49147138862008671
  0.51032340318132741  0.52859921718065139  0.54933501492763670  0.57013761161810395
  0.58908608330394530  0.60630857831825036  0.62249735526999517  0.63856681692716566
  0.65506208437202695  0.67157588369032639  0.68580506615806758  0.70041726412796768
  0.71546869891889253  0.72962154311495853  0.74356430538993867  0.75700449874771114
  0.76940570454057378  0.78071299760939794  0.79159541146005030  0.80246706025339876
  0.81228140645352020  0.82135224592713041  0.82977192387174847  0.83777169558979581
  0.84526190581941285  0.85236905319666723  0.85900626747653042  0.86527225093445315
  0.87132998827587627  0.87714121671756451  0.88262459026458295  0.88790543079051143
  0.89300223169106407  0.89769876598331255  0.90207242291906953  0.90628803613105979
  0.91038713855795506  0.91445967274011852  0.91831954912742197  0.92195591071597283
  0.92546427807710596  0.92888411437487528  0.93224104395612450  0.93545491460206620
  0.93849648691296184  0.94134752785584619  0.94407856534069390  0.94672658264273768
  0.94925817914369159  0.95159231594796645  0.95381908817108885  0.95597768801291527
  0.95810811532701579  0.96007720828386989  0.96194002009115132  0.96376281844902034
  0.96556412253351365  0.96734365095630159  0.96909957834033666  0.97076425129294330
  0.97227455558735232  0.97372038659544591  0.97515926268400310  0.97656566087490548
  0.97792686072338353  0.97923506590814458  0.98049491281675094  0.98171100888482965
  0.98288235756178022  0.98400170002997311  0.98507629671139174  0.98612036227844302
  0.98711162027065258  0.98804702554678514  0.98895679474821230  0.98986136907912370
  0.99070874073794590  0.99154356734153870  0.99236002761326614  0.99313501821749017
  0.99388734387138089  0.99464663442989210  0.99540066869340005  0.99615933042914750
  0.99697296137172342  0.99786692400391430  0.99887994715541861  1.00000000000000000
 -0.02314588799730089  0.11697546714017268  0.16090147024784140  0.18804881059502385
  0.20932180337075934  0.22687393648530610  0.24289614636610096  0.25814116635903195
  0.27243358197452960  0.28575589695512782  0.29838076043413742  0.31025025288775704
  0.32133728345483464  0.33200604556756547  0.34185008125084498  0.35132824077633046
  0.36060787495896923  0.36991495491580373  0.37929003816148432  0.38865270735897062
  0.39722996206992711  0.40539491809078615  0.41360734242407243  0.42177169134647713
  0.42994937432155339  0.43763939745625430  0.44483567974099486  0.45225179674924371
  0.45944634860667422  0.46632367104177358  0.47331284531072709  0.48045250467274703
  0.48743714813863137  0.49438495046970399  0.50117517313791204  0.50771063464521793
  0.51400561493663477  0.52009572932904979  0.52629799856589909  0.53282105265024016
  0.53942852284588128  0.54580877034052255  0.55209691291486063  0.55847924682549743
  0.56491812109386408  0.57133324806242369  0.57746198874079058  0.58319872438609188
  0.58905713210350630  0.59493471613221627  0.60077216478499729  0.60707155642564237
  0.61348447123548089  0.61914579321163421  0.62456110353510996  0.62954542211902742
  0.63420225729200130  0.63934821975311174  0.64488719629309810  0.65061744941991029
  0.65639107583691569  0.66192275582417726  0.66747602102479275  0.67312530474392329
  0.67867136439086295  0.68424031405066543  0.68957333706954871  0.69509090199522172
  0.70079744303520708  0.70659339379751118  0.71246743813418301  0.71826903259590003
  0.72416004713119553  0.73002629809272546  0.73579736447900335  0.74161756272177626
  0.74747992196039226  0.75350759956429370  0.75972270808140796  0.76601582106297250
  0.77255859610644029  0.77956579844829654  0.78688332656477356  0.79443780440422951
  0.80219819644319645  0.81008125596317282  0.81816331855245994  0.82659863959296054
  0.83538211422648279  0.84472724915817710  0.85492973608288647  0.86637827752694363
  0.88018160907281373  0.89761235345098767  0.92577886023415257  1.00000000000000000
   1.5221542692126004E-006  -1.0000000000000000     
 F F F F F F F F F F F F T F F F F F F F F F F F F F F F T F F F
  <DiscreteSampler_grid>
  grouped_processes
  1 # 1 for a reference and 2 for a running grid.
  10 # Attribute 'min_bin_probing_points' of the grid.
  1 # Attribute 'grid_mode' of the grid. 1=='default',2=='initialization'
  0.0000000000000000 # Attribute 'small_contrib_threshold' of the grid.
  0.5000000000000000 # Attribute 'damping_power' of the grid.
 # binID   n_entries weight   weight_sqr   abs_weight
    112   10   2.839135581121936E+004   2.848770197138395E+009   2.839135581121936E+004
    113   10   2.839135581121899E+004   2.848770197138307E+009   2.839135581121899E+004
    115   10   8.445886649558585E+001   2.253835984526274E+004   8.445886649558585E+001
    116   10   8.445886649558481E+001   2.253835984526205E+004   8.445886649558481E+001
    154   10   2.839135581121935E+004   2.848770197138393E+009   2.839135581121935E+004
    155   10   2.839135581121899E+004   2.848770197138307E+009   2.839135581121899E+004
    157   10   8.445886649558585E+001   2.253835984526274E+004   8.445886649558585E+001
    158   10   8.445886649558481E+001   2.253835984526205E+004   8.445886649558481E+001
    163   10   1.520552328536359E+003   8.152033522003969E+006   1.520552328536359E+003
    164   10   1.520552328536339E+003   8.152033522003716E+006   1.520552328536339E+003
    166   10   1.520552328536359E+003   8.152033522003966E+006   1.520552328536359E+003
    167   10   1.520552328536339E+003   8.152033522003713E+006   1.520552328536339E+003
    202   10   1.520552328536359E+003   8.152033522003969E+006   1.520552328536359E+003
    203   10   1.520552328536339E+003   8.152033522003713E+006   1.520552328536339E+003
    205   10   1.520552328536358E+003   8.152033522003962E+006   1.520552328536358E+003
    206   10   1.520552328536339E+003   8.152033522003718E+006   1.520552328536339E+003
    226   10   3.049097964837426E+004   2.982777693989534E+009   3.049097964837426E+004
    227   10   3.049097964837389E+004   2.982777693989444E+009   3.049097964837389E+004
    229   10   1.960423413344015E+003   2.784991746491912E+007   1.960423413344015E+003
    230   10   1.960423413344011E+003   2.784991746491902E+007   1.960423413344011E+003
    244   10   3.049097964837426E+004   2.982777693989535E+009   3.049097964837426E+004
    245   10   3.049097964837389E+004   2.982777693989444E+009   3.049097964837389E+004
    253   10   1.960423413344014E+003   2.784991746491910E+007   1.960423413344014E+003
    254   10   1.960423413344012E+003   2.784991746491905E+007   1.960423413344012E+003
    274   10   1.529452248269553E+003   8.460511141758075E+006   1.529452248269553E+003
    275   10   1.529452248269533E+003   8.460511141757816E+006   1.529452248269533E+003
    277   10   1.529452248269553E+003   8.460511141758077E+006   1.529452248269553E+003
    278   10   1.529452248269533E+003   8.460511141757814E+006   1.529452248269533E+003
    295   10   1.529452248269553E+003   8.460511141758075E+006   1.529452248269553E+003
    296   10   1.529452248269533E+003   8.460511141757816E+006   1.529452248269533E+003
    304   10   1.529452248269553E+003   8.460511141758077E+006   1.529452248269553E+003
    305   10   1.529452248269533E+003   8.460511141757814E+006   1.529452248269533E+003
  </DiscreteSampler_grid>
