  0.00000245884970742  0.00000262093643232  0.00000276147978164  0.00000294538103482
  0.00000315407579375  0.00000337556163287  0.00000361818611948  0.00000389569555250
  0.00000421054524385  0.00000454106721797  0.00000488156348934  0.00000525510581932
  0.00000567532451988  0.00000613274034081  0.00000661928764834  0.00000714664888693
  0.00000770378382442  0.00000827363269417  0.00000886161882525  0.00000947153028175
  0.00001012086005974  0.00001079064396044  0.00001147818175851  0.00001220060485162
  0.00001295261994617  0.00001377001787885  0.00001461967242531  0.00001551645797793
  0.00001643091885018  0.00001736671443061  0.00001831495046690  0.00001927812881973
  0.00002026005603155  0.00002126236275725  0.00002229525299098  0.00002336980410436
  0.00002449129148100  0.00002565506991583  0.00002685294663713  0.00002808136935468
  0.00002935399545858  0.00003069421561397  0.00003212056567811  0.00003362891239072
  0.00003516917051020  0.00003672626299743  0.00003830454828752  0.00003992654650862
  0.00004161930669490  0.00004338178491255  0.00004520970638016  0.00004714911519154
  0.00004922341167680  0.00005144845063875  0.00005380532886020  0.00005625746784619
  0.00005883773628229  0.00006151110032235  0.00006419752143812  0.00006694621044495
  0.00006986553448125  0.00007290868810434  0.00007607223309147  0.00007950404119319
  0.00008320984701733  0.00008720572562285  0.00009140355945666  0.00009574918958687
  0.00010035995983161  0.00010529589924587  0.00011106777733561  0.00011717880936521
  0.00012361058567753  0.00013067821833409  0.00013837520535406  0.00014660833006184
  0.00015541750382040  0.00016453949768794  0.00017470719457202  0.00018610482824043
  0.00019946352894430  0.00021554880146375  0.00023368098146931  0.00025307580995553
  0.00027502103920139  0.00030187939170465  0.00033760406472850  0.00038592720852646
  0.00044858359199517  0.00053856735489722  0.00068618414911714  0.00098062152632401
  0.00177613423578543  0.06341929755167851  0.30907940837651837  1.00000000000000000
  0.00000227341191784  0.00000287522828774  0.00000335162022155  0.00000383021264832
  0.00000432318950806  0.00000482875456453  0.00000535947665297  0.00000592146133571
  0.00000651075543324  0.00000711425966842  0.00000773013569674  0.00000835982528870
  0.00000899653347398  0.00000964081588208  0.00001030448496187  0.00001100677732520
  0.00001175277954332  0.00001252895827836  0.00001330918708257  0.00001408972945475
  0.00001488898520263  0.00001571344245822  0.00001657132761272  0.00001747468366397
  0.00001840134910453  0.00001935233499726  0.00002032902517425  0.00002131703521167
  0.00002232318759987  0.00002337828273377  0.00002447031778983  0.00002564395808725
  0.00002685175910733  0.00002809935118117  0.00002940404367580  0.00003071191582480
  0.00003202998562692  0.00003334822083359  0.00003468948431075  0.00003606519209997
  0.00003752547601054  0.00003908777340896  0.00004071896210826  0.00004238548058467
  0.00004409434388434  0.00004585989883227  0.00004767052578499  0.00004955468804262
  0.00005145965913941  0.00005343731659257  0.00005548753534541  0.00005764975391162
  0.00005994110560987  0.00006225532549488  0.00006472219895835  0.00006737119326436
  0.00007026022505046  0.00007324126524083  0.00007626275626144  0.00007930813875114
  0.00008245033066709  0.00008578756135015  0.00008944408168894  0.00009327005683762
  0.00009715678746076  0.00010112888571111  0.00010524488844016  0.00010949975934804
  0.00011402469905832  0.00011887643308164  0.00012413312543013  0.00012998206722386
  0.00013658036186619  0.00014369959285738  0.00015112579197200  0.00015920579936948
  0.00016841106017618  0.00017902881439742  0.00019077559894369  0.00020311122294501
  0.00021670064190490  0.00023234115457328  0.00025020161332532  0.00027070196992407
  0.00029490951817388  0.00032594260458460  0.00036502298679047  0.00041353164491521
  0.00047469361791882  0.00056060583574532  0.00068865723284248  0.00091339400447002
  0.00150443844813994  0.00494321047851835  0.13279307511919014  1.00000000000000000
 -0.00229088265623275  0.00891879163739635  0.01901773199733405  0.02943473743891313
  0.04040904792366785  0.05118993263176120  0.06215646368718164  0.07256497503251144
  0.08293849709211072  0.09310249222436554  0.10350508417621063  0.11430299435106700
  0.12534099195314291  0.13612339506534324  0.14672210321409651  0.15710884167373981
  0.16790138242216132  0.17901948035493792  0.19046636524588403  0.20150285528454021
  0.21200962175463095  0.22282689552390833  0.23329653626053540  0.24344493440790194
  0.25325461485898082  0.26274624455275997  0.27243425521160947  0.28218254444317808
  0.29243191476139574  0.30293727577089802  0.31337298930865443  0.32352187499732449
  0.33397905520874399  0.34432695766477872  0.35520016923831471  0.36603326281505610
  0.37713849303167812  0.38806298925430038  0.39883538896201687  0.40987353385590336
  0.42091970069023871  0.43184515489810177  0.44235360137316437  0.45258478009371095
  0.46281100690250043  0.47324143294910503  0.48389446627641636  0.49439068594614122
  0.50457188831504740  0.51479464424341836  0.52489996849048204  0.53494395294059016
  0.54496826888213157  0.55495928670964878  0.56511813316796089  0.57532700686793781
  0.58571654114622163  0.59640946954381713  0.60720321225271090  0.61789350423433242
  0.62875466250475642  0.63932779050105759  0.64979350937888702  0.66027755200118798
  0.67066229942013089  0.68106807208945230  0.69136272499369678  0.70143955210621756
  0.71194113510114565  0.72278213917457190  0.73366321897934850  0.74463411373985910
  0.75550434993927174  0.76619668717259792  0.77676041086592174  0.78726660344284638
  0.79785629032548278  0.80828122983466588  0.81864840063211508  0.82933792634824366
  0.84052721245929307  0.85146528610029959  0.86182553958786967  0.87204799821366119
  0.88265172994445185  0.89348266619768812  0.90436889177379098  0.91514920123798138
  0.92606831672021050  0.93695468123985115  0.94750233100596892  0.95820408322804596
  0.96895463719365915  0.97967790714858216  0.98995934836612476  1.00000000000000000
  0.00009527525860815  0.00011198820672336  0.00021968680973291  0.00033243521771493
  0.00044677267174228  0.00056291215914761  0.00068865440142966  0.00082436410071443
  0.00096931295275153  0.00112276980011305  0.00127477922872965  0.00142752341379407
  0.00158432418102627  0.00174950398448652  0.00192628811197245  0.00211414382834704
  0.00231054450621327  0.00251580006755429  0.00272984242712826  0.00295251349858248
  0.00318494223655598  0.00342694842688052  0.00367798039970620  0.00393836459509248
  0.00420983943136528  0.00449283175453723  0.00478676658414666  0.00509081899700892
  0.00540488486871464  0.00572966225940344  0.00606601560725597  0.00641476496193506
  0.00677503154479525  0.00714619756968616  0.00752650320422740  0.00791359880758539
  0.00831844356147193  0.00874035812181662  0.00917160850373698  0.00960727394711432
  0.01006085755441006  0.01052191693893172  0.01100151911803848  0.01150265209733784
  0.01201376902847723  0.01255507377800626  0.01310674276964400  0.01366391188258514
  0.01422776850310890  0.01480867366168281  0.01539605341557551  0.01599363068945907
  0.01661966036338727  0.01727873804610543  0.01795362997215263  0.01863916279524961
  0.01934577685415666  0.02006309514688217  0.02080867251348000  0.02158109895510885
  0.02240988786283040  0.02327222554409639  0.02416248115913281  0.02506107834177820
  0.02598234835268701  0.02696588135504054  0.02799368240400787  0.02903643811595636
  0.03005406812913029  0.03117394371054013  0.03235137495573884  0.03358285779288663
  0.03486791650187224  0.03622367647466657  0.03764311219185752  0.03914252645174752
  0.04086091542494574  0.04271394124205213  0.04451409142215551  0.04628357116938701
  0.04826597433498130  0.05063347564795451  0.05356010382187307  0.05646427363642654
  0.05945035355568877  0.06290882693465692  0.06672723473967986  0.07090100621042809
  0.07643823298166803  0.08422353617856387  0.09407627234458714  0.10654512707772701
  0.12664164774548867  0.24033558052604323  0.79305644140884024  1.00000000000000000
 -0.00225796104505988  0.00895220662462952  0.01891064843114737  0.02915678266236230
  0.03936850881844986  0.04914871533513501  0.05913108656172993  0.06880568935433010
  0.07851546251729080  0.08870123490339804  0.09890959647781887  0.10949176593733606
  0.11982579152536166  0.13082961378729260  0.14166726548213918  0.15240102315122422
  0.16254727092295757  0.17247000719026043  0.18281354253240659  0.19321589299159278
  0.20367269135733049  0.21418203937730088  0.22440792838250767  0.23455131356174683
  0.24464361501324938  0.25478669337864279  0.26480576657354893  0.27448755695883487
  0.28398570635544890  0.29401032399006810  0.30420220265073128  0.31466997072541480
  0.32470719494853068  0.33432347775247134  0.34378306035488004  0.35335286502872787
  0.36288166805471472  0.37248782056187602  0.38261315630126203  0.39372365329798586
  0.40617743935754036  0.41888921256892936  0.43155814765536976  0.44404790160664298
  0.45679332387146993  0.46980644942522559  0.48222489355740439  0.49348813046595513
  0.50397549815742892  0.51432422352408791  0.52520091850887696  0.53699941071333679
  0.54853547233072475  0.55979544972655659  0.57070417649673433  0.58193868756000156
  0.59331016917895019  0.60463371170354285  0.61552785314519409  0.62617136294320519
  0.63691443749548027  0.64789137945903419  0.65835814172800833  0.66921542923128285
  0.68015002773184829  0.69107942794020805  0.70149364891179977  0.71218954035268112
  0.72317170002276443  0.73394559819261096  0.74398854290297989  0.75407227791437237
  0.76408528189069536  0.77432686568177755  0.78480024151997529  0.79521188204958526
  0.80582361228330923  0.81623708517565863  0.82674977605000366  0.83691978054512739
  0.84739874313649866  0.85777480666061756  0.86770788268562671  0.87733449921659667
  0.88712468108991505  0.89716930232666570  0.90766187763536077  0.91805167791876030
  0.92821376916528031  0.93826357649518310  0.94799178766135139  0.95795807489667839
  0.96803082480583513  0.97855795412832591  0.98912475030430935  1.00000000000000000
 -0.02108995567677865  0.23768269905878675  0.33309967435169757  0.36607098374474334
  0.38439974714134184  0.39856085794258245  0.41214362446917513  0.42377387493965490
  0.43268197458992369  0.44011394052281311  0.44715787766878573  0.45485907094589934
  0.46372589275269999  0.47290074913067792  0.48138839667681493  0.48952885771701748
  0.49751902864891628  0.50561283112302191  0.51374113235286079  0.52167725463942782
  0.53058496010618150  0.53963393682074334  0.54790914037845473  0.55578210384999116
  0.56398211193343595  0.57320587628265496  0.58279376508641234  0.59238908643535859
  0.60190046359528049  0.61176687982485001  0.62181841852940467  0.63169207914258785
  0.64146637894199177  0.65118437021779230  0.66175612362356517  0.67293449273964356
  0.68440051843077088  0.69573295420547365  0.70739463239826084  0.71975882034230909
  0.73189329790745306  0.74284423608017147  0.75320661433855463  0.76362381152541792
  0.77428179714718259  0.78531662254273049  0.79690285046176024  0.80844693075630114
  0.81920882373758230  0.82965371437598634  0.83979892307972159  0.84945628153783292
  0.85837845259328149  0.86686920533305489  0.87519953070943923  0.88300264293612873
  0.89029627495818497  0.89735331564815357  0.90412564429934361  0.91046605427454197
  0.91649172825205283  0.92204821651460767  0.92724327393399164  0.93218682129939645
  0.93682080850749361  0.94109988710249171  0.94508621712704166  0.94883197994384549
  0.95238505341789592  0.95571656154701967  0.95882181078797823  0.96173884990005543
  0.96447587600462548  0.96704912857350445  0.96947453820812846  0.97176256433628361
  0.97392403632190483  0.97597338248092202  0.97790967069952961  0.97973422405087296
  0.98145239049125932  0.98307158758951096  0.98460031031326312  0.98604430563402989
  0.98739729165118961  0.98867506618358447  0.98988680291468445  0.99103729790813322
  0.99213514267693159  0.99318702540536230  0.99419828041184499  0.99519007458687703
  0.99617644780436632  0.99719465295857657  0.99847071561192446  1.00000000000000000
 -0.03244469669033286  0.13730248661275626  0.18215859138570845  0.21038194851639669
  0.23242760808177076  0.25083822481947338  0.26757444076018833  0.28312162338688956
  0.29745931336172671  0.31050330358371087  0.32267363261842652  0.33409146066559253
  0.34503951875820038  0.35562441985250143  0.36595680793443824  0.37599318328092546
  0.38566919461024690  0.39501735738466803  0.40401502745579498  0.41254200974787036
  0.42038702060428829  0.42788646119708934  0.43532687867539577  0.44267299314944808
  0.44998464641918179  0.45734274836215855  0.46468219216380541  0.47179576207701035
  0.47865121703298247  0.48538210446143132  0.49210663281014194  0.49870262674377908
  0.50536828828213176  0.51205681590973395  0.51864082427710945  0.52512426455632810
  0.53137851306852169  0.53761551168777588  0.54376689345329809  0.54993176521772935
  0.55601418573838279  0.56216610643968901  0.56806180433571718  0.57366189633920406
  0.57922209026892835  0.58481945403230629  0.59062765480040236  0.59666816748720553
  0.60265658372306474  0.60848080535560356  0.61410662117229120  0.61958414343434232
  0.62493020596085658  0.63021612299297625  0.63563138186868551  0.64130076717521256
  0.64712815449303962  0.65275345512640603  0.65832064427048154  0.66386283167536053
  0.66935757881036351  0.67472371592123137  0.67994538541121685  0.68541473613734649
  0.69098416644942784  0.69653549762905553  0.70192031187817794  0.70707671127245597
  0.71216088275011336  0.71749164629534234  0.72285708542005433  0.72847753975835283
  0.73433339338093306  0.74014597356017109  0.74593331534376961  0.75157959148511388
  0.75720343039652904  0.76308951068126718  0.76910977667573166  0.77525426747513415
  0.78140919921675678  0.78751018700356712  0.79340204276061599  0.79958787513332674
  0.80624724508306955  0.81367058627243294  0.82163661254295595  0.82990991272692161
  0.83845805487489611  0.84712335352570178  0.85658803601523614  0.86747293556471106
  0.88019819971768765  0.89586191756227207  0.92359628556966533  1.00000000000000000
   1.1455765954002482E-007  -1.0000000000000000     
 F F F F F F F F F F F F F F F F F F F F F F F F F F F F F F F F
  <DiscreteSampler_grid>
  grouped_processes
  1 # 1 for a reference and 2 for a running grid.
  10 # Attribute 'min_bin_probing_points' of the grid.
  1 # Attribute 'grid_mode' of the grid. 1=='default',2=='initialization'
  0.0000000000000000 # Attribute 'small_contrib_threshold' of the grid.
  0.5000000000000000 # Attribute 'damping_power' of the grid.
 # binID   n_entries weight   weight_sqr   abs_weight
    109   10   7.505074676051026E+003   4.220848500723210E+008   7.505074676051026E+003
    112   10   1.917825615060095E+004   2.764826608149886E+009   1.917825615060095E+004
    113   10   1.917825615060042E+004   2.764826608149716E+009   1.917825615060042E+004
    115   10   1.920710606278936E+004   2.767881032857856E+009   1.920710606278936E+004
    116   10   1.920710606278883E+004   2.767881032857685E+009   1.920710606278883E+004
    118   10   1.511976461777965E+004   1.712667210510806E+009   1.511976461777965E+004
    119   10   1.511976461777923E+004   1.712667210510703E+009   1.511976461777923E+004
    127   10   1.953731974640148E+004   2.818318662924323E+009   1.953731974640148E+004
    128   10   1.953731974640096E+004   2.818318662924151E+009   1.953731974640096E+004
    130   10   1.931453203499565E+004   2.821394509914145E+009   1.931453203499565E+004
    131   10   1.931453203499511E+004   2.821394509913973E+009   1.931453203499511E+004
    133   10   1.232576488318520E+004   1.134999713198056E+009   1.232576488318520E+004
    136   10   1.953731974640147E+004   2.818318662924319E+009   1.953731974640147E+004
    137   10   1.953731974640096E+004   2.818318662924151E+009   1.953731974640096E+004
    142   10   2.492829796157392E+004   4.659168206519163E+009   2.492829796157392E+004
    143   10   2.492829796157323E+004   4.659168206518877E+009   2.492829796157323E+004
    145   10   1.931453203499563E+004   2.821394509914142E+009   1.931453203499563E+004
    146   10   1.931453203499511E+004   2.821394509913973E+009   1.931453203499511E+004
    151   10   7.505074676051026E+003   4.220848500723210E+008   7.505074676051026E+003
    154   10   1.917825615060095E+004   2.764826608149886E+009   1.917825615060095E+004
    155   10   1.917825615060042E+004   2.764826608149716E+009   1.917825615060042E+004
    157   10   1.920710606278936E+004   2.767881032857856E+009   1.920710606278936E+004
    158   10   1.920710606278883E+004   2.767881032857685E+009   1.920710606278883E+004
    160   10   1.232576488318520E+004   1.134999713198056E+009   1.232576488318520E+004
    181   10   2.461300629142323E+004   4.536833704049437E+009   2.461300629142323E+004
    182   10   2.461300629142255E+004   4.536833704049156E+009   2.461300629142255E+004
    193   10   2.479312769399472E+004   4.655416522662256E+009   2.479312769399472E+004
    194   10   2.479312769399402E+004   4.655416522661970E+009   2.479312769399402E+004
    208   10   2.461300629142323E+004   4.536833704049437E+009   2.461300629142323E+004
    209   10   2.461300629142255E+004   4.536833704049156E+009   2.461300629142255E+004
    214   10   7.505074676051026E+003   4.220848500723210E+008   7.505074676051026E+003
    238   10   1.232576488318519E+004   1.134999713198056E+009   1.232576488318519E+004
    256   10   7.505074676051026E+003   4.220848500723210E+008   7.505074676051026E+003
    265   10   1.232576488318519E+004   1.134999713198056E+009   1.232576488318519E+004
  </DiscreteSampler_grid>
