  0.00000063952050914  0.00000080658341127  0.00000111304380861  0.00000148085120599
  0.00000198387573981  0.00000253072578898  0.00000306743379236  0.00000360916999144
  0.00000410448829250  0.00000452800613895  0.00000492069948918  0.00000534843901754
  0.00000589239855887  0.00000654310118299  0.00000719631596315  0.00000771133368684
  0.00000817808127017  0.00000864698408451  0.00000914183079403  0.00000968842450242
  0.00001029970819829  0.00001108119401252  0.00001187866375781  0.00001268484431852
  0.00001351054462835  0.00001431668295941  0.00001513652280533  0.00001592089196375
  0.00001673048015802  0.00001760787496632  0.00001848016116043  0.00001931098789478
  0.00002009822892498  0.00002082724726187  0.00002150813530852  0.00002223901341432
  0.00002299811401981  0.00002370498370885  0.00002443803592125  0.00002529774789736
  0.00002611763564801  0.00002694063462041  0.00002778257951186  0.00002849266050032
  0.00002918051388823  0.00002982984566299  0.00003048638200236  0.00003114136882053
  0.00003176248126673  0.00003237685478590  0.00003300647458127  0.00003366146447189
  0.00003435921361288  0.00003518203524727  0.00003605864314696  0.00003698327405909
  0.00003805494312451  0.00004322634120310  0.00006003526403148  0.00006196648229110
  0.00006356076836932  0.00006475116143784  0.00006593382827477  0.00006710670896352
  0.00006847980715117  0.00007000494747266  0.00007184264621581  0.00007383473750222
  0.00007596601256449  0.00007845944035885  0.00008093329939070  0.00008313029120958
  0.00008544427495707  0.00008793955627675  0.00009074500152239  0.00009330327439375
  0.00009606686774000  0.00009933885721472  0.00010360083340303  0.00010815671452316
  0.00011273123711856  0.00011725378796972  0.00012196789677470  0.00012666090585429
  0.00013328030467378  0.00014453845170069  0.00016167086774310  0.00018293351497543
  0.00021314871028108  0.00024829879632250  0.00029734755886079  0.00039414164390720
  0.00057494807815143  0.00094125357983317  0.02201954062831658  1.00000000000000000
  0.00924832380759628  0.01766006242003225  0.02599138909436930  0.03562080960786278
  0.04487969428377601  0.05414506640329401  0.06398515439640144  0.07539676650327123
  0.08732278353596082  0.10029353045826633  0.11248020568815316  0.12404707567055306
  0.13633505821595843  0.14813585515575203  0.15805506040347000  0.16808133833225927
  0.17950952675825874  0.19276281891296931  0.20622674881591291  0.21896091371688670
  0.23327713308173861  0.24667369401004485  0.26283219648626199  0.27793407642634588
  0.29154994588722316  0.30473651672242347  0.31810721287683924  0.33230568788895498
  0.34602542125920743  0.36045762293539041  0.37566423548040168  0.39050976947424482
  0.40417885869022341  0.41550433176609292  0.42329709133735560  0.43047291467942206
  0.43983600134814704  0.44988302930587870  0.45803152704657651  0.46537137331841527
  0.47358560707342134  0.48447248149000660  0.49896940253045668  0.50912830351755500
  0.51960066662038462  0.53062825829485860  0.54152411610398610  0.55139561682641691
  0.56042487526506046  0.56874685401218461  0.57801830024394962  0.58771012605584794
  0.59731563715757452  0.60724135379327826  0.61688763957822834  0.62690228454179364
  0.63765516024497504  0.64975163131690117  0.66081369258596223  0.67408615788476411
  0.68623236331385851  0.69792129343099696  0.70890395789172367  0.71932661146545651
  0.72873221121221488  0.73797060350476307  0.74702146698816707  0.75766602917858838
  0.77156342201420969  0.78934721740954050  0.80612205487944588  0.82118543934163479
  0.83484355417135525  0.84653745577052153  0.85678889793839830  0.86573133558629323
  0.87457994947135609  0.88322140891606549  0.89084627985234743  0.89791156937581762
  0.90462289320099387  0.91086873051677408  0.91780067622495409  0.92550719468896581
  0.93352643457356344  0.93900479864972430  0.94272194933908149  0.94743071032857318
  0.95468032490686350  0.96184111181430354  0.96729060757732566  0.97243590216401365
  0.98020719213654195  0.98657468350069555  0.98985506097793752  1.00000000000000000
 -0.00001809848599445  0.00029408938650891  0.00073524792305078  0.00145507827307647
  0.00270876877456647  0.00410998701490694  0.00568579665642070  0.00749581913898764
  0.00962177393196036  0.01234947205913940  0.01498526225923723  0.01786738125140679
  0.02108632519596103  0.02472334600561641  0.02805625252037147  0.03101585958674923
  0.03444520276095095  0.03922078627270436  0.04393413365029246  0.04900046353286794
  0.05423787354123250  0.06002921707249845  0.06536684613490536  0.06996504500704367
  0.07405301361693045  0.07860585785969330  0.08312155862828000  0.08832990574439942
  0.09422583331956440  0.10029459626677940  0.10721949060561069  0.11565658726616512
  0.12553140029196025  0.13475452204662069  0.14460374158467620  0.15127162832548730
  0.15735233065115051  0.16285309430828171  0.16867453050367551  0.17516291300254230
  0.18178016201021469  0.18837956613677423  0.19503650343474729  0.20223005344885708
  0.21133532107802780  0.22315834094703227  0.23393206425848101  0.24539338735868324
  0.25728529147165308  0.27004245172622049  0.28454516036845628  0.29873922377598711
  0.31254290973870735  0.32289115572317034  0.33305075453803201  0.34240185683193691
  0.35144015249391364  0.36085722378786528  0.37088034982221069  0.38157383879351386
  0.39390489034796700  0.40653398758834836  0.41981453183976564  0.43526675148706562
  0.45373110003911549  0.47506954812929353  0.49884219768962190  0.52455892777777147
  0.54808589791892537  0.56919485142571480  0.58847145844265814  0.60241463337188028
  0.61776464890195981  0.63459759515610370  0.65299783956989521  0.66553049889489968
  0.68085727788711203  0.69754333058404983  0.71383823188378071  0.72979737650908238
  0.74667050635432741  0.76586128770528961  0.78506960166559558  0.80471708335271885
  0.82128671420672694  0.83617634621013459  0.85069282340285401  0.86367285260249482
  0.87628122284607690  0.88868254720502349  0.91073372953177389  0.92672339217803334
  0.94391244432229549  0.96401017976399817  0.98225419555631566  1.00000000000000000
 -0.00299545464868883  0.01232732534439074  0.02170870897640299  0.02951999173076609
  0.03773541554089694  0.04796706010961215  0.05952724940567590  0.07188846976732072
  0.08431386592954342  0.09495824663137323  0.10581911793021223  0.11841043382793244
  0.13031348019033259  0.14303547680301096  0.15358087673238793  0.16333347493681660
  0.17290514842550914  0.18354338667953329  0.19585749675863115  0.20939936564472475
  0.22289173729371403  0.23441610343506425  0.24314327079608658  0.24993096781974314
  0.25599575025581489  0.26201150369332826  0.26818290672042300  0.27657506731251236
  0.28557987587035832  0.29485256487899542  0.30419819962188843  0.31446471145099586
  0.32747208570818537  0.34176634205550138  0.35396364174475475  0.36198521242215859
  0.36987594781315780  0.37673190550338403  0.38253035642362082  0.38793493694835818
  0.39395959150715465  0.39991851046061411  0.40601157742672722  0.41231839192689596
  0.42323105245132486  0.43909312191028749  0.45458942311991934  0.46935596731569551
  0.48387138314076283  0.49684770058214728  0.51004386701864757  0.52310471167218131
  0.53636012635357111  0.55349816271398711  0.56966702216338472  0.58339502331324833
  0.59558402413261347  0.60707471280070402  0.61805524146470148  0.62836845349611903
  0.63819476963770760  0.64909982712606684  0.65954628037473007  0.67018872584669054
  0.68381646666332296  0.69691975598028444  0.71138435899636876  0.72527073354562654
  0.73595970708270486  0.74635533042516855  0.75661383978921326  0.76720736625042452
  0.77911215945497270  0.79126858565003300  0.80144032448432589  0.81096995520821191
  0.81949610240956661  0.82838337331987633  0.83711485767240823  0.84535243659061343
  0.85313490296532246  0.86135196199705899  0.87048120933195194  0.87981844434444245
  0.88859374874964303  0.89638664203258600  0.90364805843231111  0.91120212384082355
  0.91984898391539560  0.92889860562836390  0.93785120787308329  0.94784436011831097
  0.95892238791577800  0.97145732356549308  0.98534729654742970  1.00000000000000000
 -0.00138716250431227  0.00891130821910671  0.01800179984868987  0.02796749638678333
  0.03690767797273327  0.04437558910954332  0.05241201945235704  0.06233850123608793
  0.07508656987503945  0.08637907806303161  0.09619419258554440  0.10571131523165789
  0.11629712888377679  0.12800307288444845  0.14142967531721182  0.15522738608081829
  0.16694362815262487  0.17691119975970301  0.18587123737351838  0.19497579658101913
  0.20453640180458990  0.21496603725763716  0.22666378862042674  0.23827516633742912
  0.24974057244097719  0.26256003284003476  0.27545572858977846  0.28844653719104674
  0.30158473208554398  0.31368262388758172  0.32706958705147410  0.33958412668370219
  0.35146017809515123  0.36335751312247444  0.37329129505791703  0.38151533128213982
  0.39214552851415524  0.40146985380616612  0.41074785180783235  0.41943226000448841
  0.42848150883285735  0.43735154503875123  0.44640734994524206  0.45614239074249141
  0.46806708267928482  0.48036890584146275  0.49263337464332924  0.50385716836767958
  0.51536352250196260  0.52863161347595800  0.54324013563441897  0.55734629586562989
  0.56988162513651897  0.57932839770975475  0.58893878262089050  0.59801437170107918
  0.60699626574835486  0.61665103115434505  0.62600812813957352  0.63615504789919175
  0.64698372386269820  0.65826239640370932  0.66969400845374905  0.68110761360384509
  0.69254136951750889  0.70419953607291741  0.71532289374200952  0.72597778020643011
  0.73819039806514464  0.75143720912522793  0.76278473783210143  0.77315988749452114
  0.78348513592426383  0.79629000753550450  0.81122250342145652  0.82469687860568253
  0.83432822627742509  0.84000377663878378  0.84604818779388025  0.85201262727995508
  0.85755786022992564  0.86252696867541245  0.86806206561095145  0.87431537795585124
  0.88063160862993328  0.88610472039807953  0.89175972800714454  0.89728617048072101
  0.91104074114336664  0.92206019838221631  0.93280758140963516  0.94602617823764390
  0.96107050210753053  0.97535624647297114  0.98787057939276035  1.00000000000000000
 -0.00244892658287444  0.01199237829740782  0.02247412787309105  0.02850905724640225
  0.03520446359957231  0.04160848654814416  0.04806551736155568  0.05463286046705333
  0.06246058562836570  0.06926796590638933  0.07501853043967202  0.08118586415207102
  0.08735527400328762  0.09856417487332433  0.10915788974695123  0.11953422815761444
  0.13174329857946543  0.14388469550583824  0.15594639277991040  0.16785958857771360
  0.17958996190488735  0.19111652991444331  0.20250310056005244  0.21356162890143948
  0.22454842713168294  0.23587874072661688  0.24714524382069192  0.25760048843309102
  0.26728744978476948  0.27685521444254885  0.28621787820730787  0.29553479768779806
  0.30539813434572316  0.31562916722294404  0.32602855970505812  0.33643025017809569
  0.34649615800264583  0.35628416795314993  0.36609900276770557  0.37748232695643164
  0.38952876890700139  0.40162235441046285  0.41402361980651964  0.43009926876238325
  0.44504022934488247  0.45670908595670356  0.46759599656309270  0.47844189802515447
  0.49039169276228595  0.50219263902545097  0.51372099685211914  0.52616663258751406
  0.53995145947349288  0.55699019022800655  0.57522068502972401  0.59053297869659716
  0.60255878495873372  0.61290900429474759  0.62220381961707238  0.63043348896169227
  0.63930255681579196  0.64872620242527379  0.65779605459356560  0.66636124679114273
  0.67503645958455816  0.68522562868973313  0.69774781210774894  0.71066740919839122
  0.72240238916897892  0.73328057730908636  0.74419212686749414  0.75661756367322175
  0.76764500637571798  0.77770247563623440  0.78796054391200754  0.79868778619721548
  0.81013970554680281  0.81942583306724448  0.82943695498068670  0.83974231008294387
  0.84724944810175451  0.85441160559367246  0.86214387459972674  0.87233802008181338
  0.88314145656512277  0.89423108225899228  0.90650861748634703  0.91993658288498781
  0.93352281850417806  0.94386531545541896  0.95357593123584017  0.96169669677881053
  0.97003567970282079  0.97964297554008140  0.98982553404438689  1.00000000000000000
 -0.01553479202799380  0.09910247382225447  0.15758871132383565  0.19336768338780813
  0.21959661801739236  0.24091454719998748  0.25674988784979252  0.26978141179176490
  0.28102645209586302  0.29196892362809140  0.30058498578688853  0.30925015612785939
  0.31787838826917003  0.32627727033913406  0.33368193648760980  0.33932020904611571
  0.34466317515857886  0.34981064352955993  0.35456711642244826  0.35930499375923686
  0.36378793124983660  0.36812735490732090  0.37261579091702823  0.37677816718142043
  0.38055644898167523  0.38408890289573838  0.38727489212008670  0.39041568891507444
  0.39328778469852232  0.39657487517880202  0.40119257452290719  0.40667730133554347
  0.41226962463295097  0.41851940551474476  0.42470588707303503  0.43073864651341520
  0.43670645462898544  0.44232820348827817  0.44711506870834095  0.45120972614204330
  0.45518754080579377  0.45909199814308804  0.46352602290745148  0.46848021730336881
  0.47451849231979487  0.48021455608776537  0.48492507911193455  0.48972104240624348
  0.49449581163517164  0.49895703012573139  0.50367548933615858  0.50853158763926909
  0.51315560918700598  0.51774967011122686  0.52184240504929902  0.52547060632512921
  0.52944397272036559  0.53411828942184980  0.53953097987460752  0.54482212164942334
  0.55027969454569747  0.55564203317378924  0.56071564149321917  0.56576566152358265
  0.57124531894778097  0.57694301621101829  0.58228819698784839  0.58736541034595513
  0.59169857970162443  0.59589673544679289  0.60017134552772666  0.60506311215402619
  0.61013319018652323  0.61554987330744937  0.62174069101646512  0.62846904626454991
  0.63498628824776393  0.64234331170023240  0.64866377899623784  0.65637581353038388
  0.66466821919644470  0.67448926841081580  0.68512274752445446  0.69486593069306368
  0.70388221513786242  0.71267460245816161  0.72217998720043974  0.73407974168208534
  0.74999284002416755  0.76701010232104228  0.78524448862950591  0.80520850468235827
  0.83656376924839571  0.87726715719478665  0.93307287990580678  1.00000000000000000
 -0.00329173149591290  0.01139019382093323  0.02356640051302015  0.03627751158636244
  0.04388735926276852  0.04929769741908241  0.05513514179418263  0.06119166630979282
  0.06609662586458408  0.06903843548270829  0.07184987731753530  0.07493439839152018
  0.07937257213574320  0.08612722377619542  0.09357597991753568  0.10143403009142120
  0.11213912124723674  0.12553223293327248  0.13667681831789757  0.14706977047236086
  0.15722684589397320  0.16777047858410488  0.17739229864402395  0.18733065475251892
  0.19811894344819991  0.20885041130863993  0.22144281028375054  0.23396948325839784
  0.24874606060264953  0.26665690823371918  0.28179319291610544  0.29493963654404842
  0.30648447087119790  0.31852668124276462  0.32987600522795785  0.34054670459749414
  0.35156301346186808  0.36273608696790233  0.37473118896964136  0.38440225333312111
  0.39551295478716619  0.40666891631761093  0.41715225449550924  0.42792136219747451
  0.44002839044904224  0.45421424749175426  0.46765188125034335  0.47840595005335557
  0.48783719029389444  0.49722746652465061  0.50720632980828884  0.51783777686394217
  0.52842189019179964  0.53738917903989591  0.54658981376706284  0.55681497612782238
  0.56706316610132079  0.57687856897016365  0.58720817220558819  0.60061609780407066
  0.61468587311993794  0.62568287203216122  0.63698389336512218  0.64729120961664577
  0.65808996685708898  0.67048707032273736  0.68377567654817428  0.69479401841825350
  0.70430003049446033  0.71330117192690579  0.72252541034608464  0.73116669863895689
  0.73974162949198041  0.74955096680130728  0.76169896587135966  0.77450629615413047
  0.78753351218933854  0.79984725426382020  0.81104529473977727  0.82456733814956595
  0.83527831574762501  0.84499165458372616  0.85435940303583047  0.86364707228955817
  0.87323397594330421  0.88345336893464621  0.89457328633089339  0.90635377641447401
  0.91880129487589435  0.93148983415448117  0.94608093928010140  0.95779468078957097
  0.96911741516153782  0.97988929731467422  0.99011717829701218  1.00000000000000000
  0.08177605370035063  0.20015281069783267  0.23277406690365993  0.24775494693470818
  0.26021087389259162  0.27208505097752278  0.28416111091787960  0.29810453110638729
  0.31465935212631035  0.33061639168359463  0.34675445429943841  0.36054566213491129
  0.37292644509076012  0.38487330063412811  0.39899540797736816  0.41396666657851677
  0.42574985238041280  0.43695217104100242  0.44827045899618534  0.45823216420910290
  0.46571435006576983  0.47217293488814438  0.47913572308056951  0.48687934779000519
  0.49510038782722948  0.50340748533782276  0.51159695527486826  0.51817073469591723
  0.52537772498769830  0.53395297238687467  0.54283182640069261  0.55260173764020903
  0.56297598184872588  0.57205161919801428  0.58029221172113810  0.58874705333653932
  0.59691140028607403  0.60413636187364883  0.61054724722471365  0.61650777260507839
  0.62258064865075335  0.62952988485233219  0.63750892094098399  0.64515856632272395
  0.65210418938478831  0.65861909200568514  0.66518488711087453  0.67266178796907028
  0.68039293404423895  0.68732073962065521  0.69362589524544882  0.69898049481966906
  0.70374196619695661  0.70806325977133089  0.71214475173703640  0.71670686622593183
  0.72234473505275565  0.72900588521266640  0.73617073243339692  0.74300504147903967
  0.74876777714260967  0.75389423316518545  0.75910820348472074  0.76492731949700465
  0.77111906060122837  0.77794917912091377  0.78461404851023109  0.79027967495735152
  0.79531123794894176  0.80010570142411142  0.80515172802353863  0.81095342147131266
  0.81755848265709019  0.82445841634611050  0.83113641437757124  0.83794975192503818
  0.84476741081272255  0.85183200441127416  0.85966941874522051  0.86860219593560450
  0.87709573131754281  0.88197153070823531  0.88718512630856594  0.89257268470134565
  0.89823483804396942  0.90377356171393619  0.90950426854361011  0.91541099731877973
  0.92082792425961968  0.92545764072189107  0.92991180069109580  0.93460599995472937
  0.94289347656975941  0.95525264703295421  0.97332482735115067  1.00000000000000000
 -0.02059615404620150  0.11053445594743791  0.14696371540266887  0.17033391473843057
  0.18760455871852072  0.20308224640365269  0.21835585509105451  0.23204899734877055
  0.24098425467802859  0.24949875002833810  0.25780214413296398  0.26706239232279871
  0.27595025238385296  0.28477927559042043  0.29387333432548085  0.30402684843340860
  0.31437376460458283  0.32386342579253896  0.33264007015862024  0.34079118068218311
  0.34822863402915033  0.35386044472892297  0.35729825067444937  0.36086114558601373
  0.36587720852807065  0.37131304439943397  0.37589211513925841  0.37954081074713303
  0.38275081470253020  0.38568166410927618  0.38864777717161947  0.39165485049588811
  0.39533415723622228  0.39926838413099103  0.40285906066958466  0.40626945310771656
  0.40959424880455558  0.41313520144332438  0.41640767302469739  0.42123766659583317
  0.42582086196256697  0.43113123406518611  0.43659819136290212  0.44257641578164381
  0.44878124673275366  0.45449951320554266  0.45977639303760143  0.46477049697267436
  0.46951831766079893  0.47373040560133534  0.47890534992245909  0.48558391353533048
  0.49333952674516696  0.50126683578918885  0.50937344295695985  0.51784234170668475
  0.52616134969505235  0.53217340814338032  0.53808265807922406  0.54407790411673307
  0.55056358369580949  0.55728215579493801  0.56316900219117927  0.56881327074400045
  0.57505839249047874  0.58184318473576813  0.58985642151834550  0.59813489938692244
  0.60641049325394591  0.61526793546483050  0.62249137335358207  0.62904648582939460
  0.63563825281766162  0.64245724516570080  0.65077950637091464  0.66094047854484750
  0.66888039887040529  0.67648391562814991  0.68400908537235949  0.69126979795170518
  0.70032224540065724  0.70929386188433696  0.71909784951787514  0.72860778566825879
  0.73825073843145861  0.74803820568240675  0.75650847419651490  0.76354966338083374
  0.77181358656656840  0.78150411026312772  0.79415994209758434  0.81442167038757385
  0.83621491161014205  0.86232051698077516  0.89932433523371336  1.00000000000000000
   7.5286742261393071E-013  -1.0000000000000000     
 F F F F F F F F F F F F F F F F F F F F F F F F F F F F F F F F F F F F F F F F F F F F F F F F F F F F F F F F F F F F F F F F F F F F F F F F F F F F F F F F F F F F F F F F F F F F F F F F F F F F F F F F F F F F F F F F F F F F F F F F F F F F F F F F
  <DiscreteSampler_grid>
  grouped_processes
  1 # 1 for a reference and 2 for a running grid.
  10 # Attribute 'min_bin_probing_points' of the grid.
  1 # Attribute 'grid_mode' of the grid. 1=='default',2=='initialization'
  0.0000000000000000 # Attribute 'small_contrib_threshold' of the grid.
  0.5000000000000000 # Attribute 'damping_power' of the grid.
 # binID   n_entries weight   weight_sqr   abs_weight
    22   10   1.276612994685539E-001   7.979386221782753E-002   1.276612994685539E-001
    23   10   1.276612994685539E-001   7.979386221782753E-002   1.276612994685539E-001
    25   10   2.182740448494960E-003   1.710257287309193E-005   2.182740448494960E-003
    26   10   2.182740448494960E-003   1.710257287309191E-005   2.182740448494960E-003
    34   10   3.962477704477659E-002   6.917484559854956E-003   3.962477704477659E-002
    35   10   3.962477704477657E-002   6.917484559854954E-003   3.962477704477657E-002
  </DiscreteSampler_grid>
