  0.00901550832125664  0.01969215290172555  0.03105722023087677  0.04332114728809668
  0.05554113197239254  0.06800754456223759  0.08049800037096987  0.09330019942105033
  0.10613596894238833  0.11833702555678130  0.12978515862725692  0.14087127904046168
  0.15152908763231998  0.16208036854021027  0.17217478529294200  0.18189520208914178
  0.19193850015611821  0.20313283786504790  0.21523570222230509  0.22714320337356214
  0.23887301115651149  0.25082031767437679  0.26319054007747372  0.27499421233443139
  0.28693970510103117  0.29870071842766649  0.31066834221829304  0.32246460348290490
  0.33415874678476226  0.34551561314405399  0.35657685743602763  0.36641413891584834
  0.37693006605117829  0.38570474667853055  0.39446928626347710  0.40401225397409740
  0.41481044754046581  0.42567508155791733  0.43555504766542297  0.44561106128337663
  0.45672738588439121  0.46814507677923711  0.47795355334798828  0.48764522229703622
  0.49604313636871350  0.50568946084566291  0.51475089889629533  0.52537048532290509
  0.53669671005246722  0.54709984336815021  0.55622326579649317  0.56628761056790688
  0.57657739431010058  0.58567683428126138  0.59432133445411151  0.60368847037499007
  0.61674603747665280  0.63042177756175499  0.64191910326172108  0.65383750208061575
  0.66536746722188012  0.67583092626563257  0.68590044033594055  0.69643584336886288
  0.70737200531029942  0.71818454790097852  0.72889022478286070  0.73860948551135475
  0.74880881071286798  0.75904280563163806  0.76935658369467674  0.77951751875832387
  0.78969411216568719  0.79990792260159393  0.81139356658578343  0.82185230205097670
  0.83200573045053605  0.84011846389288369  0.84790566677242851  0.85588245023283072
  0.86516493606064859  0.87377135187181998  0.88290734541106308  0.89273945957404399
  0.90423905207214039  0.91502630435607835  0.92416020922472675  0.93285868405700278
  0.94079237546980410  0.94925743325952572  0.95792956785494776  0.96747149279906774
  0.97799906305037598  0.98877127572660795  0.99143619462715782  1.00000000000000000
  0.00000318243351710  0.00000329748233019  0.00000341201287353  0.00000352946035380
  0.00000365844261310  0.00000380462051493  0.00000394376205197  0.00000408201007871
  0.00000422757921516  0.00000439633783785  0.00000457715761127  0.00000477709599335
  0.00000500178443736  0.00000523967626557  0.00000549971729519  0.00000578486703369
  0.00000607077005007  0.00000638881794206  0.00000671171159599  0.00000706815151937
  0.00000747007782611  0.00000786548370992  0.00000823791387647  0.00000860466215390
  0.00000896245049303  0.00000932560739982  0.00000972969271965  0.00001017105319543
  0.00001061417841893  0.00001121382292358  0.00001186898136848  0.00001262584079950
  0.00001349584949599  0.00001439000954974  0.00001526654816571  0.00001613925079638
  0.00001699902176364  0.00001781142690090  0.00001868860674111  0.00001961866993154
  0.00002060834900002  0.00002162329735345  0.00002268816693221  0.00002387012882326
  0.00002521731765527  0.00002664594642388  0.00002802321992208  0.00002937009042885
  0.00003074079730651  0.00003216461201723  0.00003374746113138  0.00003559433100099
  0.00003781880539584  0.00004025718564016  0.00004275441539579  0.00004525081057577
  0.00004776016837312  0.00005025395055720  0.00005317302192446  0.00005652560105253
  0.00006031799268729  0.00006428050454932  0.00006849663329463  0.00007296366073655
  0.00007781466475390  0.00008322243595752  0.00008896469906724  0.00009496102444880
  0.00010108965051945  0.00010766029508341  0.00011465210957825  0.00012240439883376
  0.00013144649656358  0.00014112239692625  0.00015113789978778  0.00016166625042120
  0.00017248719870137  0.00018515193840679  0.00020078201948122  0.00022034415536231
  0.00023700323242394  0.00025391333106766  0.00027371184635998  0.00030101233370646
  0.00034016530691651  0.00039036221198142  0.00045479141625573  0.00053390510727773
  0.00064290893129958  0.00078921936976652  0.00096184706209183  0.00121090106137668
  0.00168747825298370  0.00293516259814651  0.04440564695277271  1.00000000000000000
  0.00000247729279796  0.00000268027712660  0.00000292118314330  0.00000319075052693
  0.00000345647869649  0.00000374393236891  0.00000412443257395  0.00000448573021175
  0.00000481388005976  0.00000511587571022  0.00000545464467312  0.00000577890308968
  0.00000612215608805  0.00000646194458828  0.00000683320568933  0.00000724755681646
  0.00000769267057813  0.00000817098361186  0.00000865476725291  0.00000914895613096
  0.00000967202452263  0.00001022692912158  0.00001081563238066  0.00001143257759089
  0.00001206593370421  0.00001271101347441  0.00001337728107538  0.00001406941977269
  0.00001482400603687  0.00001566272100727  0.00001660046033361  0.00001754778847125
  0.00001841056711060  0.00001924140126517  0.00002004722360535  0.00002088795783450
  0.00002175898822786  0.00002262962330502  0.00002359245524039  0.00002460839280934
  0.00002565136536321  0.00002682865158865  0.00002821628344499  0.00002942220943189
  0.00003071727857817  0.00003204057087614  0.00003338853904243  0.00003486954060792
  0.00003636743431254  0.00003777039262406  0.00003921426789110  0.00004074174324142
  0.00004244553033199  0.00004468611174011  0.00004717464998307  0.00004996699825489
  0.00005297090592383  0.00005605689893870  0.00005921517642100  0.00006255164585075
  0.00006602733003031  0.00006965919221251  0.00007358827091328  0.00007762957596036
  0.00008180868610820  0.00008617038700268  0.00009073560921292  0.00009563516669901
  0.00010105845568552  0.00010748393497356  0.00011413407292217  0.00012022543188502
  0.00012694028955883  0.00013351069533889  0.00014188828471416  0.00015223845330856
  0.00016338779379045  0.00017450907017160  0.00018597769805097  0.00019812476086648
  0.00021114356582838  0.00022532019868792  0.00024174250965384  0.00026413343476069
  0.00029253017503539  0.00033444523037745  0.00038312876919341  0.00044238345905052
  0.00051918925946155  0.00062793791352487  0.00081277938775214  0.00115336119974356
  0.00167286196073435  0.00270367038938485  0.05886218895575426  1.00000000000000000
 -0.00368022349412451  0.01221934534487548  0.02371817608256221  0.03464430296420130
  0.04474498687403433  0.05436945250538036  0.06527054568793346  0.07678412698962105
  0.08826201568153016  0.09949449813206694  0.11050862143767996  0.12235310911184889
  0.13380570709107498  0.14486341384893286  0.15570206594915181  0.16592454608063112
  0.17578660931610660  0.18564779637549983  0.19542707527975922  0.20542091234252954
  0.21508310341208933  0.22505603584150582  0.23482756185720660  0.24479853602705057
  0.25562734403211884  0.26646165634220931  0.27590922991240652  0.28544558671897008
  0.29465197602410681  0.30390039872729002  0.31325584602442719  0.32192647503987953
  0.33108350152516819  0.33966014084208335  0.34872606983674920  0.35811538063705101
  0.36861820504683640  0.37930238544437000  0.39042646397951086  0.40115390637228376
  0.41143605573193798  0.42095707822936829  0.43083398870067496  0.44060549947100769
  0.44958703501702141  0.45822179639529081  0.46696799474289097  0.47642465457756095
  0.48511611089270829  0.49428631946282292  0.50416826423250072  0.51507356662563986
  0.52645177684341959  0.53714530131214888  0.54703481308315727  0.55619557414302101
  0.56581409251027581  0.57624109564758608  0.58682598550369824  0.59687668424663243
  0.60675600909411886  0.61651820809629432  0.62593543820555297  0.63507268830405983
  0.64499122163234690  0.65671879380997233  0.67008405627301537  0.68322004086469390
  0.69480097647773131  0.70567675924431927  0.71692592562837298  0.72855759850432134
  0.74078771585821901  0.75270810623500028  0.76302842692948436  0.77279884846017055
  0.78263648868925451  0.79497786747798904  0.80543893269255751  0.81527128860099063
  0.82487933555971849  0.83589619935985060  0.84715161486168922  0.85942066690952124
  0.87225844124702501  0.88466460773170486  0.89665167783327604  0.90861609420022083
  0.92100675814814914  0.93399697720550956  0.94621832497546088  0.95659183262284486
  0.96682194249426190  0.97723762109279555  0.98767366934480949  1.00000000000000000
 -0.00274593494523076  0.01076675355503869  0.02186438024413901  0.03298744626282219
  0.04401313819065495  0.05524150720353589  0.06727268927825986  0.07928155550807875
  0.09156337911052589  0.10367544950783621  0.11564790189935710  0.12765591063434684
  0.13889934626903447  0.14912034738481042  0.15852264811243030  0.16793876878033406
  0.17707219894360951  0.18624629331119485  0.19456055559509944  0.20335603608555985
  0.21290080791497307  0.22370912746905469  0.23333161880629205  0.24200810269946205
  0.25023661688273180  0.25893946566510878  0.26844238322063352  0.27764942946400145
  0.28765093129027192  0.29802290960550692  0.30904604991488915  0.32016274712725046
  0.33053481637588739  0.34012661606441075  0.34963007192042100  0.35939550769336259
  0.37032035341801051  0.38154918145198025  0.39221937356854647  0.40220443577339382
  0.41210633325603413  0.42256766506084192  0.43327466986221885  0.44369135300692342
  0.45339946505531969  0.46403989134994134  0.47417803605797521  0.48350788385393728
  0.49171545485812745  0.49996538253444317  0.50914802131258652  0.51925284858281395
  0.53131386642623435  0.54236104542932484  0.55150625395758190  0.56020245645808175
  0.56914148411877752  0.57884838594973520  0.58946495354025763  0.59934415332950475
  0.60910811832970546  0.61871713741375511  0.62905848006200793  0.64011398839704425
  0.65172725668014586  0.66372275436798933  0.67494440488157548  0.68665914681520646
  0.69871771244965797  0.71038086909894604  0.72163444018289957  0.73230884804623575
  0.74291526358870030  0.75285442110528056  0.76358243973588191  0.77444267724931415
  0.78455969171859474  0.79464369558811343  0.80509710830988579  0.81687791241208429
  0.82957307013770099  0.84150316773160494  0.85245823146929711  0.86276141271357121
  0.87290312087157640  0.88384525912576928  0.89498663245778798  0.90535733892656678
  0.91564828343934401  0.92650456638156020  0.93932537595239951  0.95300898943517676
  0.96684544294204955  0.97874291088711884  0.98984725710254340  1.00000000000000000
 -0.00239692656076053  0.00990354206432517  0.01950354281226374  0.02891247905530468
  0.03794503195205642  0.04650494200836156  0.05673796216568214  0.06609169728569314
  0.07652361847058020  0.08566276624502912  0.09451368223106886  0.10320764384678681
  0.11356311497046445  0.12313749587725588  0.13325975753870289  0.14395859978086437
  0.15514810733102444  0.16623198906857542  0.17621022202053241  0.18556035145081051
  0.19527476863449461  0.20474791366378983  0.21493585465563003  0.22438476195351970
  0.23440553808210368  0.24492209991798969  0.25658851570672153  0.26872154686057709
  0.28116150745177299  0.29310022355220045  0.30552550024920533  0.31744069340886094
  0.33136582533524517  0.34522408477443878  0.35779975386890905  0.36797559115589373
  0.37715198374088627  0.38618912079581008  0.39572493242102208  0.40519595350911619
  0.41432073213177656  0.42414269662463361  0.43524950760433606  0.44710442659831978
  0.45861419869769027  0.46960679882333745  0.48093176393975290  0.49308899144074320
  0.50559284838382823  0.51694807665226528  0.52776966664188252  0.53880799932672763
  0.55060126003343046  0.56285661918584318  0.57333126018743796  0.58330573466550917
  0.59328430882537908  0.60322805743671137  0.61347722440673236  0.62416424652159841
  0.63582843374447884  0.64901445669523794  0.66002143124644197  0.66881563157756396
  0.67813792250518434  0.68834104826324227  0.69909517914434871  0.70947479525444346
  0.71983552154995811  0.72950002480689857  0.73912347392056932  0.74820620510382940
  0.75883700856653813  0.76986037057672163  0.78162312019964653  0.79298512522224118
  0.80456076721205616  0.81642129555750220  0.82768612435472011  0.83861796170735003
  0.84867132907849741  0.85855247829618686  0.86875836791685757  0.88008501885159163
  0.89246101522744525  0.90412397345871376  0.91339377614236195  0.92320591877342717
  0.93280441647308576  0.94375817106380566  0.95422840632370876  0.96457499283269954
  0.97419533247688628  0.98313535978223798  0.99152465822000724  1.00000000000000000
 -0.00000128591062412  0.00019075735201732  0.00042779148894203  0.00070315784226596
  0.00087367895213454  0.00105024471017073  0.00123236741601774  0.00141916855771912
  0.00160134014084876  0.00178365437465249  0.00196780489169910  0.00215760575677095
  0.00236303544461440  0.00257230941493001  0.00278749103071413  0.00300781581623012
  0.00322665759977257  0.00345724767362209  0.00367923544748396  0.00390004072001168
  0.00411987445442739  0.00433891338551208  0.00455965429494514  0.00479386870439721
  0.00502097088449128  0.00526270556823280  0.00548868755680102  0.00570903397248255
  0.00593037184045760  0.00615187619939286  0.00640143824346687  0.00664636623422935
  0.00687488852113822  0.00709307300904832  0.00730833247090073  0.00752916712404039
  0.00775255039102512  0.00797709769722276  0.00820297414409324  0.00843220938616379
  0.00868631850567979  0.00891467636677257  0.00914390262976851  0.00936295420285592
  0.00956482377947881  0.00976001921345798  0.00996033180760348  0.01018077260178958
  0.01043063875856775  0.01070003813427297  0.01097912268207547  0.01126601314353364
  0.01154769362802780  0.01183168131003033  0.01210494491581060  0.01241563905637041
  0.01276730779169634  0.01311976755726014  0.01351257489995826  0.01386233376680542
  0.01426994721683076  0.01473781603746303  0.01518854555845909  0.01565180103398514
  0.01614133920135700  0.01660833277283849  0.01706403697925280  0.01756536620270719
  0.01808221637587961  0.01882094121094481  0.01932709172153454  0.01976506458385322
  0.02021525883663077  0.02073408322138982  0.02135966128109447  0.02204420930289207
  0.02289709556331074  0.02369077332000949  0.02463408007957988  0.02557311789318693
  0.02631565299512561  0.02707767507993331  0.02818328518529479  0.02922718592075687
  0.03020686823798995  0.03134383788754208  0.03323387698583935  0.03491524931749742
  0.03686125283061845  0.03969774664845328  0.04231269579771004  0.04667312683432091
  0.05007643712799288  0.05831855560783052  0.16836062549030031  1.00000000000000000
 -0.00233890750417874  0.00845764704128554  0.01836897252487925  0.02907609312974768
  0.04012997208911800  0.05105369648208279  0.06195070990148685  0.07256986161821286
  0.08300956651931930  0.09315514750554019  0.10273197762150565  0.11217587831987320
  0.12149658854980909  0.13122302729754839  0.14209169481464837  0.15309013711770728
  0.16363706310942314  0.17360460966805485  0.18321168618899655  0.19274162010413753
  0.20240858771696685  0.21246168060152976  0.22324985228943584  0.23466408880415013
  0.24620785595075134  0.25686792866310992  0.26694633058921508  0.27707082721944504
  0.28692895270495883  0.29658047282977074  0.30643959075243993  0.31768632275892073
  0.33035177950257283  0.34197623284099149  0.35290165941264856  0.36387534003672711
  0.37420893547082451  0.38418864935588959  0.39426579642763432  0.40591988985377936
  0.41812013991253522  0.43137125530843695  0.44316801496063540  0.45532098780704311
  0.46603695639995385  0.47707646465927711  0.48790066749913136  0.49857078986506143
  0.50981465558876637  0.52217645269886714  0.53536921256382275  0.54741605425176654
  0.55753978096692902  0.56702804548759467  0.57634096939408197  0.58674750368358253
  0.59824041211335044  0.61161543387462747  0.62542205405208029  0.63953018507838189
  0.65247837309432477  0.66540967732201151  0.67703439042237235  0.68857765866978338
  0.69773487998620609  0.70865695148414232  0.71957039044586446  0.73043697235543426
  0.73972105479011740  0.74777208965326458  0.75641242260445951  0.76604652832751652
  0.77656730522660267  0.78677833499616123  0.79677203382801898  0.80658463312488038
  0.81785757335303977  0.82949661597447699  0.84068503848636211  0.85098906123108253
  0.86106389632756286  0.87230141260960192  0.88266881588056478  0.89152063561006156
  0.89893465142954743  0.90542305933880718  0.91260575466027527  0.92120031229097410
  0.93065081910551328  0.93930845347578018  0.94699876507478964  0.95494744686675515
  0.96480690538814595  0.97662990594590560  0.98860732670976037  1.00000000000000000
  0.08140679747083207  0.18220257605181012  0.24856770489982821  0.30055499233965910
  0.34516275303437205  0.38657448976269487  0.42142648350816092  0.45098410174494630
  0.47892984497707436  0.50467576620183408  0.52672728942057312  0.54640685096809749
  0.56497549909253786  0.58251673426141326  0.59928630926147031  0.61542105572187322
  0.63083960569919673  0.64489028954739147  0.65787718746828849  0.67060885029195738
  0.68319213037650695  0.69474436016112884  0.70565709987693592  0.71581183671996840
  0.72550896624502914  0.73446094356943115  0.74292047299013197  0.75143215140410824
  0.75925117370363571  0.76661852728345459  0.77379140872656926  0.78077780814533648
  0.78754651331824754  0.79359900103014136  0.79910329610785125  0.80498646559132170
  0.81100923354091936  0.81712294820218800  0.82277761226191304  0.82797932475045144
  0.83331157420945512  0.83838772030183428  0.84385633954905903  0.84949247317887855
  0.85464115461778078  0.85940098990769842  0.86398612899691085  0.86865158338125292
  0.87359493842996294  0.87753675313713275  0.88138031105826731  0.88517943469018212
  0.88879092289514794  0.89325435814294163  0.89751756826723383  0.90132683412403392
  0.90468075499570444  0.90780896960994828  0.91079321297776028  0.91369659506019818
  0.91684013545586363  0.92020581205906660  0.92357888891036777  0.92669509107955006
  0.92964983293035675  0.93258300533474237  0.93548040238606822  0.93820139183334361
  0.94088113882756685  0.94349320496687561  0.94608442876170173  0.94869894650452458
  0.95131569214688472  0.95379142073209999  0.95615556399177404  0.95814570035993030
  0.96026804828520440  0.96242725346464253  0.96464198472998297  0.96684349405333547
  0.96895652042291425  0.97098149125241906  0.97296417479390995  0.97479369205317135
  0.97667761159824251  0.97859671324462394  0.98053645198330619  0.98252319376949693
  0.98447972732485245  0.98650939053014108  0.98871455574409661  0.99093011495184347
  0.99314400063936270  0.99541068514654318  0.99772616922215585  1.00000000000000000
 -0.01657194891568413  0.11090289115761974  0.15355781852613931  0.17695833277645220
  0.19558446464225090  0.21114200819151427  0.22544834461725621  0.23735436190739195
  0.24844302682249902  0.25842764435533411  0.26868529025936588  0.27838008334796738
  0.28825408636396954  0.29738422636862893  0.30567336748801316  0.31368090784282010
  0.32183791081577390  0.33009864479708989  0.33798418614732834  0.34545880020778891
  0.35271461159972090  0.35990546670794910  0.36748818853270715  0.37479321319342923
  0.38196385501301039  0.38920252904865948  0.39644972302040632  0.40372701138928418
  0.41085690919997270  0.41691745829552357  0.42299185237568410  0.42895152082404459
  0.43589314432511778  0.44238168564321156  0.44846549657904716  0.45409094667953426
  0.45970519786133374  0.46536482599797885  0.47080970811859513  0.47663950073993644
  0.48259557758038324  0.48905735062491795  0.49578281380584560  0.50220544384335197
  0.50811748923836297  0.51391959755036143  0.51933433820968089  0.52421652133692276
  0.52903326612116752  0.53427746215721861  0.53992038506635764  0.54559491481763533
  0.55088757912247499  0.55615936319869763  0.56123161656659526  0.56759768130543631
  0.57381994903082811  0.57957734572269870  0.58476920189677728  0.58981038957749088
  0.59456222603502673  0.59939911765292142  0.60413837480427157  0.60982495810245951
  0.61581251463241449  0.62195057687505384  0.62829131999355781  0.63471083297918862
  0.64076266222632505  0.64630772948902571  0.65174555128664413  0.65750157247725050
  0.66377895621626970  0.67046395117848401  0.67714824479822744  0.68343455443555368
  0.69029935427257416  0.69765913385240208  0.70597096157259376  0.71337947985117189
  0.72069230453869937  0.72735771431883367  0.73453803372437132  0.74214788367827045
  0.75014886721515583  0.75814677336593483  0.76609322379571632  0.77496061695590690
  0.78735472263733297  0.80207112529345181  0.81778957038351408  0.83465826714654978
  0.85395619339240136  0.87694272944969653  0.91500361142675368  1.00000000000000000
   3.5015556251636275E-008  -1.0000000000000000     
 F F F F F F F F F F F F F F F F F F F F F F F F F F F F F F F F F F F F F F F F F F F F F F F F F F F F F F F F F F F F F F F F F F F F F F F F F F F F F F F F F F F F F F F F F F F F F F F F F F F F F F F F F F F F F F F F F F F F F F F F F F F F F F F F
  <DiscreteSampler_grid>
  grouped_processes
  1 # 1 for a reference and 2 for a running grid.
  10 # Attribute 'min_bin_probing_points' of the grid.
  1 # Attribute 'grid_mode' of the grid. 1=='default',2=='initialization'
  0.0000000000000000 # Attribute 'small_contrib_threshold' of the grid.
  0.5000000000000000 # Attribute 'damping_power' of the grid.
 # binID   n_entries weight   weight_sqr   abs_weight
    79   10   1.135240313920617E+003   4.286453316997411E+006   1.135240313920617E+003
    80   10   1.135240313920613E+003   4.286453316997384E+006   1.135240313920613E+003
    82   10   6.066519392629066E+001   1.224057075175496E+004   6.066519392629066E+001
    83   10   6.066519392629050E+001   1.224057075175489E+004   6.066519392629050E+001
    85   10   2.124398665759580E+004   1.501047819699406E+009   2.124398665759580E+004
    86   10   2.124398665759575E+004   1.501047819699399E+009   2.124398665759575E+004
    88   10   1.135240313920617E+003   4.286453316997412E+006   1.135240313920617E+003
    89   10   1.135240313920614E+003   4.286453316997385E+006   1.135240313920614E+003
  </DiscreteSampler_grid>
