  0.00000319962392565  0.00000365428201774  0.00000394058818253  0.00000422454118223
  0.00000452340604165  0.00000480622931585  0.00000513775495378  0.00000547901228780
  0.00000585395580418  0.00000626476197799  0.00000663726298378  0.00000704585061213
  0.00000749670432219  0.00000808329732733  0.00000871402057670  0.00000935617062031
  0.00000992740418469  0.00001048272823279  0.00001103287467005  0.00001165824806508
  0.00001231343174970  0.00001304407975785  0.00001375851346242  0.00001454918743280
  0.00001549713794738  0.00001652965570799  0.00001762599409493  0.00001889445439299
  0.00002032798467317  0.00002180107148325  0.00002318561720557  0.00002445837057685
  0.00002574181850158  0.00002718921160156  0.00002890421188739  0.00003068753306427
  0.00003231980648883  0.00003409137892658  0.00003587531629382  0.00003778624752076
  0.00003958413522133  0.00004136379010691  0.00004318106098713  0.00004502169797049
  0.00004735837680393  0.00004961855513695  0.00005191979172794  0.00005436090321075
  0.00005670535470565  0.00005934517385269  0.00006190074647187  0.00006466843955270
  0.00006785541402954  0.00007155745306518  0.00007606499997512  0.00008150172056530
  0.00008723193523042  0.00009287678596679  0.00009833170487270  0.00010316927219491
  0.00010830737220516  0.00011320830827626  0.00011700789436071  0.00012047617200615
  0.00012432246370927  0.00012847589047143  0.00013368985267434  0.00013853769753441
  0.00014370741064723  0.00014996224673268  0.00015840979484443  0.00017065925787675
  0.00018441081733259  0.00019921679181059  0.00021665021846891  0.00023468094773136
  0.00025391082502897  0.00027540845417905  0.00029987095806236  0.00032819944402044
  0.00036153141403120  0.00039762675783673  0.00044912887671529  0.00051123775797136
  0.00057550346646495  0.00064358696450214  0.00072015358801619  0.00082187430353445
  0.00098130590817589  0.00120350414006063  0.00148899400232415  0.00197922925012346
  0.00291665150837589  0.00496155134873869  0.02264694236276868  1.00000000000000000
  0.00000235554929927  0.00000269534221826  0.00000293239186812  0.00000316397015791
  0.00000344827597049  0.00000379575019502  0.00000417466623072  0.00000460703926850
  0.00000506554854660  0.00000551571725071  0.00000600279740931  0.00000650125979968
  0.00000695729042331  0.00000739023772287  0.00000789199335678  0.00000853574439855
  0.00000926409947663  0.00001002129808984  0.00001077482841605  0.00001158295344852
  0.00001246544583947  0.00001348661218454  0.00001464611071352  0.00001581259543887
  0.00001702027859062  0.00001833457143526  0.00001952428612816  0.00002075724028710
  0.00002188564629818  0.00002298231105446  0.00002417181073408  0.00002540830707588
  0.00002658451019125  0.00002819069520100  0.00003023069071501  0.00003244093637241
  0.00003461999436640  0.00003676309217583  0.00003891618925734  0.00004117684687899
  0.00004376122875085  0.00004607492343436  0.00004855305764856  0.00005081600337220
  0.00005303705692513  0.00005550222383406  0.00005811729076769  0.00006080401711017
  0.00006352723234918  0.00006641644634064  0.00006949707158882  0.00007335218163311
  0.00007677316420733  0.00008045601544738  0.00008405249911137  0.00008816518087411
  0.00009310375846567  0.00009870084806866  0.00010453908846583  0.00011096968958384
  0.00011844864404094  0.00012502513197283  0.00013175786878866  0.00013799883424824
  0.00014351545522052  0.00014942899425680  0.00015526277881333  0.00016088917696338
  0.00016851771822400  0.00017752598756073  0.00018796093524400  0.00020412556831901
  0.00022345023603592  0.00023848126588061  0.00025069341483942  0.00026290297109642
  0.00027534992074237  0.00028889005606036  0.00030965872770009  0.00033783450305289
  0.00037186082675458  0.00040325261779040  0.00042882695537644  0.00044904802369307
  0.00047563035162716  0.00051729372364849  0.00060042204150007  0.00067536230070264
  0.00074981723846845  0.00084956083410676  0.00100504312771913  0.00131072549521180
  0.00176411809900587  0.00243156361515026  0.04444342903750084  1.00000000000000000
 -0.00152670724957945  0.00643705071078937  0.01403617588945126  0.02377219765721129
  0.03516952509435234  0.04538682168795262  0.05434103202158376  0.06293329599130430
  0.07285671002048148  0.08546960046234690  0.09883353900465951  0.11161830045328802
  0.12408688936255810  0.13660665492479843  0.15057521989488618  0.16387423833015949
  0.17778704196481460  0.19154768329381744  0.20495779587570115  0.21881154646405812
  0.23172382024151919  0.24324534297188205  0.25312320009341704  0.26058223753531767
  0.26717385839178842  0.27431798449369704  0.28121770381647931  0.28906567173071140
  0.29971693460303145  0.31313956630033735  0.32719177642568725  0.34049613014291591
  0.35365211771067240  0.36416488561922289  0.37464238896716034  0.38502004190432448
  0.39719044686755028  0.41264937602381047  0.42578758828019364  0.43621519959342131
  0.44483679654616876  0.45232549826802709  0.45935534665423750  0.46567712668318112
  0.47363393674407206  0.48186902876563281  0.48814745553875483  0.49473083901758785
  0.50626113162313868  0.51950703391018471  0.53123643489809091  0.54218041807823214
  0.55434914504357335  0.56600701704541490  0.57864752986706114  0.59006793835115090
  0.59976810335959052  0.60917260638779391  0.61845303583969868  0.62876024885914983
  0.64038589050828687  0.65111851336086501  0.66024471215422087  0.66796103145894770
  0.67575358875324043  0.68487073822475064  0.69413127077788261  0.70266169433946379
  0.71067217964113760  0.72087649114337038  0.73134757701326059  0.74365137956131633
  0.75368383069649936  0.76272730465860572  0.77134396472548095  0.78076428728332692
  0.79140989393653449  0.80240334689149651  0.81338773945163956  0.82371919188210685
  0.83397390458911169  0.84475019310342192  0.85568090996906232  0.86668281598401953
  0.87935154769635548  0.89326986546821197  0.90682442493050341  0.91983261614147571
  0.93175989496548495  0.94321008558575203  0.95305350100899267  0.96253759699771435
  0.97214592344495609  0.98198908676109509  0.99085869550138939  1.00000000000000000
 -0.00005408424467806  0.00048462235049681  0.00091781944218037  0.00124637772462623
  0.00151005008296097  0.00178525578639064  0.00206955136581770  0.00236014074117181
  0.00264166600778757  0.00291980019427528  0.00318953712161085  0.00344782839200863
  0.00372037852046060  0.00400554973212779  0.00429944294081154  0.00460274467559458
  0.00487548345984619  0.00514190729700122  0.00541262200299541  0.00569044312754746
  0.00596400862471582  0.00623312432650589  0.00649533646810403  0.00675227624878592
  0.00701196255457180  0.00728877319366705  0.00756564490448384  0.00785261303598865
  0.00815406571395052  0.00845325953270202  0.00876272097418756  0.00906814241686437
  0.00935436039527679  0.00959989421271880  0.00984620470525820  0.01010146251581978
  0.01037715720256876  0.01066943428909150  0.01098191287571648  0.01131401775127478
  0.01161833890056565  0.01191214698695338  0.01223683091334132  0.01265034915352193
  0.01308208268281293  0.01348600692630219  0.01389210824835041  0.01429794639755479
  0.01474260060827689  0.01518863220176407  0.01560714246540815  0.01603563452866025
  0.01651350097596280  0.01701067390730129  0.01750534342830004  0.01799136702166568
  0.01854899139655511  0.01911682592919896  0.01972678611043245  0.02025438940511083
  0.02087200151374329  0.02149941356771792  0.02213174277719989  0.02284074372890909
  0.02361205259475370  0.02439933842663448  0.02519597092419748  0.02618202684409779
  0.02682561244618654  0.02721691819353866  0.02748111685972795  0.02774462941889586
  0.02820576990648084  0.02885979399134967  0.02962491488227264  0.03021593174909433
  0.03066510186356112  0.03115439551502183  0.03174210580014483  0.03265149733293248
  0.03353892415875234  0.03450018923434352  0.03537863151849253  0.03647425450755626
  0.03722048809695982  0.03921121781522670  0.03989063203801154  0.04070641864289958
  0.04157712575414787  0.04296532981834734  0.04594508596862396  0.04775090461882567
  0.05230376884989898  0.05689233953263766  0.06506528846081082  1.00000000000000000
 -0.00275815690848733  0.01175789452258047  0.02317603936479425  0.03373166783595924
  0.04436259154496533  0.05629025229618074  0.06902729339286781  0.08126379975193380
  0.09193867864513901  0.10139210550244011  0.11243857585866517  0.12399395804563715
  0.13572637990385639  0.14382976712049966  0.15266848163346594  0.16230702209371101
  0.17561105654614168  0.18906248724482771  0.20253312149084915  0.21604838975404553
  0.22915764159688073  0.24162526239810359  0.25396813523777978  0.26484630701932887
  0.27564939118576937  0.28657594803876585  0.29746382311167474  0.30730853095909627
  0.31626112707671356  0.32523553095553093  0.33124538144186877  0.33973995358347447
  0.34831271398172864  0.35616776687883728  0.36671359269598636  0.37808946717681252
  0.39229009421661892  0.40642203783401332  0.41694434762315785  0.42713337543868424
  0.43775658303948484  0.44913389260859737  0.46273925293894680  0.47566369084804322
  0.48812739220547563  0.50053207465699801  0.51427355795530083  0.52867974667276552
  0.54118438750549136  0.55379453471760376  0.56809165404456563  0.57899130898305917
  0.58839224937852552  0.59778235916356193  0.60858516208780533  0.62217326751666158
  0.63563621943895354  0.64716419606681042  0.65491643113763254  0.66238418105508434
  0.66999309076397828  0.67729925890799658  0.68530582761220948  0.69537530957501559
  0.70396825095245430  0.71257309861264317  0.72122988420392764  0.72997069701067019
  0.73975809394050696  0.74878232227952801  0.75699662996719930  0.76536847728361224
  0.77264286594846199  0.78309899843956909  0.79547118979309084  0.80784405379393909
  0.82043598083421343  0.83197705216076967  0.84463207454804468  0.85743989497760009
  0.86935014426260027  0.88042261609746386  0.89234377263218734  0.90228194655820448
  0.91028702424018337  0.91737444745911667  0.92461039302627035  0.93175435435135756
  0.93920004205703589  0.94605768048571626  0.95298281281883868  0.96130300406114866
  0.97069752858668901  0.98052358051671951  0.99045587056890294  1.00000000000000000
  0.05006705659701384  0.21731312894563226  0.28138393191702571  0.33000957924682778
  0.36574671512659807  0.38510880608986858  0.39844718247905242  0.41026661621399296
  0.42173668857469615  0.43223936506938904  0.43694527272530814  0.44171951775895013
  0.44738353644071815  0.45475401537351567  0.46192173260881192  0.47078498497736687
  0.48332607511382203  0.49502030243369655  0.50579948092461391  0.51630664050520214
  0.52674268109624711  0.53654302519140229  0.54443327679521336  0.55098442033522543
  0.55684009848839255  0.56226389772739960  0.56797488383544426  0.57398759244107489
  0.58173367833457368  0.59383466589434797  0.60481456512845733  0.61703586878054584
  0.62716210446852028  0.63817140331753242  0.64925465211116129  0.66066359072289316
  0.67362014295907746  0.68514865873506037  0.69571355125107637  0.70615915308786537
  0.71954056036721437  0.72951037284981213  0.73445885874202521  0.73781322020298845
  0.74117642241312442  0.74490936810612762  0.75177559071404254  0.76207640872390547
  0.77230945314786303  0.78258053668618510  0.79452672242729028  0.80638239548831814
  0.81471514379856302  0.82176263489863088  0.82854512635732525  0.83492222469061483
  0.84161441045358898  0.84874809238400895  0.85581460474970006  0.86293249422199092
  0.87096733132286019  0.87849674405781764  0.88527336268761037  0.89156067380255133
  0.89746046992671191  0.90323188927822085  0.90913327891416262  0.91524740301423568
  0.92128496828777318  0.92682572724012835  0.93188240618473595  0.93642556125336718
  0.94046077323742738  0.94410210242014270  0.94761810673502844  0.95123571980229749
  0.95504421083591817  0.95892391098905150  0.96268787161147518  0.96632990126350371
  0.96979176619726482  0.97263973855837549  0.97531186862495522  0.97784071918142335
  0.98019683199945251  0.98230477811637484  0.98423473128098515  0.98608757999153596
  0.98789112250360345  0.98968516078972213  0.99145025001713638  0.99317557931525879
  0.99480108161413872  0.99645445577335012  0.99816567893842112  1.00000000000000000
 -0.01698109400501027  0.10913619064416437  0.15132410749668115  0.17417230638494796
  0.19364529647228126  0.21439388180590774  0.22994411089668249  0.24266066484160725
  0.25304732659241391  0.26267306727185680  0.27181690088952221  0.28333068448848375
  0.29541331536648152  0.31030979388009716  0.32465324297194903  0.33780806776984051
  0.35048889387777160  0.36100676139656546  0.36961499879187465  0.37762914583389318
  0.38608514527224663  0.39518879927361472  0.40453401286395579  0.41366386439770886
  0.42277816819920111  0.43177841814782997  0.44046851111520391  0.44873285898192450
  0.45664066603590558  0.46628481761501955  0.47535392809134208  0.48432271605838473
  0.49267720937071252  0.50010774188008966  0.50764478491043519  0.51485944360973135
  0.52140109600999784  0.52730724908249560  0.53280707633554969  0.53816019859085840
  0.54426336457012059  0.55129532323385055  0.55842691622835228  0.56528690923629876
  0.57213374016289198  0.57912629578700014  0.58607014119882561  0.59235094866080540
  0.59827129441450944  0.60409473931844482  0.61029509284698624  0.61731476655120598
  0.62491151181328664  0.63174338301030264  0.63789617833434187  0.64382112452579532
  0.65000157859078378  0.65737728897883618  0.66485759516487630  0.67131072502737110
  0.67657654273997925  0.68189124702595438  0.68755803374617630  0.69375366256598570
  0.70023464098266885  0.70673657173856086  0.71318542035549171  0.71980742308770906
  0.72636677827007168  0.73354987197133104  0.74175776342907029  0.74888879404502728
  0.75380618616709361  0.75900403428365548  0.76407518818882514  0.76998391209296824
  0.77679364614634006  0.78558420264267115  0.79204371554017072  0.79749143448126159
  0.80163151441565861  0.80565210321012781  0.81059204013694242  0.81550269423234245
  0.82034053913514648  0.82644348289298775  0.83360238350825155  0.84110826112478188
  0.84965717520390283  0.86205213547274362  0.87322158280718043  0.88591924043173575
  0.89988062924989176  0.91542772282618312  0.93639376487889248  1.00000000000000000
   1.3640998540205381E-005  -1.0000000000000000     
 F F F F F F F F F F F F F F F F F F F F F F F F F F F F F F F F
  <DiscreteSampler_grid>
  grouped_processes
  1 # 1 for a reference and 2 for a running grid.
  10 # Attribute 'min_bin_probing_points' of the grid.
  1 # Attribute 'grid_mode' of the grid. 1=='default',2=='initialization'
  0.0000000000000000 # Attribute 'small_contrib_threshold' of the grid.
  0.5000000000000000 # Attribute 'damping_power' of the grid.
 # binID   n_entries weight   weight_sqr   abs_weight
    109   10   1.975744173664474E+003   2.080677318453006E+007   1.975744173664474E+003
    112   10   5.036585674758510E+003   1.367091245539525E+008   5.036585674758510E+003
    113   10   5.036585674758337E+003   1.367091245539499E+008   5.036585674758337E+003
    115   10   5.045709990915187E+003   1.370048749594992E+008   5.045709990915187E+003
    116   10   5.045709990915014E+003   1.370048749594964E+008   5.045709990915014E+003
    118   10   3.978083486480963E+003   8.220916291010036E+007   3.978083486480963E+003
    119   10   3.978083486480827E+003   8.220916291009867E+007   3.978083486480827E+003
    127   10   5.214942216052450E+003   1.346736900997418E+008   5.214942216052450E+003
    128   10   5.214942216052275E+003   1.346736900997391E+008   5.214942216052275E+003
    130   10   5.021725337324197E+003   1.345936374045951E+008   5.021725337324197E+003
    131   10   5.021725337324022E+003   1.345936374045924E+008   5.021725337324022E+003
    133   10   3.257555804673297E+003   5.658594733331920E+007   3.257555804673297E+003
    136   10   5.214942216052451E+003   1.346736900997419E+008   5.214942216052451E+003
    137   10   5.214942216052275E+003   1.346736900997391E+008   5.214942216052275E+003
    142   10   6.555048321380824E+003   2.212615658684122E+008   6.555048321380824E+003
    143   10   6.555048321380600E+003   2.212615658684078E+008   6.555048321380600E+003
    145   10   5.021725337324197E+003   1.345936374045952E+008   5.021725337324197E+003
    146   10   5.021725337324021E+003   1.345936374045924E+008   5.021725337324021E+003
    151   10   1.975744173664474E+003   2.080677318453006E+007   1.975744173664474E+003
    154   10   5.036585674758510E+003   1.367091245539525E+008   5.036585674758510E+003
    155   10   5.036585674758336E+003   1.367091245539499E+008   5.036585674758336E+003
    157   10   5.045709990915187E+003   1.370048749594992E+008   5.045709990915187E+003
    158   10   5.045709990915013E+003   1.370048749594964E+008   5.045709990915013E+003
    160   10   3.257555804673297E+003   5.658594733331921E+007   3.257555804673297E+003
    181   10   6.480714663864899E+003   2.260217903203192E+008   6.480714663864899E+003
    182   10   6.480714663864676E+003   2.260217903203148E+008   6.480714663864676E+003
    193   10   6.436533749701601E+003   2.206896168918587E+008   6.436533749701601E+003
    194   10   6.436533749701381E+003   2.206896168918544E+008   6.436533749701381E+003
    208   10   6.480714663864900E+003   2.260217903203194E+008   6.480714663864900E+003
    209   10   6.480714663864676E+003   2.260217903203148E+008   6.480714663864676E+003
    214   10   1.975744173664474E+003   2.080677318453006E+007   1.975744173664474E+003
    238   10   3.257555804673297E+003   5.658594733331920E+007   3.257555804673297E+003
    256   10   1.975744173664474E+003   2.080677318453006E+007   1.975744173664474E+003
    265   10   3.257555804673297E+003   5.658594733331920E+007   3.257555804673297E+003
  </DiscreteSampler_grid>
