-0.0026661301880769 +0.0111914633707540 +0.0212324474494437 +0.0314090351424741 
+0.0417285625412148 +0.0518877192666139 +0.0620738886288309 +0.0721819964221226 
+0.0823270493404737 +0.0923075889631153 +0.1021560527640394 +0.1120065887535325 
+0.1220212214174529 +0.1321517167500073 +0.1426323503666350 +0.1531519970065525 
+0.1636260041814965 +0.1740097754540178 +0.1842624307080340 +0.1943517218922248 
+0.2041984938293846 +0.2142202549189969 +0.2242038986366134 +0.2342365100714785 
+0.2444579363601741 +0.2549950660557193 +0.2657020688789735 +0.2761917310328127 
+0.2865933124021442 +0.2969607426191437 +0.3074357613547249 +0.3181264379293408 
+0.3291352994076417 +0.3401388628309127 +0.3511551723375266 +0.3618185545648078 
+0.3723978375056219 +0.3828624290581616 +0.3933700274681160 +0.4039831330109280 
+0.4147297564223771 +0.4257398626835259 +0.4369752779690373 +0.4481851212699572 
+0.4592350148112316 +0.4701745255897289 +0.4809621754763181 +0.4917820956404358 
+0.5025713943927270 +0.5133117802229544 +0.5239324124025386 +0.5342992159181877 
+0.5446144638441098 +0.5548241775675808 +0.5650443646524216 +0.5752029199264959 
+0.5852722052767513 +0.5954710403096009 +0.6058330327755813 +0.6164671182739010 
+0.6272351778745234 +0.6378240245797450 +0.6483623150035766 +0.6586550201929290 
+0.6690067855092480 +0.6793531490966144 +0.6898646460789561 +0.7003603065198687 
+0.7108652129121305 +0.7211681848366590 +0.7316183588830119 +0.7420420749464978 
+0.7524433582547968 +0.7629479153164781 +0.7736822466063747 +0.7849100059892627 
+0.7961853170715187 +0.8074077956391941 +0.8185025578533988 +0.8295897683402800 
+0.8406155263737365 +0.8516829964706296 +0.8624637769842964 +0.8732377798378187 
+0.8837020759503534 +0.8940288722564502 +0.9041680826601999 +0.9142578169729978 
+0.9243769467948258 +0.9344886048160429 +0.9449098523636525 +0.9556168272460099 
+0.9665935519758464 +0.9776090383581933 +0.9888715229869581 +1.0000000000000000 
-0.0150394556033401 +0.0956675871029870 +0.1299639377656791 +0.1515061981876884 
+0.1694249268254407 +0.1848490283777033 +0.1987044343057849 +0.2113750488498390 
+0.2231375423936114 +0.2341620099502765 +0.2445514292776640 +0.2544351515247862 
+0.2638617390433910 +0.2729405351414989 +0.2816107386275972 +0.2900594195554655 
+0.2982149996766754 +0.3061576476153571 +0.3139180587713333 +0.3214237605717865 
+0.3288202789401692 +0.3360302053635647 +0.3430911869077347 +0.3500595231428158 
+0.3569001581321380 +0.3636220513695594 +0.3702624636795643 +0.3768165369514485 
+0.3832756944958483 +0.3896654437717784 +0.3960004720316995 +0.4022418215950342 
+0.4084336911817663 +0.4146006114919326 +0.4206858203419579 +0.4267233387616768 
+0.4327356003203792 +0.4387132399046478 +0.4446434942636641 +0.4505514685827723 
+0.4564405122808399 +0.4623012736641166 +0.4681396613225665 +0.4739671814670756 
+0.4797839153762982 +0.4855892628198553 +0.4913862596481571 +0.4971815142219670 
+0.5029753988214801 +0.5087697154114210 +0.5145656513170191 +0.5203703989021337 
+0.5261869979851774 +0.5320154948114904 +0.5378560411291443 +0.5437192479848819 
+0.5496105093073593 +0.5555195785668875 +0.5614494511742525 +0.5674289451016425 
+0.5734422033799437 +0.5794812054465864 +0.5855655941907048 +0.5917276218501648 
+0.5979161841217736 +0.6041583307014887 +0.6104921487608591 +0.6168797707601060 
+0.6233381690759654 +0.6298904850701474 +0.6365270801316908 +0.6432439481915786 
+0.6500808976940164 +0.6570465113147418 +0.6641047251446417 +0.6713157379357942 
+0.6787155346400855 +0.6862254995226846 +0.6939833996644001 +0.7019162679415791 
+0.7100696471438758 +0.7185268254282305 +0.7272164578678916 +0.7363126507951023 
+0.7457513926580767 +0.7556394338797358 +0.7660308337389906 +0.7770414430814170 
+0.7887768009536343 +0.8014118988084489 +0.8152319689657955 +0.8306208330535618 
+0.8485005205129352 +0.8699986244303590 +0.9042988366141800 +1.0000000000000000 
0.0007192968539984063 1.3689893783359501 
  <DiscreteSampler_grid>
  Helicity
  1 # grid_type. 1=='ref', 2=='run'
  80 # Attribute 'min_bin_probing_points' of the grid.
  1 # Attribute 'grid_mode' of the grid. 1=='default',2=='initialization'
  0.030 # Attribute 'small_contrib_threshold' of the grid.
  0.333 # Attribute 'damping_power' of the grid.
#  binID   n_entries weight   weight_sqr   abs_weight
    1   7197 0.004954577165387614 4.643796927045296e-05 0.004954577165387614
    4   6795 0.0048840206812577995 4.514698874221785e-05 0.0048840206812577995
  </DiscreteSampler_grid>
  <DiscreteSampler_grid>
  grouped_processes
  1 # grid_type. 1=='ref', 2=='run'
  10 # Attribute 'min_bin_probing_points' of the grid.
  1 # Attribute 'grid_mode' of the grid. 1=='default',2=='initialization'
  0.030 # Attribute 'small_contrib_threshold' of the grid.
  0.333 # Attribute 'damping_power' of the grid.
#  binID   n_entries weight   weight_sqr   abs_weight
    10   10 3888927.615358056 15123757997494.5 3888927.615358056
  </DiscreteSampler_grid>
