  0.00155919814719839  0.01124929408104004  0.02119378847904805  0.03148311580643879
  0.04186655615863397  0.05213990018495314  0.06219792863546655  0.07203406609414496
  0.08198314800866907  0.09181325697099485  0.10200681356309843  0.11234860412974668
  0.12274709948519774  0.13276551272442066  0.14301209746114624  0.15330122645139632
  0.16374710212992660  0.17395889903689596  0.18404428160832453  0.19431049861345284
  0.20451810631940714  0.21503592950871264  0.22514198826177950  0.23517494110840104
  0.24525560334382299  0.25576677840878087  0.26665823340524542  0.27745689788811473
  0.28801338538804644  0.29835904313517297  0.30867277158059830  0.31913269009764861
  0.33021005573227341  0.34134324749282541  0.35250097637361216  0.36294094172096542
  0.37327455424411382  0.38343815341324694  0.39390673469751725  0.40458910331945369
  0.41554901915167952  0.42665543150081470  0.43786075361412224  0.44898071752969099
  0.45997305349686041  0.47086597202520142  0.48154481572855440  0.49219454410104402
  0.50289823172208459  0.51351993251768968  0.52411943471583056  0.53444741890470193
  0.54493320852116700  0.55543529666531355  0.56601866464706840  0.57633537976103166
  0.58640792737609448  0.59674074097827734  0.60719723776505408  0.61786671481182798
  0.62845400551903441  0.63897978693106117  0.64953699836008771  0.65981778856495577
  0.67009242236909017  0.68030378822185833  0.69069118830135623  0.70106516332945801
  0.71141740723959168  0.72159802266358575  0.73190468718401613  0.74224837345284145
  0.75249722834886490  0.76298603254221231  0.77359181901968255  0.78484496263246850
  0.79607648612705972  0.80734604868495341  0.81837491142054153  0.82964192930034741
  0.84071465324262262  0.85177823904068195  0.86237359297724936  0.87296295769323806
  0.88334332956317230  0.89362402936394292  0.90371627454991743  0.91373393657319990
  0.92363616497796874  0.93378994955888117  0.94430034806411334  0.95515688152575950
  0.96628922252248761  0.97744385006367718  0.98888894434950858  1.00000000000000000
 -0.01446381652824193  0.10667180733989298  0.14145602923271072  0.16339611660792022
  0.18113308397580849  0.19638356386200592  0.20999537859394551  0.22236655143338452
  0.23380058578535440  0.24445820987264902  0.25450945565119409  0.26402392421666809
  0.27313268265204116  0.28179181971129180  0.29019860133839176  0.29829767614231401
  0.30616193511198936  0.31382457568488609  0.32120757279987289  0.32847158624429107
  0.33553950778371622  0.34244802911702621  0.34924466213356936  0.35590900962463101
  0.36244695010419370  0.36889872082789354  0.37525899068954066  0.38152353448438042
  0.38770209960504315  0.39381687966807527  0.39984890280126367  0.40581304165560772
  0.41173998406348233  0.41761190239045765  0.42342111066002197  0.42919121753263872
  0.43492977303518904  0.44062995404047045  0.44629064702914301  0.45192908115021135
  0.45754404753775546  0.46313340616860343  0.46870133560866178  0.47425786183076785
  0.47980085024899488  0.48533370343461679  0.49086080109181074  0.49638823739961174
  0.50191553983832138  0.50744284435758125  0.51297386274469137  0.51850653287339765
  0.52404572759161006  0.52959446260532961  0.53515838922132597  0.54074372966230633
  0.54635188435452520  0.55197949012343106  0.55762481744765857  0.56330117861358842
  0.56902366443385965  0.57477702205100867  0.58056286331731066  0.58639994757691205
  0.59231475688800383  0.59826733339902649  0.60427750343441688  0.61038260109867548
  0.61653857936010115  0.62277189681681044  0.62909956095205977  0.63552192831784571
  0.64203166452200333  0.64865793309046593  0.65541549526918563  0.66227894201965387
  0.66928672783390275  0.67648401044474904  0.68382791283421707  0.69139517751651891
  0.69918161390810074  0.70720636518959812  0.71554635174391346  0.72418491545257391
  0.73320634538257901  0.74264267157397190  0.75256433143655177  0.76306868231753189
  0.77428488867041612  0.78749464147897574  0.80255185691585984  0.81932964575869660
  0.83713569457384096  0.85915101673933836  0.89404055772651880  1.00000000000000000
   7.1929685399840630E-004   1.3689893783359501     
  <DiscreteSampler_grid>
  Helicity
  1 # 1 for a reference and 2 for a running grid.
  80 # Attribute 'min_bin_probing_points' of the grid.
  1 # Attribute 'grid_mode' of the grid. 1=='default',2=='initialization'
  0.0300000000000000 # Attribute 'small_contrib_threshold' of the grid.
  0.3330000000000000 # Attribute 'damping_power' of the grid.
 # binID   n_entries weight   weight_sqr   abs_weight
    1   7471   5.332404236960689E-003   5.365503357438120E-005   5.332404236960689E-003
    4   7023   5.211316972864254E-003   5.132093055030299E-005   5.211316972864254E-003
  </DiscreteSampler_grid>
  <DiscreteSampler_grid>
  grouped_processes
  1 # 1 for a reference and 2 for a running grid.
  10 # Attribute 'min_bin_probing_points' of the grid.
  1 # Attribute 'grid_mode' of the grid. 1=='default',2=='initialization'
  0.0300000000000000 # Attribute 'small_contrib_threshold' of the grid.
  0.3330000000000000 # Attribute 'damping_power' of the grid.
 # binID   n_entries weight   weight_sqr   abs_weight
    10   10   3.888927615358056E+006   1.512375799749450E+013   3.888927615358056E+006
  </DiscreteSampler_grid>
