  0.00000345441899758  0.00000356931864613  0.00000369267108894  0.00000386080637934
  0.00000406199964510  0.00000425189425120  0.00000443690385044  0.00000464325495600
  0.00000487203252098  0.00000516263915232  0.00000552872980119  0.00000588548332654
  0.00000622188327536  0.00000655020689451  0.00000686758697582  0.00000711753128192
  0.00000734226331648  0.00000754883650833  0.00000777338454485  0.00000802442193803
  0.00000833531562105  0.00000868703109516  0.00000902263211149  0.00000935958045333
  0.00000972559259295  0.00001012238369537  0.00001056296047930  0.00001102519077695
  0.00001150836513939  0.00001202623163791  0.00001260636611619  0.00001315769556975
  0.00001360722883865  0.00001404158684031  0.00001443785810599  0.00001483414409816
  0.00001524401762630  0.00001564335223734  0.00001602222210202  0.00001640533199408
  0.00001678603465678  0.00001719066111674  0.00001768895728304  0.00001821815984853
  0.00001872022029954  0.00001917260262723  0.00001969062362282  0.00002022926454837
  0.00002077978331053  0.00002134889292589  0.00002197499560344  0.00002272051198597
  0.00002357653377236  0.00002442472631070  0.00002534146322655  0.00002629941133022
  0.00002716968971296  0.00002791129587768  0.00002858384725315  0.00002922074841565
  0.00002983691156900  0.00003043853706372  0.00003140590989010  0.00003273675630335
  0.00003408245258126  0.00003538139311433  0.00003665933735082  0.00003801596280109
  0.00003950552169883  0.00004127124371286  0.00004333003460963  0.00004546246167489
  0.00004768878386840  0.00005027103407625  0.00005323372729115  0.00005653611100904
  0.00006030609342821  0.00006449392971242  0.00006888911011522  0.00007361614941779
  0.00007937129900306  0.00008624310235555  0.00009490477636614  0.00010768617646986
  0.00012366656381070  0.00013978775104000  0.00015736306884538  0.00017761094628510
  0.00019967698702608  0.00022909228927648  0.00028085636977854  0.00036569509793278
  0.00056086419465596  0.00115669981634125  0.04828272679042665  1.00000000000000000
  0.00000163041966396  0.00000462094441988  0.00000752496162262  0.00000996652803004
  0.00001166573675969  0.00001328320545561  0.00001516461311082  0.00001778152868024
  0.00001988535222835  0.00002129259280270  0.00002251505629069  0.00002374438170893
  0.00002484031874874  0.00002591296108659  0.00002693720887272  0.00002796116363829
  0.00002911395819151  0.00003036598676733  0.00003169516137506  0.00003324495207918
  0.00003472071868530  0.00003627881100430  0.00003748445639018  0.00003865541017416
  0.00003987335776147  0.00004111379240663  0.00004242915800744  0.00004419779096843
  0.00004608327101247  0.00004814043834855  0.00005040039159161  0.00005274610484816
  0.00005501317058450  0.00005721096078128  0.00005920730101178  0.00006121478267884
  0.00006333379290340  0.00006565798847097  0.00006828518995443  0.00007086532923006
  0.00007334410245289  0.00007582654804750  0.00007847803526745  0.00008193075066364
  0.00008581321917852  0.00008984340983684  0.00009463421975241  0.00009951147045540
  0.00010446851302802  0.00010998250816766  0.00011591404895335  0.00012238163695186
  0.00012995031917967  0.00013638651746160  0.00014265505548456  0.00014741898921328
  0.00015132663471134  0.00015557837909340  0.00015954861294403  0.00016356444527461
  0.00016792861446596  0.00017259810535095  0.00017927851288389  0.00018720179892433
  0.00019542527253878  0.00020356580175754  0.00021135116802909  0.00021964271026355
  0.00022810310149773  0.00023719819588314  0.00024766499598007  0.00026212614711185
  0.00027996611422473  0.00029357794105168  0.00030665582815903  0.00031983803969983
  0.00033515389511200  0.00035422972235419  0.00037512396161704  0.00039784965113263
  0.00042440961985490  0.00045954998689464  0.00051855765917720  0.00058745651472860
  0.00065436008612280  0.00072494308875073  0.00079893440459701  0.00087923563262470
  0.00096450708654826  0.00107114279221119  0.00120419693966244  0.00136341224181435
  0.00153873560889073  0.00176800489148724  0.04309399569111546  1.00000000000000000
 -0.00221229287493891  0.01133275888543582  0.02433795032927107  0.03826813751593398
  0.05355977477408739  0.06774247635765879  0.07972934257450520  0.09137106350686199
  0.10419601183633005  0.11666822823908148  0.12651043543867330  0.13606656312317511
  0.14597058522641199  0.15502612282061212  0.16329185838284371  0.17174273201815404
  0.17988355777511872  0.18811109182575142  0.19667413173033893  0.20894499620011767
  0.22201376687053384  0.23500224096483421  0.24588396473375770  0.25664596843027393
  0.26421696476332873  0.27149274943391799  0.27810468068601957  0.28497217264832814
  0.29383117166052169  0.30374682453139967  0.31257320045541342  0.32276401301391283
  0.33303066933421327  0.34312987526892641  0.35342235579519926  0.36471451668642901
  0.37734855131582190  0.38769804748497655  0.39679601067630477  0.40674140978188444
  0.41892048807676918  0.42904473148921191  0.43627788469125556  0.44295785454711956
  0.44960045198615062  0.45674757098000834  0.46662689096338827  0.47691018244550276
  0.48551713836609028  0.49393305551225869  0.50247911814261026  0.51343255415498634
  0.52484986775810460  0.53731362554447570  0.54769397579755830  0.55763702822789651
  0.56624084994837942  0.57539618159971662  0.58502488356268201  0.59501132388258049
  0.60558514591418355  0.61809280943840916  0.63041197049250164  0.64026535251325867
  0.64985029127719551  0.66164758088093145  0.67291503368924888  0.68504267103048821
  0.69599633448029363  0.70334349528588558  0.70923863098129858  0.71487450431801791
  0.72052697438067215  0.72880452152607234  0.74045132224897670  0.75187515612312272
  0.76301093165633649  0.77471547310701927  0.78585166586869415  0.79629811109396709
  0.80659125215160343  0.81849325724188737  0.83180326551285866  0.84495513065476280
  0.85969685649426619  0.87445610760429304  0.88986316144069155  0.90395345022693652
  0.91667980992466869  0.92871453376105595  0.93979213842256704  0.95147212885990218
  0.96365446802041421  0.97724109584871022  0.98908515602163161  1.00000000000000000
  0.00009389126852139  0.00010674816805221  0.00011960506758302  0.00013251019769213
  0.00016196849576564  0.00019142679383914  0.00022088509191265  0.00024786695259552
  0.00027445481298406  0.00030104267337260  0.00032739024677680  0.00035335163896641
  0.00037931303115602  0.00040527442334562  0.00043093576966532  0.00045653144065929
  0.00048212711165326  0.00050236559182297  0.00051702581273735  0.00053168603365172
  0.00054784593096861  0.00056561856226391  0.00058339185889192  0.00060234208880717
  0.00062129231872241  0.00064089949923856  0.00066082518190674  0.00068132508292699
  0.00070249819380954  0.00072438876837288  0.00074746219029525  0.00077239728702766
  0.00079946301943185  0.00082616709163573  0.00085237857015946  0.00087668293797513
  0.00090127679644650  0.00092637038778598  0.00095119860318998  0.00097585674771717
  0.00101672023534787  0.00106491621871443  0.00111029193373061  0.00115503375954001
  0.00119797809639309  0.00124047297126659  0.00128471317352315  0.00132978674285166
  0.00137352948266471  0.00141663189229286  0.00146580921987078  0.00151935080858767
  0.00157093970583216  0.00162173403172427  0.00167527014811844  0.00173037938915881
  0.00178349392953299  0.00183584257353227  0.00189500422112039  0.00195694355237733
  0.00201692966849364  0.00208413644228554  0.00216182061189519  0.00223959297104644
  0.00232690884936982  0.00243947774480363  0.00254374646469414  0.00263148290689217
  0.00271932367221957  0.00281267879370878  0.00293901345902803  0.00311487463765866
  0.00325555536579749  0.00340679078678320  0.00360047337252615  0.00385053261921625
  0.00403043986721775  0.00421908180359462  0.00441816085355565  0.00462897459825956
  0.00487501492510243  0.00517401400288244  0.00550782421208764  0.00612178667711008
  0.00706386466062482  0.00783241937102383  0.00895786493880752  0.01037971637916789
  0.01196192111176854  0.01386547842221647  0.01600558060000718  0.01947305136460551
  0.02503660977472665  0.03332553005682554  0.40536778735021789  1.00000000000000000
 -0.00123270306604642  0.00937309892557779  0.01872150830334818  0.02357257952111457
  0.03109936717559551  0.04170382720205871  0.05654970881539523  0.07496546250616401
  0.09532262518941985  0.11218764745100947  0.12231121024182792  0.13228379322463665
  0.14257414494161463  0.15378617884493637  0.16603995415529541  0.18128766608719957
  0.19463116578398110  0.20675129012872151  0.21863536769100700  0.23096867541316091
  0.24283924620681652  0.25384630744050252  0.26452448679119234  0.27552849636631799
  0.28669166191300366  0.29758194693967205  0.30748894023032408  0.31602527124335333
  0.32410856280843453  0.33079938433741357  0.33750133222618534  0.34402534917210115
  0.35135725768775200  0.36066049439944881  0.37300374995454638  0.38698656118403002
  0.39816536402654618  0.40597945308364347  0.41338619644853902  0.41920796100039781
  0.42420841202903059  0.42982915002027283  0.43517990481341307  0.44055358884303208
  0.44610401089890317  0.45228692911971391  0.45889486939163754  0.46602359951378652
  0.47449461261798992  0.48401570994207588  0.49446424449854987  0.50435966145125255
  0.51425651497851554  0.52434666547149478  0.53211699476299479  0.53861017707013314
  0.54491416827709249  0.55209216416716478  0.55938428069573631  0.56773947466983299
  0.57613044757344634  0.58510267890396961  0.59483846359256909  0.60444100399610390
  0.61231302994949877  0.61944658055519342  0.62627275014511674  0.63298876158222428
  0.63942012422608296  0.64644148055551964  0.65557598861965327  0.66383126361955047
  0.67118275298037866  0.67899643308292212  0.68717352331925696  0.69676724184173677
  0.70687586813735093  0.71562675425468358  0.72530625191654441  0.73449787584973603
  0.74409329828256876  0.75464407257050903  0.76664136197834365  0.78377203690626818
  0.79853350137439416  0.81059633886235505  0.82283885202074225  0.83460928301473125
  0.84722760640683770  0.86254777722735820  0.88310369428377600  0.90645181482189940
  0.92899915795737043  0.95174759852704494  0.97569041335548090  1.00000000000000000
  0.06948848994027171  0.21459941095705370  0.28614468125669612  0.33449265020263319
  0.37039605851986390  0.40247013332896875  0.42529059215205023  0.44135856693513342
  0.45361471545539100  0.46293223337450118  0.47026906496809012  0.47664152933932452
  0.48257958473306428  0.48818562427637380  0.49328133142366809  0.49831509487224601
  0.50333609650358380  0.50871535097302933  0.51431430426698499  0.52015700536744947
  0.52554594109735098  0.53080503528018841  0.53617501093495590  0.54273373531738289
  0.55058600075612951  0.55873552723404563  0.56554216913296795  0.57167815307588699
  0.57801931475502444  0.58497835764399264  0.59284743874773560  0.60193245451766786
  0.61154864138889298  0.61942727542920728  0.62556344057626645  0.63105332882071452
  0.63645103073573361  0.64230841522015980  0.64828263634218097  0.65410865688953035
  0.66002975211393500  0.66621339795719903  0.67272267669559471  0.68010116457560332
  0.68721068391925666  0.69358067456305494  0.69799883019372566  0.70228721932394789
  0.70658774865995588  0.71098265187196896  0.71573084274051790  0.71917959822063160
  0.72247666559917678  0.72606258076310615  0.72978316890517692  0.73361226039425487
  0.73750392247030550  0.74096878918411901  0.74574054984652216  0.75319168166593675
  0.76028896513987920  0.76686495549010381  0.77326690983658353  0.77983627798853350
  0.78718202452850805  0.79573810799410227  0.80361221127067428  0.80932609421432333
  0.81475756352516460  0.81996314611537335  0.82548458516228451  0.83359014042301871
  0.84206987316407855  0.85103916162008397  0.86027058375384902  0.86866451457316263
  0.87617970594899519  0.88300684919975714  0.88963166958916895  0.89651975330325318
  0.90241674700359331  0.90937959516951339  0.91610232746991072  0.92279402072989281
  0.92922439011174984  0.93569168896974442  0.94202225528499728  0.94794024756010720
  0.95399424071113736  0.95957519278159786  0.96470540014053630  0.96984092208289840
  0.97516958631987460  0.98165956337673710  0.99067994852940044  1.00000000000000000
 -0.01542818302134637  0.11019195631820149  0.15003498130161058  0.17185265708401573
  0.19001129315951862  0.20591099619598691  0.22086693351694253  0.23413608118066548
  0.24437017983391771  0.25384583381053627  0.26244903779509271  0.27051041680670751
  0.27828489165849379  0.28574996275950304  0.29374713592914947  0.30202284674462876
  0.31006647497124923  0.31797991188550168  0.32356133772817086  0.32841064479133592
  0.33337506432546815  0.33847519485187577  0.34310741249461851  0.34813870485766718
  0.35418859097183802  0.36009588054708913  0.36570772945261443  0.37194435383044250
  0.37815809368806297  0.38439797589533686  0.39032623310172904  0.39543694277803237
  0.39986344909643989  0.40481554272859399  0.41041939945296541  0.41731170502168718
  0.42574503509299161  0.43410806738615337  0.44152249656573123  0.44970624339348059
  0.45757842904941931  0.46452840806420692  0.47111352718036442  0.47738281259521009
  0.48385300968360040  0.48989414140873982  0.49555580732275267  0.50116907486099016
  0.50549216072443170  0.50909814042800583  0.51322343768386958  0.51604584974648338
  0.51949647661625553  0.52308294605309702  0.52658696680674788  0.53082936377827894
  0.53561755603370598  0.54065877317652822  0.54597271780509382  0.55139110704679617
  0.55687931203420604  0.56269640339083959  0.56949961943663829  0.57638876105749759
  0.58344849358213846  0.59038594977191594  0.59651048206168755  0.60215315436766248
  0.60756392036531082  0.61439972531544984  0.62336480730238741  0.63189433634724368
  0.63869778093232354  0.64455073872546498  0.65035088227849103  0.65650454068817576
  0.66355420673626075  0.67128619526608735  0.67868290233000905  0.68614988141238686
  0.69404822213577411  0.70249022874677924  0.71109444497472429  0.71931868004706001
  0.72771754688309687  0.73706211571133606  0.74813190107314576  0.76167912128066284
  0.77563831532697980  0.78877912757987578  0.80198312608208644  0.81613609028115408
  0.83202886514455365  0.85333131430304598  0.88820608632760201  1.00000000000000000
   1.2223501178677511E-008  -1.0000000000000000     
 F F F F F F F F F F F F F F F F F F F F F F F F F F F F F F F F
  <DiscreteSampler_grid>
  grouped_processes
  1 # 1 for a reference and 2 for a running grid.
  10 # Attribute 'min_bin_probing_points' of the grid.
  1 # Attribute 'grid_mode' of the grid. 1=='default',2=='initialization'
  0.0000000000000000 # Attribute 'small_contrib_threshold' of the grid.
  0.5000000000000000 # Attribute 'damping_power' of the grid.
 # binID   n_entries weight   weight_sqr   abs_weight
    22   10   1.745027920655666E+001   1.594562715314607E+003   1.745027920655666E+001
    23   10   1.745027920655668E+001   1.594562715314612E+003   1.745027920655668E+001
    25   10   7.437650585610615E+001   2.319615905189802E+004   7.437650585610615E+001
    26   10   7.437650585610618E+001   2.319615905189803E+004   7.437650585610618E+001
    31   10   3.876516838177954E+000   5.301970932180735E+001   3.876516838177954E+000
    32   10   3.876516838177955E+000   5.301970932180745E+001   3.876516838177955E+000
    34   10   3.876516838177954E+000   5.301970932180734E+001   3.876516838177954E+000
    35   10   3.876516838177955E+000   5.301970932180738E+001   3.876516838177955E+000
  </DiscreteSampler_grid>
