  0.00924677432504421  0.01665275381937478  0.02704847146259709  0.03791751109804276
  0.04735976469224390  0.05753790804971734  0.06740383402166986  0.07808959889444818
  0.08826643379316783  0.09862168144750624  0.10911159480892811  0.12035805094709795
  0.13168595921888435  0.14232678750900812  0.15166087114222773  0.16081061658116458
  0.16997090884111130  0.18022478895888550  0.19174120235344377  0.20324757510925398
  0.21410158485036027  0.22431982278689633  0.23456285799347004  0.24522765803337027
  0.25562082104477157  0.26630089315743732  0.27699072478633552  0.28780988871226260
  0.29877142309717858  0.30986905543543891  0.32026773090025751  0.32964505261459048
  0.33880775624515180  0.34826477937521494  0.35812516508537162  0.36815485961694289
  0.37873794319346404  0.38967331211058581  0.40075934100633848  0.41160777165433776
  0.42240283819274332  0.43333071579432425  0.44423695656797496  0.45467220245950291
  0.46448817981500168  0.47427817822360141  0.48387044982254457  0.49315034874696245
  0.50203755244335535  0.51046040545561866  0.51865714981259681  0.52745113349096850
  0.53712408382034138  0.54763515858882561  0.55839812924258925  0.56908526613231925
  0.57967592081082053  0.59034148893522442  0.60127592798325447  0.61265327397956759
  0.62362347758332703  0.63302424106076460  0.64201585176198284  0.65155020734919156
  0.66185464356168433  0.67202304427522896  0.68182250612246653  0.69196358347183162
  0.70227022822682383  0.71238907788336758  0.72203659451096813  0.73184056512127627
  0.74234065162778140  0.75397732370439952  0.76613004426390474  0.77813967688379460
  0.78995836724231649  0.80172655529354808  0.81333419936669193  0.82460881296015032
  0.83557284183684144  0.84617418732971239  0.85654845112727185  0.86703847011730040
  0.87745916154204584  0.88798601068180760  0.89865520720634873  0.90981109780887293
  0.92096196776479844  0.93180733548554762  0.94285443517455059  0.95415808683944114
  0.96503206673702502  0.97627743556206037  0.98762432668141409  1.00000000000000000
  0.00000259888610264  0.00000272946898369  0.00000282393001499  0.00000292447585251
  0.00000302706891019  0.00000312828365465  0.00000326572276734  0.00000341188623699
  0.00000356805973165  0.00000374676162418  0.00000394610439213  0.00000415845307769
  0.00000438508485630  0.00000462448340809  0.00000487692691025  0.00000514769656676
  0.00000544742167845  0.00000576933941931  0.00000610938563412  0.00000645465839732
  0.00000681007972661  0.00000719984861814  0.00000761854510316  0.00000806374248427
  0.00000855652723421  0.00000910505114726  0.00000968907591260  0.00001027910830481
  0.00001085778739638  0.00001145762916079  0.00001207454606743  0.00001269168773105
  0.00001342093988040  0.00001418763275820  0.00001497190415616  0.00001580235905837
  0.00001669405460235  0.00001764375274709  0.00001863607121674  0.00001963343239033
  0.00002064226361584  0.00002163460493114  0.00002269462349323  0.00002389108748677
  0.00002516463209055  0.00002647318600579  0.00002788312607038  0.00002928174447426
  0.00003073354216210  0.00003239007382636  0.00003409958756039  0.00003583629539359
  0.00003767548754090  0.00003960399626420  0.00004160700995706  0.00004382067272009
  0.00004601609743634  0.00004834203776615  0.00005093083350254  0.00005359206411865
  0.00005666939786514  0.00006005498440337  0.00006348374470898  0.00006699939395748
  0.00007073152322604  0.00007473592550057  0.00007913424345436  0.00008392873990678
  0.00008921806731422  0.00009511390407955  0.00010144249268931  0.00010869257901851
  0.00011655711267262  0.00012544898871949  0.00013498347712246  0.00014524420067009
  0.00015596891053160  0.00016843493957276  0.00018223168057290  0.00019920682251992
  0.00021820201151042  0.00023983200548936  0.00026494894624961  0.00029357563022701
  0.00032613311266119  0.00036501386492307  0.00041377386107791  0.00047812749268667
  0.00058657386407684  0.00074728617830265  0.00099212591996832  0.00135833004488458
  0.00225257734553411  0.00644053993201980  0.38230381691343007  1.00000000000000000
  0.00000232194097182  0.00000265736088447  0.00000295034419060  0.00000325149717410
  0.00000354041121969  0.00000381628786015  0.00000410796712803  0.00000442739827682
  0.00000478071223805  0.00000513840583075  0.00000551160872698  0.00000589832788137
  0.00000632690969787  0.00000675382462655  0.00000720389677520  0.00000767035758567
  0.00000815992685678  0.00000868348006660  0.00000924267597292  0.00000982966457848
  0.00001044398124665  0.00001108375722127  0.00001173468494421  0.00001239972828746
  0.00001311213191115  0.00001387487196734  0.00001464225813084  0.00001545663639329
  0.00001629208881702  0.00001717736908051  0.00001807196108526  0.00001896211328788
  0.00001988386796420  0.00002084618084618  0.00002183174071044  0.00002289036428685
  0.00002409882786633  0.00002533506130677  0.00002659271562146  0.00002798023686496
  0.00002940701059156  0.00003085726948902  0.00003233552615009  0.00003386891138344
  0.00003548496695954  0.00003716328894337  0.00003885005750205  0.00004057157198040
  0.00004243183896472  0.00004425267070321  0.00004603285907659  0.00004779579740000
  0.00004969063059151  0.00005153495633888  0.00005370398350613  0.00005604855792881
  0.00005853313412103  0.00006106269869603  0.00006364030498222  0.00006629445024375
  0.00006921299890525  0.00007205881979471  0.00007528260935753  0.00007905501731866
  0.00008306400708318  0.00008723056685023  0.00009170444729589  0.00009648657623823
  0.00010162633315768  0.00010747381596436  0.00011414972053751  0.00012120023163409
  0.00012885640136484  0.00013719034608667  0.00014629279965488  0.00015631470717357
  0.00016770526545433  0.00018049070818745  0.00019520813234670  0.00021274670767933
  0.00023250384397493  0.00025438954683654  0.00027780212363734  0.00030563451488430
  0.00033903524529192  0.00038055051707849  0.00043255109305914  0.00050102152859317
  0.00059364883718329  0.00072290315540870  0.00093234541077448  0.00130647806717935
  0.00198862364784598  0.00527553704265576  0.07915086395342072  1.00000000000000000
 -0.00260653459128993  0.00950735959712132  0.02094758157981849  0.03262631530897142
  0.04457722845208882  0.05694584314237275  0.06846379698431374  0.07839029097285108
  0.08771030154819748  0.09720403021109859  0.10698479962024597  0.11723794416900415
  0.12782754839551316  0.13871354914131209  0.14942656339250410  0.15970634712306303
  0.17008375762697334  0.18090843640941626  0.19151923349534217  0.20182465045471865
  0.21223725598432164  0.22328258166505782  0.23503447148603976  0.24677241004958975
  0.25780701425265268  0.26861711201425414  0.27930790860684523  0.28994304633602197
  0.29857231971228076  0.30672462882015156  0.31531856342590930  0.32551154982220704
  0.33539498947079632  0.34478249268249789  0.35444471974771757  0.36537249016596479
  0.37568709251264037  0.38713386688093870  0.39727491946052224  0.40683531501526415
  0.41608932157392137  0.42596137227266578  0.43624269906522967  0.44642958085412671
  0.45627928166421705  0.46554719752803220  0.47475552763757317  0.48449493361729301
  0.49460726139142613  0.50489528545241014  0.51532054458268328  0.52589208625228956
  0.53672598863837129  0.54773290398105778  0.55889179787864107  0.57009299741848785
  0.58121231784278538  0.59243394831208784  0.60364982758018704  0.61452500008444488
  0.62504727266645910  0.63546558674231801  0.64602425137840436  0.65663436472529446
  0.66734957443330134  0.67761477284008464  0.68761582455199544  0.69787603936996834
  0.70840508223083687  0.71949032496528120  0.73054140876010332  0.74128866100475932
  0.75140861706971762  0.76133789786920369  0.77190343836994380  0.78278548158185590
  0.79348684290367644  0.80396344563200628  0.81448980417252348  0.82513072008954902
  0.83582385610939858  0.84651591233575341  0.85737254181977518  0.86834673096461457
  0.87913610914249096  0.88983592054817118  0.90070799645360133  0.91180080844857081
  0.92311544469066065  0.93446232065324331  0.94553325491546625  0.95705812654266254
  0.96829569015123218  0.97952675662466349  0.98991137121606809  1.00000000000000000
 -0.00243554088563577  0.00919024025980491  0.01986249847148622  0.03140904180294083
  0.04254619613355027  0.05318155125452081  0.06351464460541748  0.07435008197198023
  0.08543620510231247  0.09549609740864694  0.10600409040781689  0.11577553608692530
  0.12504424832475763  0.13383223049125947  0.14290711948139589  0.15272687199986398
  0.16186409487734937  0.17124777776613570  0.18068745808266029  0.19054662132817318
  0.20105629115661636  0.21157268332189100  0.22214888914736053  0.23267655883578034
  0.24340230883329800  0.25438332832109967  0.26472204363622254  0.27456889921295274
  0.28459461783952017  0.29484817747740483  0.30554715918329078  0.31605342776267359
  0.32619386328073502  0.33609021951769935  0.34599737382453527  0.35633391465618014
  0.36721764837298065  0.37807909279126800  0.38874397170594582  0.39928368264294378
  0.40987878730178373  0.41986245578098647  0.42859228788007087  0.43755963084775501
  0.44715326295041918  0.45775483153378199  0.46836241213237584  0.47883356049440129
  0.48961604204260400  0.50043590657217618  0.51116017763629484  0.52196794426382231
  0.53276376408774895  0.54286226774355462  0.55219726908328182  0.56145437446398239
  0.57074114594790104  0.58059168137153405  0.59019492978869115  0.59955829840359487
  0.60898142538342248  0.61843140161821319  0.62834146302649674  0.63881235698050409
  0.64971443767108616  0.66151793074768050  0.67462253499122216  0.68813191986811661
  0.70092616322732881  0.71322906221601567  0.72525837366042878  0.73655029734650479
  0.74704430882874140  0.75697604812448827  0.76680117472847598  0.77681978548113895
  0.78696410413330120  0.79720365287639183  0.80771023258901997  0.81863068290550034
  0.83014230268509470  0.84183348689487847  0.85320966007380961  0.86447019756027066
  0.87575532310913284  0.88693767380442123  0.89802149931907316  0.90920822526530076
  0.92080729460853050  0.93220897269204261  0.94369647063403073  0.95444089498325502
  0.96554959730228929  0.97650696894703304  0.98823226995302915  1.00000000000000000
 -0.00249268295879073  0.00933639083382445  0.01903514560479847  0.02990922264132726
  0.04063757631686472  0.05101510952641319  0.06194285746532895  0.07200293629606908
  0.08222754525465453  0.09169785287639942  0.10186274718546458  0.11219614103729125
  0.12298009065749177  0.13416516999646319  0.14539357898823105  0.15669570133541205
  0.16803661126300962  0.17895218564488732  0.18878282566263957  0.19867405143764402
  0.20863517566643458  0.21951336433042826  0.23145930501400080  0.24322782807001844
  0.25458539036139072  0.26564952483057030  0.27608050367988246  0.28673617664060497
  0.29772642017027628  0.30934716161409653  0.32013284019529953  0.33050092659709773
  0.34119713233444060  0.35238731390440509  0.36354315458824199  0.37380926460223257
  0.38417078617478029  0.39427323024822514  0.40486960700968860  0.41555911691889391
  0.42630578870718899  0.43705186656896605  0.44794176199090396  0.45940507268024661
  0.47074954912883232  0.48187353884343109  0.49241211247978461  0.50315630211740536
  0.51431219273795337  0.52562376959278612  0.53700654424138339  0.54817313962800140
  0.55881210979147156  0.56917317263072487  0.57946373298890186  0.59046629587161459
  0.60183235248071443  0.61334576136212526  0.62509272931627480  0.63694746567415816
  0.64827739378523730  0.65859123957547339  0.66877384209388957  0.67948934976231024
  0.69003152969728765  0.70027015773075774  0.71090508053486179  0.72218601536013061
  0.73310069526338983  0.74286042158219334  0.75192684892314510  0.76097363826793973
  0.77021213362513119  0.77952008132924788  0.78865693345330590  0.79783825425781074
  0.80768426762084677  0.81817978799322533  0.82883006658285940  0.83877333489203942
  0.84800982337135156  0.85690966662930579  0.86599440694407270  0.87528312277806497
  0.88479231159933491  0.89494380923587724  0.90521309323051602  0.91523155185709792
  0.92499633086385757  0.93428519460735748  0.94435855510048416  0.95433889195404575
  0.96513610138753847  0.97597836750942113  0.98783947715563769  1.00000000000000000
  0.00006379392860560  0.00038139455372538  0.00074321788022544  0.00119143240574485
  0.00148168708770675  0.00178642506471188  0.00211574357721761  0.00246086130326828
  0.00282156583713079  0.00319055774146984  0.00356861655373790  0.00395721455445925
  0.00435341671627933  0.00475327002200052  0.00516503011829814  0.00558979733322574
  0.00602738561562379  0.00647890032141449  0.00695007914849152  0.00742348747847419
  0.00790378222514570  0.00837492299058274  0.00883927944074763  0.00930073821008585
  0.00976734401467823  0.01025083601757784  0.01075419912763445  0.01126418793690958
  0.01176618117350830  0.01225303122631491  0.01274755876644290  0.01328013039678662
  0.01381698465394957  0.01434177322553662  0.01486307845639233  0.01539940008321696
  0.01596004565598510  0.01653913824754700  0.01713623421215054  0.01773563478379724
  0.01836481289343760  0.01900134241864097  0.01959238628302945  0.02019612260429942
  0.02080274101462949  0.02142772251837829  0.02206535042398049  0.02269664941889785
  0.02333522973697635  0.02399063467370988  0.02465246709094729  0.02529683474079860
  0.02598828604042610  0.02676856690450320  0.02760723103308874  0.02846892459741237
  0.02933541855686406  0.03018202206830850  0.03101139053310402  0.03181817610538114
  0.03265588016867798  0.03358116434529484  0.03456410992963652  0.03552374368049310
  0.03647740652848945  0.03748484384387700  0.03853930756459491  0.03967580651771283
  0.04083324207508984  0.04209006301194997  0.04349285295978891  0.04494490320474424
  0.04650482184877885  0.04844826867702674  0.05063899743540608  0.05278556496284112
  0.05496989160181418  0.05725870337946996  0.05951988642848285  0.06146383275590298
  0.06360576085000780  0.06625106368842054  0.06981394837242996  0.07389434987636326
  0.07725601002800826  0.08007353439446074  0.08290910230444161  0.08619236442837729
  0.09032879152198280  0.09480367811623999  0.09909475092613224  0.10469831766124535
  0.11152348351179152  0.12704107972047524  0.32244367167261279  1.00000000000000000
 -0.00282474307785837  0.01132579755583318  0.02300743632995329  0.03527941513066100
  0.04660359810733869  0.05777998895524003  0.07033867208136700  0.08385659746411853
  0.09699720328103757  0.10946105424906973  0.12221093338761181  0.13401423323631409
  0.14648709779428615  0.15754242033524096  0.16854266166940171  0.17873878626801754
  0.18955792811920918  0.20061126122009165  0.21131775517688187  0.22177058722189949
  0.23259686894229961  0.24357382771405628  0.25465228225451786  0.26545311208142369
  0.27611185277732597  0.28597662687361985  0.29577182503251859  0.30538799728945420
  0.31470690391542949  0.32431020729260585  0.33337250138925012  0.34324592774097307
  0.35357601070033284  0.36385600772932242  0.37447082219646566  0.38462104903472627
  0.39564565428289655  0.40555793362424231  0.41582353111987713  0.42584848032308231
  0.43650976909823075  0.44630967378286673  0.45565522871291042  0.46440122891084412
  0.47297438746101261  0.48144424556382848  0.49020279308286402  0.49912390326942524
  0.50912511743844524  0.51911926866440039  0.52886691496291138  0.53813841541164698
  0.54749786384896704  0.55742981181914542  0.56743725559643365  0.57720394796140329
  0.58672417446912195  0.59616881771388530  0.60564918015291003  0.61544130230520389
  0.62497590857027219  0.63459078733846963  0.64349168278916891  0.65207533800217687
  0.66048407495202854  0.67000675926429853  0.67953660471020405  0.68900283466392920
  0.69899506822896218  0.70937997028163302  0.71977948268404757  0.73002898558188833
  0.74018954602731801  0.75066534774125271  0.76133663578201094  0.77194865375749500
  0.78249006288053358  0.79334724807783119  0.80476906292918315  0.81596589875108994
  0.82726150234717655  0.83875789406092960  0.85098403181059346  0.86320532920051762
  0.87541245344782848  0.88783046067721516  0.89967931135769086  0.91090929958234268
  0.92211898495377165  0.93351307392664651  0.94484447341473987  0.95559124646334404
  0.96658684221225488  0.97784411220531142  0.98895206829468529  1.00000000000000000
  0.00933884334081080  0.22969968669080054  0.33349855954259439  0.39880737564261987
  0.43552970428332177  0.45899096447318977  0.47964837310730946  0.50070312495410985
  0.52156857140908519  0.54153585214661082  0.56089477337222937  0.57778370622994946
  0.59396956825785097  0.61135589097412157  0.63014663039969021  0.64827136163905708
  0.66541036479971194  0.68179958791088924  0.69735111282396400  0.71173265550041120
  0.72537056418987267  0.73858473186511464  0.75169311544075323  0.76446683483112343
  0.77715870052777247  0.78890362153227056  0.79980819911017798  0.81029491392680131
  0.82028188086476073  0.82964418100596349  0.83829280676832862  0.84626954562819712
  0.85347056632699081  0.86006953970947919  0.86632095237083473  0.87234231384338956
  0.87805697500555568  0.88358645460301422  0.88901886668831365  0.89418019268918469
  0.89895480900339053  0.90339184921366189  0.90767229325097998  0.91183598237819430
  0.91584920514473533  0.91965861524709580  0.92328834058478915  0.92678410425133628
  0.93014796536356847  0.93343425800740376  0.93663350011744284  0.93963496675102520
  0.94249634351989453  0.94528328894430336  0.94791782512628042  0.95039380397479789
  0.95275764102500338  0.95507627993088529  0.95726796293163097  0.95923476248395378
  0.96105156517707579  0.96283272769594475  0.96459585477164089  0.96637566186315249
  0.96814579308778870  0.96981176317099504  0.97138704560655476  0.97285974509612749
  0.97424000645951103  0.97554139801425099  0.97678708241527057  0.97800593975016015
  0.97918921975735107  0.98031911332963506  0.98142018488171212  0.98250519417886528
  0.98357832463564276  0.98458042813031954  0.98553508334483875  0.98646711363539552
  0.98737584020107583  0.98827433268720433  0.98917216297010702  0.99001887579313752
  0.99082772874354896  0.99161776560537584  0.99238407617722035  0.99313889082138829
  0.99389019609235985  0.99463188777926759  0.99534957720364348  0.99613582214158725
  0.99696391696664310  0.99785325441261163  0.99887149795874608  1.00000000000000000
 -0.02372650446422974  0.11745284959287394  0.15953386761570151  0.18815091741936116
  0.21103680077555340  0.22993075521762543  0.24579066820179737  0.26000505886484965
  0.27329778824834577  0.28582959831669508  0.29759446309714538  0.30901468092888346
  0.32038859092770150  0.33144259444083068  0.34183866165034260  0.35173566781370208
  0.36133066207260961  0.37080549364696191  0.38018603472901424  0.38900882699527095
  0.39750454002450519  0.40510735824268956  0.41322678399768920  0.42131305355180410
  0.42943433636487882  0.43720689168724991  0.44422608435020022  0.45116960577989279
  0.45798279173299422  0.46489744742731637  0.47194557288773331  0.47875983240510711
  0.48510635304070265  0.49161387063486173  0.49801359543575091  0.50434147277720531
  0.51057490502131797  0.51662245716490607  0.52253627438251715  0.52869485456998422
  0.53503911738557008  0.54128641080316175  0.54737021101578931  0.55337611265287678
  0.55938966874807183  0.56574595830509367  0.57205726609690821  0.57833690577010000
  0.58450020413225057  0.59052788532740264  0.59653730667597893  0.60253561956580115
  0.60850922512511252  0.61428659594197543  0.61988453964608503  0.62543816464687385
  0.63074972147842479  0.63595548323593432  0.64121219126784612  0.64640025299238080
  0.65189096716083883  0.65756384588310279  0.66314103580205941  0.66883221284015515
  0.67482117867295055  0.68084691243416429  0.68698125468308013  0.69298388663454791
  0.69912056667185751  0.70533769631176191  0.71155525581445334  0.71772377200138981
  0.72383114424633122  0.72983204333982821  0.73559470151844786  0.74141353536266674
  0.74719773961125835  0.75304954774544908  0.75896671564343055  0.76503482909893683
  0.77116015151414252  0.77754096563047204  0.78386265446218917  0.79015876268158491
  0.79669990367917154  0.80386553064809896  0.81160648081870157  0.82050636189838111
  0.82992027830015258  0.83971906792789408  0.85029202085215161  0.86251720100262985
  0.87763248998201526  0.89747631750123769  0.92811466274960808  1.00000000000000000
   9.1702805332423260E-008  -1.0000000000000000     
 F F F F F F F F F F F F F F F F F F F F F F F F F F F F F F F F F F F F F F F F F F F F F F F F F F F F F F F F F F F F F F F F F F F F F F F F F F F F F F F F F F F F F F F F F F F F F F F F F F F F F F F F F F F F F F F F F F F F F F F F F F F F F F F F
  <DiscreteSampler_grid>
  grouped_processes
  1 # 1 for a reference and 2 for a running grid.
  10 # Attribute 'min_bin_probing_points' of the grid.
  1 # Attribute 'grid_mode' of the grid. 1=='default',2=='initialization'
  0.0000000000000000 # Attribute 'small_contrib_threshold' of the grid.
  0.5000000000000000 # Attribute 'damping_power' of the grid.
 # binID   n_entries weight   weight_sqr   abs_weight
    112   10   1.851359886551957E+003   8.055753884942259E+006   1.851359886551957E+003
    113   10   1.851359886551953E+003   8.055753884942224E+006   1.851359886551953E+003
    115   10   1.028887040464481E+002   2.480262206097540E+004   1.028887040464481E+002
    116   10   1.028887040464479E+002   2.480262206097531E+004   1.028887040464479E+002
    118   10   1.028887040464481E+002   2.480262206097540E+004   1.028887040464481E+002
    119   10   1.028887040464479E+002   2.480262206097530E+004   1.028887040464479E+002
    121   10   9.465131411130994E+000   2.107904158922414E+002   9.465131411130994E+000
    122   10   9.465131411130979E+000   2.107904158922407E+002   9.465131411130979E+000
    193   10   1.851359886551957E+003   8.055753884942259E+006   1.851359886551957E+003
    194   10   1.851359886551952E+003   8.055753884942223E+006   1.851359886551952E+003
    196   10   1.028887040464481E+002   2.480262206097541E+004   1.028887040464481E+002
    197   10   1.028887040464479E+002   2.480262206097531E+004   1.028887040464479E+002
    199   10   1.028887040464481E+002   2.480262206097540E+004   1.028887040464481E+002
    200   10   1.028887040464478E+002   2.480262206097529E+004   1.028887040464478E+002
    202   10   9.465131411130994E+000   2.107904158922413E+002   9.465131411130994E+000
    203   10   9.465131411130979E+000   2.107904158922408E+002   9.465131411130979E+000
    232   10   2.797421469846618E+003   1.970774921286314E+007   2.797421469846618E+003
    233   10   2.797421469846614E+003   1.970774921286310E+007   2.797421469846614E+003
    235   10   9.216707411947152E+001   1.902634048209473E+004   9.216707411947152E+001
    236   10   9.216707411947131E+001   1.902634048209464E+004   9.216707411947131E+001
    238   10   9.216707411947152E+001   1.902634048209472E+004   9.216707411947152E+001
    239   10   9.216707411947132E+001   1.902634048209464E+004   9.216707411947132E+001
    241   10   1.490088134999115E+003   8.569118872261561E+006   1.490088134999115E+003
    242   10   1.490088134999113E+003   8.569118872261545E+006   1.490088134999113E+003
    268   10   2.797421469846618E+003   1.970774921286315E+007   2.797421469846618E+003
    269   10   2.797421469846614E+003   1.970774921286310E+007   2.797421469846614E+003
    277   10   9.216707411947152E+001   1.902634048209473E+004   9.216707411947152E+001
    278   10   9.216707411947131E+001   1.902634048209464E+004   9.216707411947131E+001
    289   10   9.216707411947152E+001   1.902634048209472E+004   9.216707411947152E+001
    290   10   9.216707411947132E+001   1.902634048209464E+004   9.216707411947132E+001
    292   10   1.490088134999116E+003   8.569118872261573E+006   1.490088134999116E+003
    293   10   1.490088134999114E+003   8.569118872261548E+006   1.490088134999114E+003
  </DiscreteSampler_grid>
