  0.00926962900469319  0.01700512148832683  0.02677397839585991  0.03617119470625907
  0.04498687874247808  0.05379212767866155  0.06350364317081443  0.07369880742598706
  0.08347794614942576  0.09299211605760584  0.10248423112487048  0.11203956802250846
  0.12178858498630590  0.13186681112787005  0.14237323189944534  0.15313159569485191
  0.16421144714524610  0.17555654609731375  0.18685745222798528  0.19774671155208007
  0.20814619716202631  0.21827833681989814  0.22834975313824815  0.23863484403055130
  0.24919519311644464  0.25994467377800284  0.27085415867327811  0.28167525863356679
  0.29218339702107787  0.30252625045499365  0.31276883820908091  0.32302151160301773
  0.33344098813978335  0.34377320925493049  0.35379704259010741  0.36360636084403647
  0.37338363366130700  0.38335268083880591  0.39371275727973326  0.40435514361285985
  0.41479419244257998  0.42494743755909287  0.43506436144392074  0.44555170788850279
  0.45655913803017834  0.46755807522988985  0.47825971449167942  0.48864816510560677
  0.49872900860289199  0.50865623461358311  0.51861016647592373  0.52880524214873381
  0.53929674802257377  0.54984585064619784  0.56042962620676728  0.57105071139430841
  0.58159070915565703  0.59209123082800141  0.60269759379756860  0.61340039749606157
  0.62399471113671567  0.63455578367722731  0.64526647646197788  0.65611396853365234
  0.66696703090262133  0.67784103630093451  0.68886125212219851  0.69977352975723639
  0.71037696993925414  0.72082565662249676  0.73151830622174996  0.74259595629899111
  0.75357236708489939  0.76403026330369805  0.77409936799911505  0.78413150852507241
  0.79431600081868303  0.80468414893841944  0.81517921548687311  0.82577325230225840
  0.83641066346597004  0.84705713207932465  0.85772497787593771  0.86844425176396478
  0.87918250209307502  0.88986555302450709  0.90050605976073783  0.91126127668170609
  0.92214553223728624  0.93308376132001891  0.94421454045818254  0.95547844007190397
  0.96686997018140863  0.97809347822439008  0.98883207589078126  1.00000000000000000
  0.00000257112875049  0.00000271630385169  0.00000281363731982  0.00000291327283911
  0.00000300523622173  0.00000311439469113  0.00000324139148534  0.00000338440577290
  0.00000353455475920  0.00000368833539190  0.00000386440350089  0.00000406163660110
  0.00000427377775399  0.00000451719587922  0.00000477717373564  0.00000505109957523
  0.00000534044125171  0.00000565048400317  0.00000598019961225  0.00000633049292238
  0.00000670603467625  0.00000711339718779  0.00000754036665916  0.00000797604248381
  0.00000843401539817  0.00000890912546325  0.00000938847705583  0.00000989904024711
  0.00001045526173443  0.00001102516131261  0.00001164296898586  0.00001229847219438
  0.00001297111722532  0.00001366649454271  0.00001439730075561  0.00001516412529281
  0.00001596490730779  0.00001679378480800  0.00001766300253266  0.00001857817611573
  0.00001952492082654  0.00002049600425641  0.00002150689826101  0.00002255638974614
  0.00002363827163172  0.00002478603683950  0.00002599100421642  0.00002726354825883
  0.00002861206855771  0.00003002197089427  0.00003147226221575  0.00003296313727341
  0.00003450685847117  0.00003615507739895  0.00003782825325311  0.00003960128437872
  0.00004139816650841  0.00004326826902957  0.00004523250035855  0.00004735842905838
  0.00004967840950560  0.00005221494431832  0.00005493467272162  0.00005784410115858
  0.00006099164922012  0.00006434919134923  0.00006787726050709  0.00007176535695152
  0.00007597182258570  0.00008054661875215  0.00008526032567355  0.00009012548962214
  0.00009531156219178  0.00010101820092853  0.00010742432148331  0.00011459900477598
  0.00012262854254462  0.00013151501607385  0.00014148278312329  0.00015267098816754
  0.00016517332972989  0.00017932921246188  0.00019575850153061  0.00021508230182185
  0.00023781870253411  0.00026568432208586  0.00029764327647224  0.00033707884657855
  0.00038825073710051  0.00045694247713639  0.00055210639399716  0.00069557992733671
  0.00095460943147964  0.00160490517424436  0.00591164760261889  1.00000000000000000
  0.00000231347316898  0.00000270904430543  0.00000303339544093  0.00000334341574879
  0.00000365225756194  0.00000396891403742  0.00000429788071018  0.00000463866524188
  0.00000499492769984  0.00000538569427455  0.00000581277331034  0.00000626234685312
  0.00000672469830129  0.00000718994447128  0.00000766197932317  0.00000814952337997
  0.00000865732118839  0.00000917904518558  0.00000971529468787  0.00001027746853482
  0.00001085172074372  0.00001144758767083  0.00001206944170604  0.00001270859298029
  0.00001336948008922  0.00001406039423155  0.00001478892845637  0.00001553668328566
  0.00001630032948678  0.00001709303390956  0.00001791853224068  0.00001876528007270
  0.00001961046710522  0.00002051042192678  0.00002145756741307  0.00002239301978537
  0.00002338752864172  0.00002440745480730  0.00002545876604974  0.00002656938466139
  0.00002774708613539  0.00002899304274922  0.00003029797113936  0.00003166592827320
  0.00003308465685832  0.00003454600265177  0.00003606697806693  0.00003767702638998
  0.00003933986464650  0.00004106085570825  0.00004284811519988  0.00004475418547061
  0.00004678985742790  0.00004894801263769  0.00005121996936758  0.00005360342671876
  0.00005609316439531  0.00005870733572491  0.00006152770734369  0.00006460100330612
  0.00006786258391703  0.00007105071753614  0.00007435998805652  0.00007791179831704
  0.00008160661608618  0.00008551444408581  0.00008971283244394  0.00009423934891154
  0.00009911395670793  0.00010447953019903  0.00011043960749823  0.00011659410025024
  0.00012280277766447  0.00012940792936400  0.00013656983978382  0.00014474697624720
  0.00015419374709285  0.00016483308153901  0.00017650821138285  0.00018931248947409
  0.00020357162333864  0.00022012014957512  0.00023964658179956  0.00026295779392690
  0.00029108108784144  0.00032652718776307  0.00036851202583517  0.00042026570727002
  0.00049004500070974  0.00059233868279689  0.00074285478003749  0.00097082676631618
  0.00161355355952160  0.00438800563122128  0.10790947601378963  1.00000000000000000
 -0.00277867625081622  0.00977094181660991  0.02066067460770881  0.03159842424583954
  0.04263834943621934  0.05415001312622424  0.06568021058844396  0.07639657519339174
  0.08631371627329229  0.09591445347337652  0.10586611181770851  0.11631572352373065
  0.12670987883027313  0.13717662802971881  0.14756748022628038  0.15762088142257377
  0.16748111367989632  0.17731926368982406  0.18714165402774757  0.19723852553971935
  0.20725773161498723  0.21794513005174332  0.22879481460097548  0.23941419310066739
  0.25009618203255407  0.26063462004087740  0.27143381935944039  0.28179334683537843
  0.29262187089458402  0.30326906876220977  0.31416820667336259  0.32525019711417003
  0.33651457581022864  0.34776090575948138  0.35882031159334438  0.36964967746026001
  0.38043352863048091  0.39056560588930556  0.39989259239887887  0.40915412325709061
  0.41874747069108059  0.42969106938236989  0.44076869427112886  0.45158711499091164
  0.46188018832091465  0.47247834810863532  0.48344555284921936  0.49505555937729429
  0.50678266520352722  0.51810222959997110  0.52908746386759886  0.53988074267078989
  0.55053346947238058  0.56067570683843082  0.57097298884814873  0.58135252906250179
  0.59208885695359537  0.60244534944985628  0.61281648189922988  0.62307900107256875
  0.63368623894655152  0.64402189368672458  0.65445865384569968  0.66439360804316350
  0.67495634576441654  0.68489601392190658  0.69572119242033115  0.70650069268500615
  0.71720403638957242  0.72743018574804663  0.73791444831591724  0.74808676419467091
  0.75851672642866030  0.76896356000458732  0.77974912510445482  0.78996062715164295
  0.79977075728045044  0.80956392277584477  0.81946088382526305  0.82956150353524138
  0.83950292810854310  0.84994565809244138  0.86040379172225423  0.87121248770022364
  0.88155531139617116  0.89161038595380249  0.90174756495943442  0.91203067443971098
  0.92272501610367696  0.93374859000999422  0.94516113981958272  0.95669511587054556
  0.96753362421542621  0.97842323640707651  0.98935708489228613  1.00000000000000000
 -0.00245905730680536  0.00969365614408076  0.01994146443004912  0.03013830242834130
  0.04020056716233882  0.04988333504625087  0.06041446740740215  0.07031997278355112
  0.07995278848501505  0.08975630641113003  0.10024355477869532  0.11127636946039189
  0.12241521956118945  0.13350997825548089  0.14477822340945887  0.15594024653920338
  0.16678186632603018  0.17727204214427994  0.18776952931169502  0.19817739502751891
  0.20926391235307856  0.22002606590535712  0.23104680382089432  0.24088583782608411
  0.25099688867378345  0.26076668699866923  0.27101650716026665  0.28140099383469819
  0.29243351551640839  0.30381173287522750  0.31463727758816235  0.32477515029925602
  0.33498651998451140  0.34580496335807226  0.35717305603577920  0.36861446614647836
  0.37972195070916187  0.39050404574740083  0.40086520123652564  0.41108353364965783
  0.42121384245109372  0.43152688027747493  0.44231612434462358  0.45333398805491432
  0.46437720534065463  0.47508929313622766  0.48541717458078659  0.49568800215867403
  0.50627289492400007  0.51712664871181224  0.52769072262804406  0.53729274234664459
  0.54687286520907608  0.55576834965381561  0.56474497386238531  0.57384527464406310
  0.58351782726992174  0.59434606465330242  0.60491275263371547  0.61556837517867635
  0.62652282301649931  0.63750598214765042  0.64828236322533395  0.65930838742746489
  0.66992858451333948  0.68049778799483363  0.69066645385860248  0.70127334831602273
  0.71152649174086380  0.72182997919398395  0.73210250851422154  0.74222800369505870
  0.75229696228282972  0.76307969284499599  0.77400364644277553  0.78583416236559012
  0.79723132514226003  0.80846444811741525  0.81923095852459893  0.82950349198066531
  0.83964120240452023  0.84940319708905099  0.85976562694813075  0.87060891145305419
  0.88133449564052058  0.89174467297715532  0.90215013240764930  0.91274925147885344
  0.92338932852138356  0.93404419424960028  0.94475780962080647  0.95567352290842100
  0.96694349875871166  0.97812511290446569  0.98926772190236689  1.00000000000000000
 -0.00254396066863442  0.00907406231537909  0.01923672886096035  0.02951519939551244
  0.03958291159207390  0.04980628274281074  0.06031685241713897  0.07056805243187890
  0.08054940058008372  0.09051272033276143  0.10014819326908433  0.10959703608702263
  0.11952657507253289  0.13012184904627438  0.14117831919683671  0.15190052396546549
  0.16253171898448268  0.17347472488929527  0.18462756554222665  0.19574035489509686
  0.20642070220009590  0.21703822023308547  0.22784231875114919  0.23849926275430514
  0.24925548482792664  0.25973378397749075  0.27035304720044290  0.28105535987137592
  0.29211604269372038  0.30325249673135862  0.31415103850527704  0.32458729742336817
  0.33484372025743631  0.34497835276490429  0.35513196984615786  0.36541047576606983
  0.37588973920275714  0.38702215138610380  0.39838974299451707  0.40976987527773273
  0.42071435410237529  0.43146745121276420  0.44218336946514736  0.45311321255916842
  0.46433089097785779  0.47505414249855321  0.48480617565160061  0.49421571917825891
  0.50379721271730404  0.51384610466850045  0.52426911144886179  0.53460713057064224
  0.54476573910911141  0.55476993606618807  0.56542837555922720  0.57578392851556059
  0.58590943087889513  0.59608072354156227  0.60647686117605959  0.61691006120065628
  0.62729321512841296  0.63791903116518223  0.64887610090555881  0.65945806248547512
  0.67005596840709059  0.68036998311349228  0.69068816653424803  0.70139271346682597
  0.71239175088179818  0.72364632905376070  0.73471823295537519  0.74486713829444207
  0.75480716173950080  0.76484710071324002  0.77528262033042405  0.78576279282649897
  0.79623241169606229  0.80664997973316654  0.81765348633361401  0.82778066623318858
  0.83813968643627101  0.84844255967868543  0.85940658131028635  0.87005554764243753
  0.88103062269737709  0.89245367982052481  0.90306606766970043  0.91369456198081900
  0.92394569560560835  0.93473154272523462  0.94606849178732388  0.95713121756221109
  0.96830014817755083  0.97908957506679195  0.98978864714466575  1.00000000000000000
  0.00007682538962733  0.00013343968050292  0.00031514834306746  0.00055600931708897
  0.00082924034803006  0.00115135244695780  0.00146950903602408  0.00175824432724443
  0.00203824527496245  0.00234012734461561  0.00266317295514110  0.00299720742343898
  0.00334104414219127  0.00369095361878043  0.00405034546653554  0.00442029611295258
  0.00479966498388232  0.00518628771905902  0.00557940124527180  0.00598279151100713
  0.00639316284761873  0.00680951772672866  0.00722863539741719  0.00765194025466501
  0.00808557149037250  0.00853194889596039  0.00898670258952605  0.00944657707641382
  0.00991377487048109  0.01039567740841182  0.01091083322316449  0.01144420117161669
  0.01199496346982109  0.01256149158880456  0.01313917468661567  0.01371482917003430
  0.01429108164333775  0.01487938265778333  0.01548843212423264  0.01609839930847753
  0.01673433315535492  0.01738332281672001  0.01805393763953797  0.01875348700705602
  0.01947796032121554  0.02021753262787070  0.02095331626326829  0.02169854948604434
  0.02245671277941566  0.02322203253453022  0.02400113358668840  0.02479614351197752
  0.02561353361487978  0.02644343845991589  0.02729780568753768  0.02815819619628346
  0.02898964022397670  0.02982202045966167  0.03065692245469941  0.03147570337409150
  0.03231060800385854  0.03321162888078528  0.03422411347434258  0.03536297012926483
  0.03654578347138027  0.03765471895491596  0.03872273383334002  0.03989041959532977
  0.04110395224849799  0.04238568803088496  0.04376929597870519  0.04520354011596617
  0.04659446847718492  0.04798201282218909  0.04937135196069699  0.05076859736642716
  0.05234005397651501  0.05405903201829568  0.05589622310076898  0.05796713679490373
  0.06012718230204255  0.06199065321095209  0.06395278838342625  0.06609523348769135
  0.06836184461114649  0.07061226419863870  0.07283071496882357  0.07601558059669178
  0.08063851676463056  0.08694931301222418  0.09378290591390395  0.09863377025945838
  0.10533786178374867  0.11984866269630480  0.57816555976135098  1.00000000000000000
 -0.00213614568878710  0.00911780268346269  0.02012988601424973  0.03113192386682549
  0.04297504612099171  0.05557230464158312  0.06795203235120009  0.07996953746622115
  0.09138352578990112  0.10219647398269908  0.11331776147574367  0.12470475008157166
  0.13576023700205522  0.14612366862813431  0.15694171972288198  0.16828439275207729
  0.18006080390796497  0.19173309678859374  0.20325276516861390  0.21427039450730812
  0.22473997220352496  0.23515399516228139  0.24562312542223422  0.25592917678558069
  0.26573059351051942  0.27537577372641620  0.28519016832512206  0.29493506980447698
  0.30457351131026528  0.31430817176250359  0.32441329197909502  0.33462603040459388
  0.34457905431013869  0.35444422842648499  0.36436460741453680  0.37443836784166601
  0.38463597298027674  0.39483486786329502  0.40488695875146485  0.41470958867012925
  0.42434081851702204  0.43405992679967370  0.44403594702895466  0.45413101415610008
  0.46421834594587258  0.47415503693311212  0.48387014119965499  0.49341881915318198
  0.50289037013495874  0.51250253776855281  0.52252930381578377  0.53217032505891115
  0.54130546453492856  0.55000412071466931  0.55888994259298930  0.56815080679105590
  0.57786213426640698  0.58747568163184982  0.59666931923548894  0.60611963324281515
  0.61581874466858810  0.62551678727942428  0.63518065054214590  0.64511131685032552
  0.65537906260530143  0.66604378250811469  0.67652391294256053  0.68716905013270180
  0.69778064506530391  0.70851118754283593  0.71939681328766814  0.72983785363031473
  0.73974552197078813  0.74967896679324530  0.75984486674705010  0.77065460643301442
  0.78181889045458397  0.79276393828398073  0.80399587442937348  0.81562658469330973
  0.82760451168961469  0.83927547630825927  0.85071813722061873  0.86212807410471393
  0.87365121806858015  0.88476113122621802  0.89573775815101009  0.90695409472780320
  0.91864159654039235  0.93050813242283970  0.94246311864851662  0.95442103628252117
  0.96605334143061483  0.97758924217231558  0.98868428808484032  1.00000000000000000
  0.00333329763680416  0.27841268919311957  0.39592238755125031  0.44604320126723451
  0.47216015710313969  0.49314471056756465  0.51338013772890490  0.53374631508574077
  0.55440570732095251  0.57521608396958956  0.59724393244897833  0.61878832015757013
  0.63978813987535488  0.66028959071333049  0.67745630708927607  0.69361470369370493
  0.70971402342506518  0.72211515518176350  0.73330304253275280  0.74557152888371714
  0.75912895887701148  0.77211962987655391  0.78416111947029976  0.79549982711034373
  0.80640893359477250  0.81653457872770041  0.82582730670134652  0.83457098906057825
  0.84293407274856702  0.85102974927836039  0.85850728821705469  0.86538974480719233
  0.87211798249233341  0.87834839678150467  0.88396771411435626  0.88933500109435537
  0.89441405225003112  0.89913619179906668  0.90349731286888346  0.90759297991279730
  0.91155589982521890  0.91543335551640215  0.91910895559337658  0.92257312567498240
  0.92590688081049721  0.92911416032041161  0.93226179000711906  0.93534096586433269
  0.93827204696325306  0.94100757960929382  0.94360873114987709  0.94613769248184665
  0.94858439728695065  0.95093336234180825  0.95318010263501940  0.95533163011510158
  0.95738493677562830  0.95931712053298679  0.96112632447853075  0.96285152925921969
  0.96451863762627887  0.96612731356611858  0.96768607905844217  0.96920232542419671
  0.97070124118448187  0.97218336213080714  0.97361532730076739  0.97500114701888685
  0.97635565068096775  0.97767883290839785  0.97891732316882507  0.98008792903981834
  0.98121283023364136  0.98229227044581136  0.98332878325547768  0.98433391287951688
  0.98530962495437890  0.98627335350996337  0.98720202809621038  0.98807847334781163
  0.98890594369030982  0.98968359513419013  0.99042332628594876  0.99114138057834333
  0.99184768849063587  0.99254185900892378  0.99321924829838559  0.99387708700332045
  0.99452157216929016  0.99515502450792914  0.99578469223804145  0.99643536677183575
  0.99713155832334399  0.99790405571881025  0.99885031416582659  1.00000000000000000
 -0.02813269845812355  0.12789556203568181  0.17321851508228756  0.20067031660350618
  0.22216586661708998  0.24082376188805116  0.25708756682933448  0.27107432103993578
  0.28361782628892673  0.29529914568236354  0.30635792129050293  0.31720988242024251
  0.32818920419946712  0.33892902798913094  0.34906466790196800  0.35852104487440989
  0.36754053383974261  0.37608884957264782  0.38431132582006933  0.39237020523768940
  0.40087330806776839  0.40880869896454392  0.41605190986330037  0.42305712208863894
  0.43008887948307917  0.43731570749540694  0.44444375768172345  0.45158051910997909
  0.45874446590743267  0.46590602583340429  0.47279888928307762  0.47956059010775370
  0.48608730834146113  0.49257709264828875  0.49907151381003340  0.50534715119695439
  0.51161217792154945  0.51832288115585690  0.52452609407027884  0.53056380374276424
  0.53663826300580297  0.54291015118743602  0.54870306372716660  0.55442710517769900
  0.56011500175328066  0.56585391731286439  0.57185951574129046  0.57798282952549607
  0.58413835529932701  0.59027051593417190  0.59622191589290940  0.60199951198404988
  0.60766233527740543  0.61328899954966221  0.61897320025405089  0.62467089031746081
  0.63025984142786884  0.63571220869035594  0.64106459996053455  0.64633557636839034
  0.65158318601411858  0.65717220647118779  0.66274333980210376  0.66849373394271616
  0.67418513735386520  0.67980279233935692  0.68535980222623316  0.69112226184795944
  0.69690437950814110  0.70277567172524669  0.70831211529911264  0.71403571912683361
  0.71998354716397517  0.72595183901702420  0.73189185742072149  0.73782438344386558
  0.74377740892531607  0.74991726568341066  0.75628792231968078  0.76276501223477833
  0.76919280944534729  0.77557354496432329  0.78207569026910728  0.78894024978797406
  0.79637403232514381  0.80431115911213524  0.81261280099678013  0.82124594468402545
  0.83010216794583636  0.83938013494733543  0.84981077133527394  0.86201582066427729
  0.87621509716712553  0.89308229136599615  0.91981588435922124  1.00000000000000000
   4.6709116548872865E-008  -1.0000000000000000     
 F F F F F F F F F F F F F F F F F F F F F F F F F F F F F F F F F F F F F F F F F F F F F F F F F F F F F F F F F F F F F F F F F F F F F F F F F F F F F F F F F F F F F F F F F F F F F F F F F F F F F F F F F F F F F F F F F F F F F F F F F F F F F F F F
  <DiscreteSampler_grid>
  grouped_processes
  1 # 1 for a reference and 2 for a running grid.
  10 # Attribute 'min_bin_probing_points' of the grid.
  1 # Attribute 'grid_mode' of the grid. 1=='default',2=='initialization'
  0.0000000000000000 # Attribute 'small_contrib_threshold' of the grid.
  0.5000000000000000 # Attribute 'damping_power' of the grid.
 # binID   n_entries weight   weight_sqr   abs_weight
    112   10   5.707775112559861E+003   1.262610654070212E+008   5.707775112559861E+003
    113   10   5.707775112559875E+003   1.262610654070217E+008   5.707775112559875E+003
    115   10   3.108077157922879E+002   3.665261362403645E+005   3.108077157922879E+002
    116   10   3.108077157922887E+002   3.665261362403661E+005   3.108077157922887E+002
    118   10   3.108077157922879E+002   3.665261362403645E+005   3.108077157922879E+002
    119   10   3.108077157922887E+002   3.665261362403661E+005   3.108077157922887E+002
    121   10   2.425780236276081E+001   1.307550277105334E+003   2.425780236276081E+001
    122   10   2.425780236276085E+001   1.307550277105339E+003   2.425780236276085E+001
    193   10   5.707775112559863E+003   1.262610654070212E+008   5.707775112559863E+003
    194   10   5.707775112559876E+003   1.262610654070217E+008   5.707775112559876E+003
    196   10   3.108077157922879E+002   3.665261362403646E+005   3.108077157922879E+002
    197   10   3.108077157922887E+002   3.665261362403663E+005   3.108077157922887E+002
    199   10   3.108077157922879E+002   3.665261362403646E+005   3.108077157922879E+002
    200   10   3.108077157922887E+002   3.665261362403663E+005   3.108077157922887E+002
    202   10   2.425780236276082E+001   1.307550277105335E+003   2.425780236276082E+001
    203   10   2.425780236276086E+001   1.307550277105339E+003   2.425780236276086E+001
    232   10   5.207534532958001E+003   1.027831724925570E+008   5.207534532958001E+003
    233   10   5.207534532958016E+003   1.027831724925575E+008   5.207534532958016E+003
    235   10   2.754390653115112E+002   2.980598498331009E+005   2.754390653115112E+002
    236   10   2.754390653115119E+002   2.980598498331020E+005   2.754390653115119E+002
    238   10   2.754390653115112E+002   2.980598498331007E+005   2.754390653115112E+002
    239   10   2.754390653115119E+002   2.980598498331018E+005   2.754390653115119E+002
    241   10   2.950963263757199E+002   5.697989967153441E+005   2.950963263757199E+002
    242   10   2.950963263757209E+002   5.697989967153494E+005   2.950963263757209E+002
    268   10   5.207534532958000E+003   1.027831724925570E+008   5.207534532958000E+003
    269   10   5.207534532958015E+003   1.027831724925575E+008   5.207534532958015E+003
    277   10   2.754390653115112E+002   2.980598498331009E+005   2.754390653115112E+002
    278   10   2.754390653115119E+002   2.980598498331020E+005   2.754390653115119E+002
    289   10   2.754390653115112E+002   2.980598498331007E+005   2.754390653115112E+002
    290   10   2.754390653115119E+002   2.980598498331018E+005   2.754390653115119E+002
    292   10   2.950963263757197E+002   5.697989967153438E+005   2.950963263757197E+002
    293   10   2.950963263757208E+002   5.697989967153484E+005   2.950963263757208E+002
  </DiscreteSampler_grid>
