  0.00000038021476005  0.00000118632116661  0.00000197989891552  0.00000297504872164
  0.00000403499486410  0.00000504330596433  0.00000611887996177  0.00000760650913771
  0.00000940534457847  0.00001147900337877  0.00001364566284972  0.00001601934024871
  0.00001891728639060  0.00002212731667309  0.00002477687177738  0.00002730976463580
  0.00002973047054962  0.00003217304933322  0.00003433238143861  0.00003598119706476
  0.00003745147323555  0.00003882835684089  0.00004005748348584  0.00004095993448668
  0.00004170785032556  0.00004241863359883  0.00004312930963208  0.00004382567904588
  0.00004437919285805  0.00004486564649269  0.00004527438887947  0.00004562694869054
  0.00004595124386529  0.00004626227808528  0.00004655591485134  0.00004683092152782
  0.00004708944988972  0.00004730110641114  0.00004748769035365  0.00004765860210536
  0.00004781390904452  0.00004794672429877  0.00004807437759822  0.00004818221469087
  0.00004829005178352  0.00004839813237801  0.00004850621301511  0.00004863333070653
  0.00004876250351926  0.00004888612564202  0.00004900921118768  0.00004913067708084
  0.00004925268069986  0.00004937572168474  0.00004949890217691  0.00004962227540837
  0.00004974608485727  0.00004987032435072  0.00005000056000679  0.00005013478317605
  0.00005029577396526  0.00005046711152853  0.00005065317332040  0.00005082279033267
  0.00005098777295326  0.00005114841186580  0.00005137168317560  0.00005164076086867
  0.00005195754660677  0.00005230561570085  0.00005269101476650  0.00005311783540990
  0.00005361006999435  0.00005415897136049  0.00005481566107635  0.00005554330635943
  0.00005634111619532  0.00005733407738900  0.00005859794804977  0.00005999029396450
  0.00006166654970424  0.00006370954228958  0.00006588949253297  0.00006850572883135
  0.00007462275067300  0.00008247441060640  0.00009382713172455  0.00011037211026654
  0.00013534359828072  0.00017557746671413  0.00023131026309854  0.00033495260593933
  0.00056781663977387  0.00092102437949602  0.07655659178278569  1.00000000000000000
  0.00000033555929974  0.00000948394283308  0.00001430112399532  0.00001758859939732
  0.00002047210057798  0.00002319740287450  0.00002605406516393  0.00002878491026750
  0.00003149926813508  0.00003409768498319  0.00003660137428466  0.00003924422906179
  0.00004193148231816  0.00004462371458767  0.00004702451249780  0.00004922955510480
  0.00005142081246696  0.00005381972022091  0.00005667598076634  0.00005968262638730
  0.00006244516191013  0.00006532151947918  0.00006845461735907  0.00007178736485628
  0.00007512445300676  0.00007896096487865  0.00008177651269315  0.00008448589210294
  0.00008758642930957  0.00009055505935977  0.00009367037854700  0.00009759836264250
  0.00010160139349413  0.00010566157688236  0.00011075487578489  0.00011655330650727
  0.00012224014803659  0.00012800781880136  0.00013410818394309  0.00013962103811937
  0.00014508029923363  0.00015088528314995  0.00015689943766841  0.00016343036577478
  0.00017036136935563  0.00017722607890530  0.00018514672154212  0.00019424280969504
  0.00020320846830555  0.00021551043576773  0.00023073773939168  0.00024586341680414
  0.00026329476557721  0.00027816796517891  0.00029336582300607  0.00030981948515340
  0.00032274800622931  0.00033759376589211  0.00035491438900856  0.00037100611565594
  0.00038539619704920  0.00039950511949684  0.00041421940929939  0.00042926671675811
  0.00044675562414318  0.00046101114245442  0.00047669950057791  0.00049339409784232
  0.00051187931209038  0.00053748990543519  0.00057405223812110  0.00061089159187218
  0.00064822327092367  0.00068146090834441  0.00071206584723532  0.00074457971091157
  0.00077911799385315  0.00081216412622686  0.00084433196724956  0.00088815011145364
  0.00093947412651108  0.00097507812997495  0.00100475173046448  0.00103633878985817
  0.00107542908079431  0.00114006103010083  0.00123737679929507  0.00136385980945702
  0.00144150340164968  0.00153648851558710  0.00164545634590416  0.00175822710578972
  0.00194911601568810  0.00270300409235106  0.07130615136933124  1.00000000000000000
 -0.00312018718771814  0.00523644338695263  0.01367246130242623  0.02232124107938531
  0.03076076769649717  0.03885471364737167  0.04611794993031391  0.05205791335441613
  0.05794699578174883  0.06377831618778639  0.06961122860775430  0.07482490204133702
  0.08457288582638423  0.09409366596214749  0.10506469017744315  0.11802972635129122
  0.12869925297004375  0.13692638010819821  0.14627681702708994  0.15339053305140998
  0.16036842681186333  0.16850711633201990  0.17611069569319063  0.18260466464512129
  0.19230544551755380  0.20163311516453578  0.21053823551581702  0.21938808358675579
  0.22848403623530758  0.23839569409775291  0.25120444752887505  0.26232004921682500
  0.27340008971040841  0.28446068701403682  0.29497524195309821  0.30444475916237640
  0.31194693562035009  0.31994493150369752  0.32772852494548432  0.33706536932898917
  0.34751134186088445  0.35824988669155833  0.36783918560615453  0.37831072495418544
  0.38876996155413479  0.39863495372020913  0.41146652138924311  0.42126114660178704
  0.43042909224369957  0.43957969112960066  0.44845229346486720  0.45887907388436494
  0.46938333284013956  0.48109659644987957  0.49440476212005424  0.50501946570729273
  0.51323992362853865  0.52146828728288253  0.52875107397297050  0.53852679496527411
  0.54912467116297869  0.56066898380347430  0.57076276488687572  0.58085720634981219
  0.58950643458393714  0.59947108241444425  0.60932742728592837  0.61786534191849618
  0.62670834568805001  0.63564163463192946  0.64470832498683028  0.65381519390807008
  0.66332796030462160  0.67451372143661248  0.68718138139776419  0.69866865999647498
  0.71156590170928624  0.72607707225917439  0.74456034180150743  0.75840534463569831
  0.77250647495842084  0.78704025183077708  0.80023211425857066  0.81241572868473033
  0.82802852539301963  0.84517966806400169  0.86133399453621673  0.87616775538008473
  0.89129996347225360  0.90574061272644779  0.92161992333488729  0.94156380888575431
  0.96391174939884894  0.97799952161351433  0.98969158326490936  1.00000000000000000
 -0.00479784337419078  0.01652183582047997  0.03198651859918156  0.04451095610361618
  0.05542470379859551  0.06537976510121238  0.07514028558440929  0.08379248471936869
  0.09154062306456756  0.10018731484738272  0.10862071172611171  0.11748965640663021
  0.12715896694318801  0.13638925597372437  0.14564775480923189  0.15992551930947457
  0.17497822961597881  0.18657288737095054  0.19739175389899860  0.20597448301168111
  0.21530889040457066  0.22534847716157419  0.23612081855487316  0.24861162557862312
  0.25856235439992731  0.26804470096144606  0.27905253045676581  0.28984487925466679
  0.29925522642956104  0.30835927149839720  0.31749709973647022  0.32753081339231854
  0.33735877656536006  0.34877014305801435  0.35982877866223906  0.36856653738043288
  0.37790752725465154  0.38892439853388411  0.39989103387794167  0.41156676201102332
  0.42311326254798698  0.43459460659335147  0.44668769049273105  0.45809694252863203
  0.46742725945989660  0.47544993758248444  0.48269268905011947  0.49023426521410146
  0.49771656410742215  0.50806074600754025  0.51709175210256564  0.52599002950985529
  0.53541676599367083  0.54455732114376099  0.55240108714920622  0.55955440775401122
  0.56788301258890639  0.57698984349110971  0.58749815851889176  0.59841768978020859
  0.60917234677279897  0.61946397750940096  0.63117855531362299  0.64319125201638028
  0.65391613531696446  0.66316694235064277  0.67134529487834382  0.67937282365582752
  0.68762928042883709  0.69645660138685939  0.70713645788976487  0.72147958957420655
  0.73483068926704853  0.74984905014100989  0.76561960521314709  0.78103850977138778
  0.79511569294146778  0.80945191343766798  0.82271254999497734  0.83536895872687555
  0.84775791113232757  0.85781298317294219  0.87155015865639185  0.88226187840492054
  0.89475338644465463  0.90822793190538031  0.92045004071007153  0.93050632263676913
  0.93935391520443112  0.94737816722293533  0.95607112711035236  0.96461947717566299
  0.97376267231109548  0.98251900399600911  0.99116256966600269  1.00000000000000000
 -0.00296656847458076  0.00610282252040393  0.01495340202095248  0.02385591745956933
  0.03467564652221273  0.04747486397312564  0.06366496712617875  0.07664844239762572
  0.08663510210745246  0.09545650798948502  0.10442361283451627  0.11215316919873454
  0.11935872347681363  0.12783939619917412  0.13795734077217395  0.14871006057999195
  0.15693002638700124  0.16434385180013966  0.17173040404892190  0.17934703859992648
  0.18880455114552785  0.19851568111130916  0.20961222837151933  0.22216846245826799
  0.23382559631300717  0.24473132290624264  0.25487380405234178  0.26685654535512865
  0.27718220523805615  0.28574060812063923  0.29660411362383199  0.30695361323124776
  0.31670910694531113  0.32565719986207303  0.33441385207779911  0.34577552745302653
  0.35863513888962839  0.37333671391557849  0.38828746224308447  0.40116485642559746
  0.41292756978075168  0.42329346090092601  0.43357252361210624  0.44402985094712982
  0.45446397911400849  0.46541166975446546  0.47505274239166534  0.48532594390486616
  0.49649036690075299  0.50851530347957774  0.51901697025333016  0.52873004336213503
  0.53804412400654356  0.54755850307188103  0.55782012214328358  0.57085067650312560
  0.58689284948481202  0.60173781167636142  0.61320930345706737  0.62260627601066498
  0.63136256391403567  0.64026328051103543  0.65030779285977147  0.66299233481215358
  0.67862607115693541  0.69469849550550844  0.70885719450826579  0.72050370348844706
  0.73039111835400028  0.74084112651115630  0.75064646225790288  0.75927811508848930
  0.76859500574376471  0.77776921324378490  0.78783943587866812  0.79876466553845982
  0.80744332707774136  0.81564965636391462  0.82580814816311121  0.83647810136018008
  0.84715254741090917  0.85944039165064046  0.87085465043589516  0.88227113541782221
  0.89342754280684433  0.90322701260681548  0.91238498753199238  0.92328562302461137
  0.93334018104539684  0.94242066496761034  0.95282695332243172  0.96280639374307531
  0.97252703435796073  0.98140213258501197  0.99022768313061327  1.00000000000000000
  0.07203085373769286  0.15324049918877530  0.21671788589020424  0.27811101493756218
  0.32958059457799282  0.36601301626640664  0.39363210851139468  0.41153577811118508
  0.42347227043433644  0.43236006173309427  0.44007192157871611  0.44631939632780826
  0.45165816452393520  0.45644377718995627  0.46143207315527601  0.46668772060837327
  0.47230076429008971  0.47740394717450646  0.48227743921893546  0.48727781684697002
  0.49184757800796652  0.49631493069918448  0.50074939030310606  0.50524418524247050
  0.50986194653724359  0.51470852587392746  0.51998837024674083  0.52528201662685980
  0.53041986995550139  0.53541446270018567  0.54033655062690267  0.54538538426239180
  0.55008382526384914  0.55481835712519012  0.55991972526022427  0.56564323142248019
  0.57208008411300082  0.57945827780048986  0.58455109709759501  0.58919042413057865
  0.59436342658360319  0.60001178075484229  0.60515427355248086  0.60960145810432143
  0.61373941546009769  0.61765742359015907  0.62158060155635986  0.62562622974303728
  0.62989060042887324  0.63485664537356234  0.63866557964530957  0.64214945275667923
  0.64562952868205825  0.64952849209214736  0.65425583985515268  0.65879581526145992
  0.66325951402023642  0.66873374886883241  0.67415379766644123  0.67932993956462029
  0.68462125135567631  0.69108725099138268  0.69793117519815118  0.70546794002708280
  0.71386403064561221  0.72273585197842261  0.73161378361835427  0.74038041535210719
  0.74894222989087389  0.75662911330268812  0.76507063873567738  0.77363654834754259
  0.78228452309108454  0.79271376021099382  0.80273846369540214  0.81352137369191113
  0.82533550742458950  0.83493473437354337  0.84179420632608237  0.84877256785552802
  0.85515418210865968  0.86102883095628990  0.86630866870660861  0.87166641973384629
  0.87733376411087094  0.88377832973224113  0.89098120392734703  0.89885957688580076
  0.90908384587275581  0.91920884155064020  0.93027529909315487  0.93895383632050988
  0.94696826096011621  0.95517833038686384  0.96475557229635800  1.00000000000000000
 -0.01788523375731014  0.10050561723974165  0.12763504170458395  0.15192054571401600
  0.17462047439945491  0.19224344405213353  0.20501457443412785  0.21520159053540361
  0.22518128451554170  0.23538466111787970  0.24524815220778085  0.25589405856727587
  0.26649778801372692  0.27723724059382249  0.28918973790102298  0.30022579631427454
  0.31044224973582873  0.31902293220892997  0.32625188070451461  0.33321155421222037
  0.34017259607151579  0.34762004638302868  0.35488070969646607  0.36052600340435631
  0.36639775657222429  0.37192523799781746  0.37710913712911165  0.38217645197054551
  0.38739418857758423  0.39333725432494837  0.39806748672796444  0.40271569046670436
  0.40752468170078548  0.41210659741532057  0.41783162888028091  0.42470132621483858
  0.43194787089356868  0.43916004601686054  0.44659942144229520  0.45445969904908934
  0.46224180076252197  0.47005298780695143  0.47699049499646934  0.48241085953954232
  0.48741006398796927  0.49185886412670926  0.49634433183730325  0.50119456070880530
  0.50670272256192650  0.51224168879250054  0.51746913872613420  0.52296242468605303
  0.52920937473171548  0.53528828874341094  0.54099822884050253  0.54882903893917812
  0.55640112578870882  0.56257758935853575  0.56984645450251181  0.57806160408153673
  0.58639389457839186  0.59552064956856177  0.60526736023434280  0.61448500485942359
  0.62216248134968366  0.62879233057906148  0.63494958575245675  0.64023759904369193
  0.64555554744797838  0.65052577734099815  0.65626011458684119  0.66458492720601192
  0.67242203492538899  0.67970481238755487  0.68594422324591253  0.69095194288151107
  0.69546655355367848  0.69986795136110669  0.70529447824259850  0.71163039954263196
  0.71889271460557169  0.72658478786359282  0.73578661357961395  0.74691753633742730
  0.75648992341936627  0.76588423234973613  0.77566466347398744  0.78559631763578475
  0.79512640983276173  0.80488224385258444  0.81606912190646153  0.83051483015698813
  0.84752852006900092  0.86584239246368599  0.89467298558128050  1.00000000000000000
   2.4886103669815561E-008  -1.0000000000000000     
 F F F F F F F F F F F F F F F F F F F F F F F F F F F F F F F F
  <DiscreteSampler_grid>
  grouped_processes
  1 # 1 for a reference and 2 for a running grid.
  10 # Attribute 'min_bin_probing_points' of the grid.
  1 # Attribute 'grid_mode' of the grid. 1=='default',2=='initialization'
  0.0000000000000000 # Attribute 'small_contrib_threshold' of the grid.
  0.5000000000000000 # Attribute 'damping_power' of the grid.
 # binID   n_entries weight   weight_sqr   abs_weight
    22   10   5.061683164063509E+000   9.826752766167888E+001   5.061683164063509E+000
    23   10   5.061683164063508E+000   9.826752766167881E+001   5.061683164063508E+000
    25   10   2.222216193892744E+001   1.321344994131972E+003   2.222216193892744E+001
    26   10   2.222216193892750E+001   1.321344994131979E+003   2.222216193892750E+001
    28   10   2.174655890244185E+001   2.040762307754485E+003   2.174655890244185E+001
    29   10   2.174655890244183E+001   2.040762307754480E+003   2.174655890244183E+001
  </DiscreteSampler_grid>
