  0.00952673139056485  0.01723721821657850  0.02571973948840374  0.03571470362196159
  0.04567660038921945  0.05601745278450339  0.06698024570671539  0.07779190313757578
  0.08813562766552671  0.09871302042584540  0.10941598122002819  0.12107719542068268
  0.13273674382226117  0.14504900998982020  0.15783456705260365  0.17029660357823101
  0.18251471477269160  0.19413841565532339  0.20603399029213162  0.21858915645228533
  0.23065969830245467  0.24181180839636057  0.25280320730453343  0.26391864972023860
  0.27462990828481587  0.28470703724058533  0.29510997359837721  0.30602809688257021
  0.31687149388897029  0.32669844874174542  0.33716913097535295  0.34710061614953158
  0.35655463033484636  0.36586144038370105  0.37532473664785093  0.38495700804825173
  0.39408094534906052  0.40355096023316850  0.41336152352902061  0.42300276780684321
  0.43335486144101537  0.44319069156881019  0.45328501621581740  0.46264653926921673
  0.47211865453677693  0.48158005406137827  0.49157724881519632  0.50206116289637881
  0.51315812104219527  0.52384744093641189  0.53457889654219948  0.54555864963973011
  0.55675025367956577  0.56771841845126103  0.57841792788291546  0.58913282044910498
  0.60009597881306220  0.61038944894750391  0.62075617918822024  0.63146499182224169
  0.64222117170502524  0.65380453258821292  0.66496214818891697  0.67576885466472070
  0.68594905607054957  0.69651001522792433  0.70762004892919106  0.71875696292846813
  0.72956422636241036  0.73984697608589090  0.75024519362308850  0.76145472107150358
  0.77302599409719552  0.78441009835227948  0.79484058286756032  0.80466443031986901
  0.81413425732128952  0.82406744575729840  0.83394503252104002  0.84406139152370852
  0.85362780724642107  0.86360076114841333  0.87345975787028773  0.88293379203516675
  0.89209935168289212  0.90181275504636649  0.91197996461167330  0.92241477040646636
  0.93287668123596212  0.94293180189398296  0.95363402656648733  0.96384805942384888
  0.97359062517783546  0.98271969821861538  0.99095722977677059  1.00000000000000000
 -0.00336288701429280  0.01727964736787391  0.03124793583113970  0.04355347205309051
  0.05460813714180544  0.06607927801715102  0.07720119864122475  0.08755341414888429
  0.09738429706877699  0.10743310360354878  0.11807627819867110  0.12926501673502819
  0.14012481746377417  0.15001671023521482  0.15928074333013828  0.16836581195976230
  0.17746297886684367  0.18652865496330048  0.19557155194961554  0.20479943710878581
  0.21442020617312621  0.22402762299391796  0.23370932901564598  0.24387504126026527
  0.25332560679205096  0.26284997278381927  0.27289292661600562  0.28374281054459793
  0.29442909142674772  0.30497746484484406  0.31567093666428619  0.32628848281135620
  0.33613986067565865  0.34515766367693540  0.35360801692358773  0.36225335916392676
  0.37157400776498162  0.38198415154515286  0.39263493464652299  0.40237828554637489
  0.41228554952316859  0.42192924659583908  0.43149923758066561  0.44052356398668380
  0.45000260021061406  0.46042294643109510  0.47296938847467718  0.48523513825210207
  0.49660257996460788  0.50746961202293295  0.51750115836589772  0.52820980366469861
  0.53875218970744287  0.54949160238511652  0.55945239432242011  0.56947104750382016
  0.57963772259556290  0.59026831300634242  0.60139731205115554  0.61257458326689351
  0.62353805518388983  0.63432020851326409  0.64507843407099674  0.65570908099951186
  0.66662969267732131  0.67749606502080184  0.68832485136189370  0.69937343980642985
  0.71050871290714690  0.72258805118938629  0.73505222829340922  0.74678047594292363
  0.75793137101337760  0.76844868054786397  0.77915794615737366  0.79000429908103964
  0.80054808978667735  0.81054833875527332  0.82050025021065220  0.83031924592337858
  0.83942695504713360  0.84831075429065994  0.85836201590681027  0.86847810316235963
  0.87898596071379342  0.88930543145580021  0.89945092612195554  0.90949960955411935
  0.91950216240768212  0.93008127818669550  0.94155430948239593  0.95365952899822137
  0.96402938475108679  0.97465764667505039  0.98588955739483575  1.00000000000000000
 -0.00000087750880628  0.00001155279199841  0.00001762464265924  0.00002339233391036
  0.00002904911490316  0.00003439519748620  0.00003976394046894  0.00004533339685438
  0.00005112447715351  0.00005715092412896  0.00006318151406936  0.00006921685037620
  0.00007536325348734  0.00008158822945906  0.00008781809158081  0.00009400004298280
  0.00010038470620927  0.00010702683868327  0.00011362458345721  0.00012017070377867
  0.00012685203452275  0.00013373928361509  0.00014076903571274  0.00014795907447424
  0.00015536216688775  0.00016292254401533  0.00017061429505273  0.00017836479603131
  0.00018623687098765  0.00019460971966038  0.00020340869874712  0.00021276961386849
  0.00022205383210367  0.00023189774643442  0.00024187476118037  0.00025220379298731
  0.00026223603122738  0.00027245565498306  0.00028327091263239  0.00029487570544449
  0.00030714601977498  0.00031980416297861  0.00033264184693837  0.00034539678381369
  0.00035874630701096  0.00037284125657952  0.00038683741410359  0.00040067437021336
  0.00041446708857802  0.00042838232308443  0.00044276531479461  0.00045767610951299
  0.00047251033350930  0.00048794610127129  0.00050361554735274  0.00052000693606885
  0.00053643111461773  0.00055326143432279  0.00057047221873216  0.00058745361836644
  0.00060492492961280  0.00062473122253382  0.00064635044200543  0.00066888060150376
  0.00069054113373404  0.00071691330382253  0.00074658784038176  0.00077503791025095
  0.00080600820955097  0.00083925289353532  0.00087487367356734  0.00091264465514814
  0.00095917592515416  0.00100678165853333  0.00105150950729793  0.00109792155022306
  0.00114735797157951  0.00119735158388511  0.00124837068181314  0.00130457712617589
  0.00136504248909487  0.00142437933986268  0.00149994836241058  0.00157325472573482
  0.00163455134594968  0.00168716380485542  0.00175100820022360  0.00181755697205511
  0.00189070828126675  0.00199236170382459  0.00214193777754462  0.00233539144145919
  0.00247278518907132  0.00322054207175923  0.01113655485212490  1.00000000000000000
 -0.00153184356978253  0.00833209832686955  0.01702027397032365  0.02600364033877622
  0.03601635272387858  0.04683287307915477  0.05781748857974794  0.06900990874505109
  0.08031396964838916  0.09127886504178995  0.10179013854149148  0.11176377321755981
  0.12121177223916478  0.13048711805111751  0.14015937043639368  0.15027186807594822
  0.16057319900163650  0.17120404912722387  0.18225748823001772  0.19402518230544247
  0.20628592692643022  0.21774929288289654  0.22893640753711386  0.24020007074786778
  0.25132009663840243  0.26230571378742445  0.27296918272928489  0.28307829294064896
  0.29328363570923505  0.30375914713463981  0.31437100370668131  0.32414375934237805
  0.33401420206935717  0.34487555305389928  0.35562273744841844  0.36646592307515063
  0.37798640222518981  0.38992176994638678  0.40140532612795243  0.41291105751131274
  0.42444292902097541  0.43509243295023342  0.44471701572321726  0.45418201008399994
  0.46421117429030972  0.47463481441447697  0.48513360609621831  0.49567827095745554
  0.50700203191236271  0.51862472027318784  0.52982893730549263  0.54071948710693019
  0.55167451503075393  0.56257216301023416  0.57318407856730225  0.58374929968543421
  0.59489743725797506  0.60654435808181906  0.61788143506342630  0.62826078621784465
  0.63773667892806629  0.64684591035047256  0.65597563192342445  0.66527286081719950
  0.67492056159297042  0.68497981880898551  0.69536955311822823  0.70590548204189008
  0.71685790346217915  0.72877514943679522  0.74112446082252115  0.75307527022445864
  0.76437376604351992  0.77489530005664975  0.78485549689406864  0.79480691239400325
  0.80498943753328989  0.81579082403090231  0.82686346955974632  0.83748502732080032
  0.84792873619259179  0.85781608143587917  0.86770784488930774  0.87798684004647332
  0.88804031989566690  0.89791245213856075  0.90830742872411308  0.91890694216833080
  0.92887614428373022  0.93839052757650010  0.94810552780312984  0.95833961048404848
  0.96890458195082718  0.97890264959060502  0.98957749597284783  1.00000000000000000
 -0.00215510293539077  0.00984530901030051  0.02003641762175200  0.03034798338148808
  0.04111739510495279  0.05245667228021408  0.06327408875238463  0.07386776740074077
  0.08445175546500236  0.09540755453605521  0.10677907913503379  0.11871327816485948
  0.13047125133697368  0.14159413395898165  0.15229825136883102  0.16283073861121367
  0.17330070200411077  0.18357188826480744  0.19314178340974750  0.20227114717909561
  0.21165173873504420  0.22204098126732139  0.23332593627676435  0.24460727999639503
  0.25541511954974550  0.26599804997133669  0.27681529225779716  0.28837390275465646
  0.30029023569860391  0.31191257686728047  0.32322161608788030  0.33444029305483874
  0.34572628512130477  0.35705631435773511  0.36820707496526456  0.37840565863617487
  0.38777268502556911  0.39694348066699037  0.40652876720540765  0.41664471919378498
  0.42678254279811251  0.43658831217980931  0.44636475958101651  0.45570915787785443
  0.46453025109079155  0.47372592881489978  0.48355215209373353  0.49382957719303139
  0.50353365889444346  0.51286033061311298  0.52225046571666800  0.53168654621974731
  0.54077148695696320  0.54998064284410353  0.55909332152293212  0.56891090539767286
  0.57871131452602320  0.58960266698272523  0.60007109641836442  0.60987984768719894
  0.61938574857515771  0.62999230779458759  0.64026978307764593  0.65048311226527133
  0.66048854103296295  0.67014172271076056  0.68009831900628170  0.69013069043722153
  0.70100296611424640  0.71318937507374447  0.72569284626816233  0.73817401078109190
  0.74961388531977247  0.75976698645527374  0.76981475436995750  0.77950852539185123
  0.78919950066366917  0.79912956828706183  0.80831951531084834  0.81847040352970180
  0.82943738684261570  0.84084874782550934  0.85309099693720036  0.86568587669709807
  0.87772853841243403  0.88905111980661244  0.89963553189224532  0.91039399437846769
  0.92166852657003984  0.93302561180814791  0.94446241902211614  0.95605665299650000
  0.96745314201464083  0.97843853797440017  0.98904047551291363  1.00000000000000000
 -0.00151598040809680  0.00486530277871530  0.01069298393648571  0.01662218202808436
  0.02285456250954387  0.02935432802951957  0.03672861590957144  0.04471233381356757
  0.05284405855331074  0.06055581492647249  0.06816789302406942  0.07592956533333256
  0.08417300061965299  0.09251009102203454  0.10035407403495317  0.10796549468652389
  0.11584043325964034  0.12454972264542051  0.13423820902218461  0.14434735595590387
  0.15547793006642452  0.16616058699542485  0.17556947974041076  0.18416606899541793
  0.19205186294457380  0.19985683331777165  0.20868974640097593  0.21814211595257893
  0.22727030527048175  0.23600808828883862  0.24509967162397156  0.25514248307610043
  0.26633141528533538  0.27707519904177136  0.28746489755315652  0.29779667781480323
  0.30809743534593054  0.31861971657892846  0.32909915173216414  0.33906042193838987
  0.34847967986889733  0.35767381926094527  0.36701745655009393  0.37655531870054521
  0.38537574607027975  0.39369325503208319  0.40229612038731055  0.41140648063997098
  0.42093294779097834  0.42975700869793848  0.43816814311006225  0.44732970285976847
  0.45670275025013135  0.46662113852738729  0.47687518418687452  0.48708804333440547
  0.49742895988084590  0.50734158395201367  0.51683490138928034  0.52611952694538056
  0.53492828517267499  0.54363537558013808  0.55237387592961484  0.56129889884774453
  0.57102118141576330  0.58105123353760069  0.59157422915768665  0.60208895304203547
  0.61251723660942292  0.62303215555315039  0.63391873859485326  0.64476390714150789
  0.65510127618754144  0.66521191804636948  0.67555510519345552  0.68606130681891808
  0.69645609978108070  0.70671219597960055  0.71824236611642944  0.73121607416489354
  0.74536958296487210  0.76037435607192772  0.77499087861766580  0.78929654227014456
  0.80422879400857916  0.82040077057018079  0.83744640083526245  0.85483027997697270
  0.87278557170062920  0.89227448758084238  0.91226960777848543  0.93134881028739813
  0.94932977748533354  0.96642511057045111  0.98311904961472574  1.00000000000000000
 -0.00230930241426681  0.01024090694713932  0.02136288730723262  0.03210099733603414
  0.04265603790341119  0.05328737706971974  0.06473802460214800  0.07716660145689480
  0.08821156639003157  0.09787078065720112  0.10729756443211622  0.11731498576542781
  0.12817659765082820  0.13921923939472888  0.15072005819510217  0.16188192772392695
  0.17290971266050223  0.18290369590392835  0.19319646704543739  0.20331700654928248
  0.21327808958340910  0.22402748327182978  0.23533776716885904  0.24651151270580016
  0.25685820689416394  0.26614350223858513  0.27542615156518874  0.28450309441101612
  0.29387608776883384  0.30394038694937686  0.31468532730574256  0.32420617805993068
  0.33433851542574738  0.34505443567462657  0.35580331555613426  0.36595025158038524
  0.37583089967154126  0.38647753480601793  0.39671975402443399  0.40574196456914274
  0.41487000545602037  0.42493145515133801  0.43683189398716510  0.44784012704044524
  0.45816989499188127  0.46848577740858344  0.47936954705195295  0.49054900201058599
  0.50168579294741555  0.51284559263548124  0.52442233592629572  0.53593087328659628
  0.54809778236995454  0.55985808131138848  0.57056399216592402  0.58108518523825914
  0.59184335523746623  0.60303162099975394  0.61384830279143321  0.62435397228540046
  0.63465083235024555  0.64558352262132856  0.65552894747945234  0.66563581306793274
  0.67597790514614109  0.68723347679860103  0.69837706613662420  0.70862447693939001
  0.71943395106000607  0.72987234301475834  0.74014557414775317  0.75024323236816959
  0.75995339983447652  0.76913953038569027  0.77856044025728033  0.78830112597037205
  0.79839754964727694  0.80811989157335362  0.81820161810663561  0.82897150904159345
  0.83974747569687103  0.84987405679394978  0.85972679325621648  0.86985848069200045
  0.88022276223987805  0.89103871017221448  0.90231080699228172  0.91381824103136711
  0.92542716023243143  0.93630476991629819  0.94659951754779037  0.95705242868141760
  0.96833276094798837  0.97957438464356517  0.98998132419119333  1.00000000000000000
 -0.00241852716172623  0.00999622510680343  0.02088659933106155  0.03247510722223867
  0.04238604788409418  0.05199210165523684  0.06130456139958012  0.07093483664611121
  0.08056291849080614  0.09038712604315008  0.10016826348757038  0.11056875722094095
  0.12047640297684908  0.13041939153561066  0.14075374388934181  0.15121494205643538
  0.16086820382011169  0.17033572215504997  0.18001565370216724  0.19065814128691239
  0.20205482576120734  0.21332783780363829  0.22411375269520536  0.23403618523315331
  0.24331728918728029  0.25266760454173470  0.26232841957618108  0.27233117824476916
  0.28192286689659929  0.29112306344288702  0.30076261975168478  0.31029096517861809
  0.31917335679895964  0.32791993615809339  0.33699686883018881  0.34661389099711926
  0.35642677261283745  0.36667019988594740  0.37771551489983979  0.39011092866610120
  0.40287419456762757  0.41536767451293050  0.42729530230331225  0.43851972440349696
  0.44923690913998537  0.45981828630952676  0.47077232202020669  0.48143748755144522
  0.49155541011214599  0.50172178980215931  0.51215281444476357  0.52250284399064872
  0.53264073718610538  0.54303078580568731  0.55375241748532145  0.56478851463808299
  0.57635329501275068  0.58836658905028716  0.60032584812812140  0.61191127613449392
  0.62258617657376303  0.63354558067598166  0.64473655315220046  0.65636689754425559
  0.66788965625104046  0.67928958929113925  0.69079553524749560  0.70239326132653901
  0.71334706398888903  0.72416127252368967  0.73500635310066875  0.74540967186747487
  0.75614481748732965  0.76662783459202977  0.77724477210511833  0.78798135442213346
  0.79785710141710453  0.80775993109840483  0.81764567088362472  0.82796832034917145
  0.83883697095538745  0.85001077544042003  0.86119541279129719  0.87174773403230454
  0.88172442784323268  0.89158973358971594  0.90188223069909956  0.91243353908930058
  0.92294596459801115  0.93363862650256024  0.94504802273678490  0.95710753645805557
  0.96840686814689414  0.97882726767191075  0.98947512756581779  1.00000000000000000
  0.01853739249284017  0.20631306056331888  0.29456431967920421  0.34210668106925990
  0.36297529509876431  0.37558197565920515  0.38517663980110106  0.39442349792918535
  0.40270677807763994  0.41030364160230870  0.41778926572832992  0.42531209606492637
  0.43324149883237573  0.44099177565684494  0.44864052135549753  0.45586481897730680
  0.46346584217828041  0.47072646488968506  0.47789059304083942  0.48499935766108465
  0.49229666143959300  0.49982908994620023  0.50686923044138377  0.51307113988758446
  0.51931500480378667  0.52533418144028565  0.53142080743410680  0.53837201327916118
  0.54499383262007628  0.55153336078520399  0.55794911637894917  0.56397938654942248
  0.56957449640941182  0.57510064684273976  0.58071644780455722  0.58641732308099093
  0.59225999840137566  0.59808446346600519  0.60385843999012223  0.60947495647256245
  0.61506173789935448  0.62073804357769935  0.62691217850833281  0.63339792177981524
  0.64014326719222969  0.64717137195290719  0.65436554150252713  0.66146426272541037
  0.66819725554623288  0.67467255203381360  0.68127175131240547  0.68813112215732264
  0.69464635154680643  0.70095416597265769  0.70712577432506407  0.71346945880565249
  0.71972873190437514  0.72591000410765871  0.73171732938468392  0.73742038654209319
  0.74281823765581267  0.74814520733287571  0.75370720507121103  0.75956603402873124
  0.76540640574691776  0.77116016264934650  0.77625067904910483  0.78121181946072260
  0.78624453681911577  0.79132861350217032  0.79667214995884272  0.80221464051868585
  0.80769375809935218  0.81307691300152740  0.81851716830134302  0.82412169138105795
  0.82974800996855014  0.83525844374239167  0.84090207391601501  0.84685338214444794
  0.85302674568436543  0.85935891111904583  0.86565570361545985  0.87191572331949441
  0.87857734456650149  0.88561852858149548  0.89272761773061915  0.89998103944426033
  0.90734955453539123  0.91455996636355874  0.92189512506328264  0.92986783574281984
  0.93874988558499484  0.95009789130888822  0.96598161771809932  1.00000000000000000
 -0.01474120693531441  0.09083611741934763  0.12607083348705156  0.15081250176561672
  0.17002234053875698  0.18474267473536016  0.19743235880273866  0.20975171627164704
  0.22076279091794865  0.23122538481214566  0.24055080172987420  0.24922091302958480
  0.25694004788403163  0.26430288588546708  0.27149583814635231  0.27947280935204694
  0.28726966964804862  0.29518708241553082  0.30231811495480448  0.30958623972715960
  0.31686453934934289  0.32401024927650890  0.33098465231914964  0.33745170837522437
  0.34382887288572239  0.35028267690453052  0.35653281010977911  0.36282590315709567
  0.36908150861413846  0.37488977109732202  0.38057240624341482  0.38627523595871149
  0.39204554976204448  0.39821869885487715  0.40438733873931310  0.41045865310379176
  0.41709562501648095  0.42312657912637835  0.42921384432101267  0.43498178161021339
  0.44060857775403467  0.44616540909488517  0.45219370730088859  0.45834717752071236
  0.46428528970845573  0.46967097002798586  0.47468623163897422  0.47968493395675443
  0.48469374348878841  0.48980546273723480  0.49486975998318350  0.50005358377344999
  0.50567322680628557  0.51161371731621719  0.51756508171937365  0.52324507803330045
  0.52863275747495253  0.53396991610072053  0.53924139784241776  0.54479925311292021
  0.55058233683261537  0.55651931559791623  0.56226555408401480  0.56797038711625580
  0.57372529014302720  0.57961925638501155  0.58573518648311629  0.59202328893843348
  0.59842931895754592  0.60510913186712167  0.61224844477973994  0.61882341031555121
  0.62535193130716882  0.63186576682744233  0.63868549922875439  0.64636429061584744
  0.65450904711977342  0.66272893384881437  0.67095905957340241  0.67901038617746978
  0.68740261874802977  0.69620612777900248  0.70530420727131871  0.71470575376170131
  0.72440508255824132  0.73477591390735320  0.74589963806856530  0.75788474725083343
  0.77015482771935584  0.78309961547112406  0.79658988103952355  0.81104637361677956
  0.82844135979151723  0.85201747761823621  0.88696574382875770  1.00000000000000000
   7.0106810096301615E-009  -1.0000000000000000     
 F F F F F F F F F F F F F F F F F F F F F F F F F F F F F F F F F F F F F F F F F F F F F F F F F F F F F F F F F F F F F F F F F F F F F F F F F F F F F F F F F F F F F F F F F F F F F F F F F F F F F F F F F F F F F F F F F F F F F F F F F F F F F F F F
  <DiscreteSampler_grid>
  grouped_processes
  1 # 1 for a reference and 2 for a running grid.
  10 # Attribute 'min_bin_probing_points' of the grid.
  1 # Attribute 'grid_mode' of the grid. 1=='default',2=='initialization'
  0.0000000000000000 # Attribute 'small_contrib_threshold' of the grid.
  0.5000000000000000 # Attribute 'damping_power' of the grid.
 # binID   n_entries weight   weight_sqr   abs_weight
    61   10   1.401847088961494E+002   4.619228330829759E+004   1.401847088961494E+002
    62   10   1.401847088961495E+002   4.619228330829757E+004   1.401847088961495E+002
    64   10   4.257175395387422E+003   3.396064865493621E+007   4.257175395387422E+003
    65   10   4.257175395387424E+003   3.396064865493619E+007   4.257175395387424E+003
    67   10   4.257175395387423E+003   3.396064865493622E+007   4.257175395387423E+003
    68   10   4.257175395387423E+003   3.396064865493619E+007   4.257175395387423E+003
    70   10   3.980758340543982E+004   3.842698173334408E+009   3.980758340543982E+004
    71   10   3.980758340543985E+004   3.842698173334407E+009   3.980758340543985E+004
  </DiscreteSampler_grid>
