  0.00000043604500279  0.00000128746873169  0.00000214088292642  0.00000302108881357
  0.00000395854430726  0.00000493475865701  0.00000592079346807  0.00000692598377950
  0.00000794848793051  0.00000902508063677  0.00001007089102955  0.00001118342564757
  0.00001225453066296  0.00001326163602576  0.00001423217099185  0.00001515024887155
  0.00001605588646641  0.00001690889049448  0.00001771353259338  0.00001847353086761
  0.00001919931329346  0.00001988972051753  0.00002049994587922  0.00002104776875708
  0.00002157149134450  0.00002208037095952  0.00002257489930428  0.00002306859431367
  0.00002353861900003  0.00002397767283843  0.00002440408105581  0.00002482139399191
  0.00002521454188584  0.00002557635439258  0.00002593189386178  0.00002628466923283
  0.00002662764196861  0.00002695621686904  0.00002726690101542  0.00002757566174832
  0.00002787502883674  0.00002816492050402  0.00002845524183836  0.00002880301724071
  0.00002917154372550  0.00002959664330618  0.00003957735124962  0.00004786284105757
  0.00004863166810041  0.00004928792883939  0.00004984896600098  0.00005041516060132
  0.00005098699675068  0.00005162684368512  0.00005229016821253  0.00005296621382260
  0.00005363514172941  0.00005431048897642  0.00005501498535467  0.00005575099040109
  0.00005651496514488  0.00005743030821896  0.00005838833174882  0.00005944638499568
  0.00006060083186792  0.00006180176553472  0.00006304579775517  0.00006432557574581
  0.00006567130485296  0.00006722228946503  0.00006913820720660  0.00007143019404653
  0.00007396109470657  0.00007656536028871  0.00007925395467895  0.00008258929291635
  0.00008658884713250  0.00009105095754156  0.00009599693567934  0.00010214864784843
  0.00010900945690818  0.00011708040137555  0.00012665687419442  0.00013779136774163
  0.00015048863020017  0.00016637873943561  0.00018715076845184  0.00021531463552522
  0.00025526314375781  0.00030849452286538  0.00038355325853034  0.00050610803059462
  0.00075982816967389  0.00139415235102069  0.04734335906454337  1.00000000000000000
 -0.00002241458972275  0.00026750769163634  0.00075890439832111  0.00140722773750665
  0.00239307288258956  0.00352283254469481  0.00495770934035811  0.00672002210379081
  0.00866976062663355  0.01079489859164588  0.01296007948376855  0.01528021452476554
  0.01775366346857139  0.02032019500752394  0.02321705113563300  0.02642972011454884
  0.02967873843609838  0.03292809025791872  0.03637397501306334  0.03990207344670692
  0.04326686726317054  0.04637695551082593  0.04956198625279595  0.05285195615869377
  0.05639232822347990  0.06032767974879642  0.06459700028871129  0.06899027697364622
  0.07353259986694009  0.07815709811465456  0.08294224501135174  0.08810186506850629
  0.09361200707550713  0.09905948868302789  0.10433438442675787  0.10951531283456542
  0.11465456426519761  0.12006252418360522  0.12573430351634077  0.13166074729284344
  0.13869614659452625  0.14567807102821367  0.15279054041887685  0.16033005145218066
  0.16831935715900917  0.17631250261549569  0.18379239136391343  0.19071309316491689
  0.19794634407170689  0.20542935315249408  0.21318802080368723  0.22113303999265108
  0.22915168713093884  0.23736587546093352  0.24591150015629673  0.25448200522514003
  0.26268013834223780  0.27067150785058036  0.27923407797750388  0.28842025963331480
  0.29738313855142556  0.30590943751878596  0.31429516618161163  0.32268894134764964
  0.33113397720536408  0.33971648768420798  0.34824688151195005  0.35888295584427587
  0.36854994142434838  0.37918808215069338  0.39070378782481974  0.40289796775856757
  0.41539565276939638  0.42804175863209543  0.44187042991989545  0.45529132227930924
  0.47011310612424656  0.48706896844697600  0.50589215285010669  0.52554446122823550
  0.54446684044399496  0.56331635402183045  0.58239164852163128  0.60629116988641407
  0.63288051474958418  0.65991272026002012  0.68704097438284961  0.71400397677658245
  0.74139724759550596  0.77057606855570548  0.80191282781791662  0.83492649770292304
  0.86849372711279860  0.90527928507010991  0.94648939702952617  1.00000000000000000
 -0.00239558619670747  0.00901119905888276  0.01997555470529075  0.03157053403165298
  0.04424839620155594  0.05601732922756747  0.06762516215627905  0.07882350612955154
  0.08948093574774099  0.09912492971478777  0.10840911427178551  0.11763313760298184
  0.12709648896806952  0.13567121845124858  0.14386421194389087  0.15307956681762891
  0.16356629248094393  0.17500974613353584  0.18581625003841198  0.19803538112007127
  0.20868303776912361  0.21811361242346289  0.22775045439865496  0.23758941110068402
  0.24651627710703364  0.25504103835448322  0.26391632406532900  0.27374380608793975
  0.28742159628153474  0.29896407522330604  0.30968681780363488  0.31898847504207456
  0.32721521131402675  0.33578873477564852  0.34424494542409528  0.35308730024881790
  0.36168709520217041  0.37024150132143002  0.37969579241666618  0.38948391260712012
  0.39934428356147528  0.40938256959539271  0.42215879828967379  0.43598142577917626
  0.44903174299233839  0.46163042047619851  0.47363419005555368  0.48509668388058058
  0.49625237723009075  0.50683248277074100  0.51686460171776705  0.52699869462338245
  0.53824114159536773  0.55109551930500933  0.56494822603556127  0.57898200398556188
  0.59300613821734760  0.60759116992101803  0.62089825849618840  0.63312738191016371
  0.64363733991803296  0.65311898643009958  0.66203016273979054  0.67130084579882188
  0.68023739784541781  0.69038991550167517  0.70156791073519997  0.71353668761680411
  0.72536881789644181  0.73607898244798431  0.74614199629786704  0.75614188926480486
  0.76651532202598605  0.77686303093631048  0.78673925995062577  0.79651002365173440
  0.80631434924044276  0.81602755380120284  0.82538555204647501  0.83520116659759058
  0.84663692452226735  0.85950267853371953  0.87145149504306130  0.88298625967642752
  0.89349820500408594  0.90301645480053683  0.91275736587500000  0.92297985647476377
  0.93285254144881991  0.94201383596397936  0.95086786114459243  0.96024527328195908
  0.97005906542723241  0.97995503870361667  0.98977376394376082  1.00000000000000000
  0.00116301492946707  0.00552298867632630  0.00871323679290163  0.01219032496457090
  0.01574841968744534  0.01904460604513843  0.02224828828784645  0.02601793984215923
  0.02959124533155632  0.03317022686358104  0.03648728120144445  0.03974790131890527
  0.04289504581451691  0.04610966641868230  0.04936207154644467  0.05276076770237451
  0.05588940517723743  0.05911901833186398  0.06232981571915426  0.06553320254412109
  0.06916125084432005  0.07286732175278256  0.07655020933412394  0.08034005817587127
  0.08410715732716458  0.08845785701265087  0.09293560579576257  0.09737302370191420
  0.10158931757495256  0.10586991770980027  0.11040219339803450  0.11515085232980775
  0.11999896689907048  0.12481170303348654  0.12967503833232497  0.13464067229366586
  0.13949041123241476  0.14424356903326568  0.14892696995235491  0.15370715725848369
  0.15869362490637920  0.16387196841143750  0.16882868905839005  0.17354434865573948
  0.17813468949097128  0.18293724030695654  0.18817644813547560  0.19386731921895312
  0.19993397503280047  0.20624809692616353  0.21225330832273673  0.21821738075364372
  0.22360635106013907  0.22917065831643629  0.23505568249540773  0.24123971895797722
  0.24781435871710267  0.25506329236040931  0.26218418710801578  0.26921110821047839
  0.27611200796470775  0.28314677266934141  0.29049579868221875  0.29835828757149091
  0.30688157908863350  0.31559321739741092  0.32328078541471100  0.33061086208374613
  0.33787994120857562  0.34559898905963554  0.35373680790147938  0.36170922100280617
  0.36971557783647085  0.37716887728813858  0.38419309383289973  0.39162930357222969
  0.39926566371959010  0.40737041223387077  0.41598610006808440  0.42563300904165213
  0.43562439172430506  0.44743097935719067  0.46167171199784907  0.47685748922546617
  0.49328408060780488  0.51030520159711767  0.52904062050992884  0.54970640150174832
  0.57063054016951398  0.59470981153105140  0.62184958610560570  0.65251330139608210
  0.69052683684777916  0.74806334012807085  0.83012874382046353  1.00000000000000000
 -0.00249094124551639  0.00969650785959277  0.01955827423524560  0.02991983676405520
  0.03987332634056560  0.04895357440936798  0.05859909318772870  0.06764306159153084
  0.07656166529427363  0.08564091900854950  0.09477496887606042  0.10303012451606082
  0.11079139290722403  0.11850564119355189  0.12677075069587257  0.13540625481081472
  0.14461604312092241  0.15448950956691415  0.16434715660153670  0.17395814027330425
  0.18351618010094220  0.19376243819676209  0.20331703648929586  0.21247700541541181
  0.22135595898563387  0.23138421482074603  0.24230333468051876  0.25390217105817131
  0.26553759942753874  0.27707620754512119  0.28882026417727807  0.30058751719635246
  0.31270020788414438  0.32550926719120254  0.33776727662460060  0.35072293564480550
  0.36172513841550552  0.37354198558825469  0.38565154271979057  0.39762305856207486
  0.40891398784476435  0.41970597980526725  0.43016472809897516  0.44051463918746697
  0.45050062883498387  0.46153897030214447  0.47207649989349704  0.48251132003221470
  0.49273358538153772  0.50415751886035887  0.51594399895310838  0.52728922212631624
  0.53866345510890257  0.55115960463747604  0.56444668279531129  0.57746529153990567
  0.58944728526629075  0.60025883248592626  0.61058201089168174  0.62092580364489069
  0.63067837460575815  0.63988537208966956  0.64923387349390371  0.66064782762096319
  0.67120582544983354  0.68316005184593009  0.69255695963036390  0.70097560471484088
  0.71095485058986241  0.72013439834540494  0.72877273934022035  0.73675150586469618
  0.74489668173710744  0.75378137663686373  0.76343409782378990  0.77280028468918049
  0.78178002954061954  0.79125274117055189  0.80160689426995435  0.81227805411042253
  0.82235100558948793  0.83243088062304560  0.84300330626267750  0.85410043853886963
  0.86530084657036899  0.87736265819370685  0.88961068874738147  0.90292905180494143
  0.91621404081583657  0.92833142262007795  0.94063626319939830  0.95192096731492426
  0.96397572496849326  0.97658292028260929  0.98839636291855226  1.00000000000000000
  0.08822056639897127  0.17165363411578674  0.22750917099328918  0.27254705503560439
  0.30297078908722380  0.32726618239946387  0.35164466385869048  0.37332135786307141
  0.39080077300431082  0.40817538199388265  0.42464328998093970  0.44015442703542812
  0.45459157703986225  0.46602470081793962  0.47625593164103391  0.48503882043093788
  0.49260885427256690  0.49998151518196765  0.50701854705633920  0.51386441804110428
  0.52045701891800600  0.52747221208376227  0.53460677294268832  0.54197755841852624
  0.54978553703841260  0.55687463731746656  0.56354273690747569  0.57004706618211143
  0.57695355113124192  0.58398261753663727  0.59075591302708286  0.59762186355706592
  0.60435564993104507  0.61041663326584950  0.61619384440700664  0.62179811260392348
  0.62718218705130446  0.63246465212955494  0.63774771454373114  0.64290994131346202
  0.64861103305978518  0.65448781117251043  0.66030326234999792  0.66587719561213943
  0.67098676186478612  0.67604714473682481  0.68112094552439550  0.68629372150007295
  0.69167373245961183  0.69728547358525916  0.70317572007685070  0.70895042702317357
  0.71402109885156850  0.71882326924199713  0.72326907299715926  0.72772958499940588
  0.73240720119199765  0.73730884600823654  0.74271444752442461  0.74794665625849066
  0.75272916802141654  0.75742621245475028  0.76195444328755124  0.76659370861630227
  0.77175588517252924  0.77761598677467947  0.78361524684300821  0.78959756564890504
  0.79555612939723341  0.80141922648675723  0.80734532070838871  0.81318571091193614
  0.81883898741909356  0.82435776793238136  0.82985596077543633  0.83511408475718718
  0.84087800594357021  0.84678523301429032  0.85277162404226370  0.85874615650750064
  0.86463517874683371  0.87057815708879205  0.87665178053379755  0.88269431360056683
  0.88864514348905654  0.89469621944731115  0.90109809765865612  0.90781762656133702
  0.91456319642637929  0.92185915083677017  0.93014950469133084  0.93855375641815986
  0.94749908504032887  0.95873889752245256  0.97579915940220585  1.00000000000000000
 -0.01997378684344818  0.11351723558649734  0.14979273702758630  0.17439956507498855
  0.19582408940908336  0.21434641025553702  0.23096429778081543  0.24560275898813549
  0.25876583060367864  0.27066238832526163  0.28216834851726758  0.29315574756805596
  0.30381918899918747  0.31415204921789297  0.32449040579083394  0.33476206950897253
  0.34412404025748328  0.35361477124952884  0.36120918646746558  0.36808031365347743
  0.37491388446607421  0.38061204700995860  0.38626775639035854  0.39188592030390662
  0.39762034520561684  0.40326238408150844  0.40877191188371359  0.41429043467233451
  0.42001336559472296  0.42597037438423024  0.43211006600532009  0.43859151840337973
  0.44557613586666139  0.45253897928468856  0.45904773257275455  0.46499576007918086
  0.47108107381136000  0.47704307458697615  0.48275896572423882  0.48832932995947381
  0.49396642116438738  0.49946159338427948  0.50490222364508264  0.51026985612433073
  0.51556103093573324  0.52099975091739115  0.52632638667175291  0.53165527641425769
  0.53692973924191778  0.54210649651859577  0.54782198121647419  0.55358704940283210
  0.55910163653753731  0.56467764179638869  0.57051982256384604  0.57673421568851546
  0.58323483217813199  0.59000402288154075  0.59626866202694950  0.60205069307952674
  0.60813239226365712  0.61469701241639541  0.62165999051909104  0.62974587129468818
  0.63832405591063746  0.64616883298308436  0.65265611790119160  0.65845704431332097
  0.66454279491331725  0.67057194949161147  0.67626443743046494  0.68180287587601252
  0.68731836398201085  0.69292620137218219  0.69895288775013564  0.70508094860748149
  0.71174652501292746  0.71870425558535644  0.72598707152489672  0.73435067680757782
  0.74336478273000861  0.75204381342250703  0.76025966199859907  0.76857289646129723
  0.77753205913208778  0.78692455934920214  0.79644527300443202  0.80636152012712536
  0.81681711012225455  0.82771378948736918  0.83988020890073978  0.85507106954409740
  0.87342403774373412  0.89495917651073587  0.92497815953052176  1.00000000000000000
   6.6193568893738313E-010  -1.0000000000000000     
 F F F F F F F F F F F F F F F F F F F F F F F F F F F F F F F F
  <DiscreteSampler_grid>
  grouped_processes
  1 # 1 for a reference and 2 for a running grid.
  10 # Attribute 'min_bin_probing_points' of the grid.
  1 # Attribute 'grid_mode' of the grid. 1=='default',2=='initialization'
  0.0000000000000000 # Attribute 'small_contrib_threshold' of the grid.
  0.5000000000000000 # Attribute 'damping_power' of the grid.
 # binID   n_entries weight   weight_sqr   abs_weight
    43   10   6.939013332217142E-002   2.316974183964010E-002   6.939013332217142E-002
    44   10   6.939013332217144E-002   2.316974183964011E-002   6.939013332217144E-002
    46   10   3.708083515835269E-003   6.616445889271385E-005   3.708083515835269E-003
    47   10   3.708083515835268E-003   6.616445889271387E-005   3.708083515835268E-003
    49   10   1.298511908350079E+000   8.113675316019050E+000   1.298511908350079E+000
    50   10   1.298511908350080E+000   8.113675316019060E+000   1.298511908350080E+000
    52   10   6.939013332217144E-002   2.316974183964011E-002   6.939013332217144E-002
    53   10   6.939013332217145E-002   2.316974183964012E-002   6.939013332217145E-002
  </DiscreteSampler_grid>
