  0.00000044777247736  0.00000100132331122  0.00000132877308415  0.00000166152905329
  0.00000199601408179  0.00000235452598032  0.00000272185273623  0.00000310966543220
  0.00000351996231732  0.00000397250179393  0.00000442653157067  0.00000489893557751
  0.00000533188636988  0.00000577177288321  0.00000625890929250  0.00000677442367494
  0.00000730430188615  0.00000784856143247  0.00000838557446440  0.00000904386304095
  0.00000974754045602  0.00001045854992015  0.00001114611933463  0.00001180508957472
  0.00001246685687513  0.00001317172858499  0.00001390173716976  0.00001461635533907
  0.00001534157272065  0.00001607692480922  0.00001680837094281  0.00001753604651526
  0.00001826416345034  0.00001896400839097  0.00001969641788722  0.00002026485374367
  0.00002076391050594  0.00002126099485612  0.00002180257876330  0.00002233183278705
  0.00002286516990520  0.00002344018679575  0.00002399240309754  0.00002448179798266
  0.00002494699727720  0.00002541423317857  0.00002585848442784  0.00002629107968670
  0.00002670427825131  0.00002708071892824  0.00002743737262881  0.00002778542736422
  0.00002812458962697  0.00002846512787242  0.00002882595004069  0.00002931105298379
  0.00002987888693733  0.00004706861927806  0.00004857081488515  0.00004955633275879
  0.00005039046772119  0.00005121891560160  0.00005206146401416  0.00005297480796485
  0.00005391333498123  0.00005491561455138  0.00005598203876463  0.00005705631028986
  0.00005817016298999  0.00005938787338029  0.00006071195125040  0.00006231381482541
  0.00006397741958904  0.00006579923234078  0.00006782979565063  0.00007047973933066
  0.00007330028381429  0.00007611785716191  0.00007904411440105  0.00008285675871394
  0.00008795112656482  0.00009413623375738  0.00010187688441112  0.00011081307056512
  0.00012117073106057  0.00013340937825880  0.00015031978801396  0.00017383554447461
  0.00020336270608150  0.00024122152605503  0.00029816800716229  0.00040165813102955
  0.00056282684619939  0.00090272368369717  0.21871261269189901  1.00000000000000000
 -0.00002019122536438  0.00024704168048638  0.00074624490842040  0.00152750226813280
  0.00264434289057352  0.00404168744754547  0.00550365341515964  0.00711645067262245
  0.00873846828234876  0.01077146899137782  0.01289390507534344  0.01511467295413179
  0.01763835634891993  0.02031394127660757  0.02330188228421647  0.02642952623222592
  0.02997754329988637  0.03378320804929952  0.03785064721445936  0.04220664422710811
  0.04650454766369799  0.05092458064940908  0.05543060782878097  0.05932037633311071
  0.06391556550014194  0.06866928940845669  0.07385162468932495  0.07915703238984849
  0.08498507767402300  0.09165529276085270  0.09873405525028991  0.10636627603126937
  0.11417374689796281  0.12111993615397887  0.12779124796576385  0.13480466815374684
  0.14317640874474208  0.15181794297620424  0.16050590192410180  0.16950891863228043
  0.17898232402323042  0.18774054376723751  0.19722001170581538  0.20672319429939950
  0.21612112781359097  0.22553247324624795  0.23459414424024860  0.24390932170063392
  0.25223020883752123  0.26072433226168956  0.26946378955899247  0.27831937662574130
  0.28625533832127564  0.29381259863659459  0.30121595684968838  0.30907336699535165
  0.31821834791744602  0.32836827503266580  0.33891052491866236  0.34926134840287398
  0.36142414397194306  0.37275630119389408  0.38469030796759618  0.39666116140247687
  0.40844320671457857  0.42074407312597972  0.43352613404017476  0.44589611273187163
  0.45746401367146838  0.46827677527557782  0.47771163003828687  0.48977544340145318
  0.50279999174104506  0.51560922598075654  0.52917605600203721  0.54369181315967996
  0.55947805658658989  0.57616004242127095  0.59249063443591066  0.60888299135683777
  0.62582788032668579  0.64391248700815118  0.66288024349193753  0.68246933761352002
  0.70093185779590683  0.72268723196621099  0.74485674876390007  0.76792119247288948
  0.79170930548571905  0.81443476007226967  0.83918219295676033  0.86567078426395028
  0.89593660338766978  0.92973594115318581  0.96441721451004092  1.00000000000000000
 -0.00202022500136594  0.01177691741488089  0.02363049705839942  0.03427834745940406
  0.04370188404494381  0.05212397630035562  0.06037385901434273  0.06875915201874029
  0.07738982851729495  0.08545745420630159  0.09344476858399375  0.10182830099760824
  0.11278375968559896  0.12474877714473814  0.13705099849737604  0.14836943930629917
  0.15751858311518874  0.16685680500317493  0.17741983564131636  0.18858113529190604
  0.19868409099267215  0.20831026980931058  0.21967286433432603  0.23258423794660629
  0.24615389610244290  0.26142545630182507  0.27537447703868212  0.29004997245648240
  0.30336845381609018  0.31576112228822206  0.32775687090534389  0.33900174722921317
  0.34999091099521945  0.36098646679954033  0.37153332312691034  0.38271626954268195
  0.39467668922161775  0.40835868253866381  0.42299783873797892  0.43680061456971947
  0.44976402259463982  0.46221684383190653  0.47440428119364120  0.48343684566207229
  0.48959309903651532  0.49487799272416977  0.49994656696260176  0.50532667084083593
  0.51121050044931760  0.51736433147031158  0.52421428932205516  0.53098789819105308
  0.53758218634322508  0.54462226069023767  0.55416000206327143  0.56471501501133103
  0.57544825143692813  0.58623887046645429  0.59752848899350131  0.61051605968610023
  0.62334000655047828  0.63429605590682914  0.64502911108960526  0.65803076125810012
  0.67215513188904108  0.68598449322504196  0.69611792381137705  0.70537263742772638
  0.71403118676958621  0.72274283889259450  0.73083725358281837  0.73923503142881064
  0.74791335253054902  0.75817590873069385  0.76901040697054224  0.78079672274492340
  0.79264498015090268  0.80520868039014082  0.81703991283696986  0.82753675343290267
  0.83777972956950686  0.84736657542412874  0.85823548105885505  0.86931022675828085
  0.88063993794498407  0.88932290396869929  0.89953421440951331  0.90953935648887629
  0.92093980866430847  0.93376184344156665  0.94674965793124077  0.95993713013424697
  0.97179098544508735  0.98249956830083940  0.99149112695378849  1.00000000000000000
 -0.00048489018457435  0.00399205679636731  0.00791228746108420  0.01127715063964507
  0.01423683308279466  0.01748040287146199  0.02117440776295438  0.02533357733033839
  0.02956685226350539  0.03399801586745928  0.03800598697276204  0.04193148046173262
  0.04680704015703744  0.05209721016926083  0.05751132674787841  0.06266766555439400
  0.06815520440910376  0.07455266080816737  0.08153295842679525  0.08797253894296268
  0.09361182766409200  0.09906835210851790  0.10480211384661488  0.11035945021431638
  0.11669497831277019  0.12215877122218641  0.12731466482534462  0.13249495697082631
  0.13776268834577371  0.14276249106960259  0.14814085018158948  0.15367613000634794
  0.15936449957282472  0.16523982978438098  0.17086435110382628  0.17641109606509800
  0.18206343855665491  0.18790211273344018  0.19382924951274921  0.20118840479866579
  0.20724027067277342  0.21252978076346124  0.21751388321872703  0.22242402160255675
  0.22712314274847720  0.23179604592852199  0.23657360581113590  0.24193406460414596
  0.24701881796726488  0.25165718548868782  0.25607411095211713  0.26066824024684776
  0.26597779639031621  0.27157471086002699  0.27727102454792463  0.28286184015592591
  0.28851224899753475  0.29456532080216280  0.30088113642931708  0.30701523227615191
  0.31363727571517092  0.32107801832090160  0.32845377217559996  0.33539340977891369
  0.34190453217832584  0.34791636502776041  0.35409094107010486  0.36140693107720334
  0.36955762628114314  0.37835372342680096  0.38799682222250792  0.39756838973867076
  0.40707063169729718  0.41668567491156794  0.42747356038681567  0.43850117404421496
  0.45008012930182284  0.46220032945620337  0.47369093372064780  0.48416268104280169
  0.49419162781262560  0.50501536073397246  0.51808801880855027  0.53202169397241639
  0.54623338750118355  0.56115513357434810  0.57780589612382438  0.59891874956892399
  0.61996449758020222  0.64392782661186077  0.67093738772927825  0.69897072196285892
  0.72939940924094981  0.77280147144340838  0.85029533327019868  1.00000000000000000
 -0.00290858189561408  0.01493682935575994  0.02901189309110092  0.04304962671775451
  0.05722174490429919  0.06913146665043178  0.07983694567306801  0.09075228444795418
  0.10116332433993805  0.11041864382406004  0.11874571052151424  0.12770884468289082
  0.13627737789843361  0.14488275345870311  0.15410299969397356  0.16506647512636788
  0.17742973212989727  0.18799349043289310  0.19853101124142986  0.20832282724999840
  0.21742398468285631  0.22668021537909475  0.23646339936287467  0.24567449434778907
  0.25509296738369858  0.26424759023245609  0.27479412101223266  0.28601379470383398
  0.29766375972717668  0.31035019998444102  0.32440817118215576  0.33912202424932958
  0.35324911824861732  0.36554107147206866  0.37552893211059557  0.38516526487654351
  0.39466483260523577  0.40296950424222117  0.41257932483157045  0.42309628485474832
  0.43320895498129824  0.44372622801753220  0.45510836447929415  0.46873851349929013
  0.48156022783932312  0.49223141282858524  0.50160789583647980  0.51017391179563465
  0.52006752974506898  0.53087896945563184  0.53968293226463582  0.54775982945376644
  0.55616367820960355  0.56480512977609454  0.57440999732621434  0.58356267284054375
  0.59341936151184049  0.60338846696043513  0.61065667905877596  0.61818761267934019
  0.62553810952365330  0.63371051993320093  0.64271221316502469  0.65140017305959619
  0.65986153304369577  0.66968034116680120  0.68250068728849778  0.69440831175833451
  0.70471240375279198  0.71487140480237088  0.72428542428905407  0.73352136250167765
  0.74248749797689395  0.75192795372583199  0.76335530258128992  0.77532197669822933
  0.78895426567456273  0.80311907158066265  0.81805501072558551  0.83238502020898886
  0.84528215369580817  0.85790776811636649  0.87121544161103059  0.88463265187456130
  0.89781832142352369  0.91096987666225693  0.92199377533813376  0.93073059840719718
  0.93775917580414692  0.94433298151549327  0.95158733504847914  0.95942390672413802
  0.96686386848637218  0.97359745279578036  0.98384142150187337  1.00000000000000000
  0.04951951215074100  0.16286604306556007  0.20353269008188074  0.24157610649830441
  0.27911245509343585  0.30862273825641939  0.33435986501950643  0.35658316706650894
  0.37701023682016532  0.39698606810184794  0.41470671715894786  0.43059729244724648
  0.44597556830320173  0.46140448170831871  0.47481078695418705  0.48606504696833192
  0.49611299918905249  0.50599917245750581  0.51541139981467043  0.52537533653150703
  0.53484741899003718  0.54455564913431809  0.55412144550261710  0.56350576624610182
  0.57282833202370209  0.58145097538260793  0.58801802780055934  0.59373860613124640
  0.59953453676209301  0.60512826694788679  0.60995165052575007  0.61438836289765819
  0.61907461033733169  0.62404160004747078  0.62922636487164385  0.63450878673086919
  0.63967052277245184  0.64421567738792784  0.64870798748455394  0.65327446535862466
  0.65781543550486177  0.66241897635781877  0.66761070579734783  0.67339452069900574
  0.67912419892424147  0.68422244975246793  0.68916160972373131  0.69450262434238785
  0.69995470762460232  0.70616522068447518  0.71213879305299943  0.71807704233650582
  0.72369388052230799  0.72893097540300877  0.73391743662161801  0.73888863610036648
  0.74387463638335172  0.74888605034861200  0.75460305716125708  0.76141917578491147
  0.76853337179844350  0.77544492680883126  0.78264536420553588  0.78958425851286862
  0.79671844691227978  0.80357808162475575  0.80947853329060226  0.81439401155437097
  0.81904678096367278  0.82360715466903123  0.82832296224289581  0.83333984171840925
  0.83814474277158291  0.84366666101317944  0.84848916323540180  0.85352622900172892
  0.85855790672028187  0.86319906346844344  0.86766591061087794  0.87241747587536400
  0.87776863523722148  0.88415777744792556  0.89075407371454007  0.89701617989628391
  0.90301457855137224  0.90882283362235627  0.91462872790376493  0.92063653810580515
  0.92700928713813679  0.93344722441546257  0.93998172529575286  0.94675511862555783
  0.95405440981641398  0.96424501852499889  0.97897800015669911  1.00000000000000000
 -0.02300221758465220  0.12875804023516457  0.16960993495087179  0.19572722746706531
  0.21532188160640808  0.23130380169935155  0.24445607619394680  0.25719898933455848
  0.26988564475597054  0.28195797876041362  0.29358012351449359  0.30515936503739888
  0.31660766755849173  0.32841107051459023  0.34071772994713484  0.35345205167223814
  0.36465368270141318  0.37342019246691516  0.38047116453337509  0.38731637184024331
  0.39396108438315164  0.40064247503401501  0.40717548039289597  0.41376186152387301
  0.41995325176820436  0.42545598178556671  0.43144964720172641  0.43772772738442245
  0.44426297999149877  0.45066315918748007  0.45696426615926561  0.46339415463809724
  0.46929275102788193  0.47463480245020273  0.48015349625457521  0.48678990206883282
  0.49428855584663178  0.50173435926957910  0.50872449587838053  0.51610207022071508
  0.52425315070192124  0.53163643640199365  0.53885246879970727  0.54594295725022568
  0.55288945986954863  0.55980770006531055  0.56652683439470730  0.57357060631822687
  0.58174572029168292  0.58979428304214832  0.59661443233454170  0.60218081579709026
  0.60721201632789368  0.61245607170088778  0.61783134437405607  0.62343880714194455
  0.63004634674265414  0.63668248633929936  0.64336436990028933  0.65004718737560296
  0.65686877966569257  0.66393007759661338  0.67020245588910676  0.67546583027026486
  0.68027980115989706  0.68497623066803981  0.68956060284317588  0.69401547956566279
  0.69815646783736174  0.70215380586710541  0.70659614249563996  0.71119183379935380
  0.71614925974969701  0.72133530707077131  0.72683223746063352  0.73245460624006931
  0.73849742762269022  0.74451989629800408  0.75091930939013751  0.75808815602446711
  0.76559605886782778  0.77307414296482135  0.78117347760539113  0.78970944998523407
  0.79871776919884818  0.80835858534159066  0.81822694792660045  0.82981262642404530
  0.84133477785432886  0.85341752955899541  0.86484802975101205  0.87658724159496060
  0.88940833439442879  0.90612739939786957  0.93119924736012993  1.00000000000000000
   3.7508167002170564E-010  -1.0000000000000000     
 F F F F F F F F F F F F F F F F F F F F F F F F F F F F F F F F
  <DiscreteSampler_grid>
  grouped_processes
  1 # 1 for a reference and 2 for a running grid.
  10 # Attribute 'min_bin_probing_points' of the grid.
  1 # Attribute 'grid_mode' of the grid. 1=='default',2=='initialization'
  0.0000000000000000 # Attribute 'small_contrib_threshold' of the grid.
  0.5000000000000000 # Attribute 'damping_power' of the grid.
 # binID   n_entries weight   weight_sqr   abs_weight
    28   10   4.350722989212072E-001   1.262563568491023E+000   4.350722989212072E-001
    29   10   4.350722989212072E-001   1.262563568491023E+000   4.350722989212072E-001
    31   10   1.862323491548030E+000   2.326602151964432E+001   1.862323491548030E+000
    32   10   1.862323491548030E+000   2.326602151964432E+001   1.862323491548030E+000
    43   10   4.148908668847520E-001   7.569049203179699E-001   4.148908668847520E-001
    44   10   4.148908668847521E-001   7.569049203179705E-001   4.148908668847521E-001
    46   10   4.148908668847517E-001   7.569049203179692E-001   4.148908668847517E-001
    47   10   4.148908668847520E-001   7.569049203179699E-001   4.148908668847520E-001
  </DiscreteSampler_grid>
