  0.00000044054351908  0.00000103442160411  0.00000160668731941  0.00000236576195787
  0.00000319823166473  0.00000410173140434  0.00000508798003816  0.00000608112879295
  0.00000697441312741  0.00000791073296707  0.00000886092889927  0.00000986239764219
  0.00001089790652429  0.00001192687192155  0.00001293298267847  0.00001390868416634
  0.00001482107500171  0.00001572502840850  0.00001657263419390  0.00001736193714208
  0.00001809794621742  0.00001879406230653  0.00001946782654141  0.00002011014435789
  0.00002068995948163  0.00002124069064311  0.00002177837064845  0.00002229639816380
  0.00002280065884652  0.00002328994362664  0.00002375773030439  0.00002419873603509
  0.00002461433183925  0.00002501325195913  0.00002537955571545  0.00002573220009692
  0.00002607341537810  0.00002640360517499  0.00002672220802643  0.00002703475180358
  0.00002733769999878  0.00002762712835229  0.00002790755729738  0.00002820598489534
  0.00002849286452343  0.00002881322861656  0.00002921037788553  0.00003434249415791
  0.00004815272273631  0.00004890007875459  0.00004954057794347  0.00005009752003293
  0.00005065412797639  0.00005120993917051  0.00005179560202503  0.00005240967568730
  0.00005310267931408  0.00005384643917398  0.00005461614479203  0.00005539845263942
  0.00005631194679030  0.00005728938751357  0.00005831157224744  0.00005948731952693
  0.00006070063255629  0.00006193538902638  0.00006321117739921  0.00006459634819257
  0.00006608007750900  0.00006772988752895  0.00006958856632392  0.00007163774599938
  0.00007382115591318  0.00007607442943295  0.00007847239536257  0.00008133110777215
  0.00008462943973573  0.00008837429049893  0.00009237875210228  0.00009679036879085
  0.00010172412044079  0.00010693638154986  0.00011264472835093  0.00012012655809559
  0.00012910264409203  0.00014095507717639  0.00015532029236149  0.00017493332716207
  0.00019961927961882  0.00023219424961311  0.00027894481927798  0.00034886343812342
  0.00046254276323181  0.00076157105340829  0.07122488650869965  1.00000000000000000
  0.00836202903373401  0.02009134213238403  0.03107227609287869  0.04271199308267169
  0.05421984578011622  0.06521032400792262  0.07477163019207730  0.08398014361481027
  0.09407924988946398  0.10454865166882930  0.11542961641883814  0.12546604384541257
  0.13542232126313150  0.14512285561210897  0.15572216090155053  0.16599605777084284
  0.17632265156315827  0.18666032849371220  0.19733814728717416  0.20825036755760212
  0.21889889983901809  0.22905325003129098  0.23913465895604896  0.24943744368039938
  0.26001573816236406  0.27041651362860897  0.27949036595028121  0.28846958668786721
  0.29737373091440616  0.30666653294470736  0.31459087330190139  0.32295345745361959
  0.33156443991227835  0.34139761711827094  0.35246734687644288  0.36410213718785900
  0.37582367103651615  0.38558222348076060  0.39501316912971102  0.40404047266236076
  0.41375394783832398  0.42420650752034761  0.43431012920929862  0.44425732970400028
  0.45437171883562899  0.46516371374204757  0.47667280340650137  0.48864071178514851
  0.50062211879838148  0.51187384194134056  0.52340766342953160  0.53522581605874930
  0.54650336540672095  0.55707075453657939  0.56723029919942103  0.57760097294815882
  0.58821974348884709  0.59886257074903215  0.61004989801421716  0.62159947480062994
  0.63340982163289394  0.64531017622491915  0.65680964371291639  0.66858113550346254
  0.68076112355867546  0.69345875427381043  0.70563213573464367  0.71798703653174345
  0.72938240299278112  0.73963276954775603  0.74989269271161363  0.76021323878232450
  0.77053442375962278  0.78084630745062111  0.79056356084671031  0.80015761546325515
  0.80978667555882689  0.81890077477961465  0.82823499849342830  0.83745932829762104
  0.84690701908920185  0.85615293392523450  0.86591613161288195  0.87603652936600818
  0.88788716338604590  0.90001833761436434  0.91181192941985734  0.92395293425100766
  0.93630038443742958  0.94631664384538483  0.95552942661984241  0.96481384706591711
  0.97383928555973442  0.98340021004610756  0.99091113454454172  1.00000000000000000
 -0.00001986955369155  0.00023790793328863  0.00069665035144716  0.00141426620357711
  0.00234656060450604  0.00350411165636750  0.00479139282491918  0.00625197096375229
  0.00799715694436554  0.00997070613991480  0.01213142532707785  0.01447969252418778
  0.01662458234442526  0.01897095202855740  0.02177712778240711  0.02474052199852212
  0.02787303358488943  0.03127342137553062  0.03484058297920694  0.03825681145003541
  0.04179054393976229  0.04569286337085335  0.05008442851653459  0.05462589894161584
  0.05919196241140883  0.06343722312486015  0.06744620775495777  0.07171273182160753
  0.07615895995247682  0.08091892744508884  0.08555389284851783  0.09014563228050709
  0.09472226453529752  0.09913797032848544  0.10402015986195631  0.10919841286171529
  0.11463400296725942  0.12043045870989123  0.12621174600755036  0.13171055670021403
  0.13684853658621354  0.14184914366650819  0.14713983702391406  0.15284198394248782
  0.15912064796528283  0.16527747874100029  0.17129540877033747  0.17740334235422081
  0.18364300711834983  0.19001366150067767  0.19650235743353792  0.20305294733814402
  0.20976494129445586  0.21660469130693152  0.22333839980349673  0.23107465337455696
  0.23888803190976898  0.24680256017212715  0.25478747608096108  0.26267561744453372
  0.27070139723121067  0.27939607244074605  0.28884202395991004  0.29827985071044172
  0.30742150819154279  0.31646212167023363  0.32578248844601732  0.33545414661335005
  0.34524826332589248  0.35526459626870249  0.36592855235388644  0.37704434032855816
  0.38864403029017658  0.40250828269428918  0.41717608402240974  0.43195185634340494
  0.44658806523213729  0.46091630607376949  0.47561229713768499  0.49126378537276866
  0.50751760077507413  0.52483590957785742  0.54304120630767538  0.56178968244871441
  0.58150204852805398  0.60197472706741395  0.62501322668795312  0.64848874297863091
  0.67363514450532846  0.70165044356152340  0.73541636945762234  0.77622266111950766
  0.82389519012269463  0.87830360330820090  0.93789218871275071  1.00000000000000000
 -0.00271852814483716  0.00913688759319223  0.01971241608744510  0.02977231798717719
  0.04003939975893103  0.05028452600483357  0.06010421545608499  0.06961510183973664
  0.07933385941815223  0.09015914972527418  0.10185383142314804  0.11254099695838513
  0.12204436995115868  0.13041857900596296  0.13784083905143832  0.14552800448766889
  0.15399963247301546  0.16404230596604999  0.17430845380787754  0.18475576421883275
  0.19569155155480641  0.20688211988502517  0.21778419206561150  0.22844491145012938
  0.23966222982374918  0.25069391317532153  0.26067226094572316  0.27000374777864405
  0.27918310716544137  0.28804609839909107  0.29732035129449497  0.30727722244046624
  0.31782220691861246  0.32828066900538566  0.33841356103618592  0.34884529978169532
  0.35958981913351867  0.37117174057932761  0.38281415498297894  0.39403037297251747
  0.40506821358894846  0.41636830227179406  0.42761188562042213  0.43837462602217192
  0.44873400224232857  0.45933327584516953  0.46886783741281524  0.47839692341547391
  0.48788257319822420  0.49706371765158552  0.50627969748704194  0.51493403355630041
  0.52454461021765852  0.53644435976999694  0.54758304514587652  0.55781325771317669
  0.56797699912124877  0.57835336968534190  0.58820035862210229  0.59812494383472603
  0.60852295797328804  0.61908907325455653  0.62921593678940091  0.63908042292973632
  0.64977640513482671  0.66098753924788700  0.67170594719043941  0.68230058078838163
  0.69280542481239771  0.70365247883941739  0.71477889212303691  0.72556220865702292
  0.73615278463841749  0.74697408140335153  0.75822176718225154  0.77070357759831198
  0.78304666880978957  0.79465604103515497  0.80690185757706778  0.81850165321191037
  0.82979466985282635  0.84116167430825339  0.85207549481795697  0.86243041598824988
  0.87268608269886605  0.88291907115375479  0.89329479155088731  0.90423732776695986
  0.91481910522470677  0.92542595817819284  0.93584826456560366  0.94712191493004605
  0.95890072335682042  0.97115404128430205  0.98454560409773495  1.00000000000000000
 -0.00265606259896585  0.01026573991576060  0.02091221256531987  0.03190851814310791
  0.04302755368575580  0.05483595262824529  0.06710342115192107  0.07958697912856744
  0.09201198561003901  0.10421670935839517  0.11598513752977894  0.12673074539199361
  0.13570112523617053  0.14442288747807297  0.15303773293535738  0.16104711781950298
  0.16948092289239355  0.17842775400802649  0.18848299378885885  0.19954034806592091
  0.21074057271208851  0.22210822901260890  0.23341886680108853  0.24483110019140950
  0.25556039552390364  0.26521452742391921  0.27512299302753551  0.28583155461665960
  0.29693213073458996  0.30777109734586239  0.31861116086001323  0.32985571965279098
  0.34158851370343019  0.35363024133890486  0.36544659988950506  0.37712131658217068
  0.38866203317755033  0.40033949227226601  0.41167005395487649  0.42184225777942502
  0.43108564810033556  0.44005834484480078  0.44909524979420923  0.45808769935206145
  0.46732512094787254  0.47693046492814106  0.48743500622070973  0.49919871424776552
  0.51286847991909490  0.52716056501137187  0.54005892976762959  0.55121711422582953
  0.56164390951946019  0.57207965604746147  0.58212659555508361  0.59188068756414436
  0.60187937553382787  0.61304191701347543  0.62435008017647853  0.63495924667316850
  0.64507279400677298  0.65481017364500016  0.66418869196873420  0.67301469272795278
  0.68188950415164440  0.69160894482174329  0.70170109878211206  0.71190803192425189
  0.72218895232040747  0.73270054076338798  0.74335884338457570  0.75413358465133440
  0.76569337369110546  0.77623499921166317  0.78654793164608838  0.79619149003945633
  0.80562218265991270  0.81461893092586668  0.82342727935295379  0.83186732099360861
  0.84064868723061836  0.84972471162599095  0.85885487387352832  0.86747514647376600
  0.87589248539718001  0.88533069469231729  0.89615829253902035  0.90711765824289325
  0.91792285024716280  0.92967331193912284  0.94148138131990100  0.95222569687552205
  0.96369954396230351  0.97586849839493828  0.98849899035032895  1.00000000000000000
 -0.00248129872435221  0.01092036598798135  0.02184577261874548  0.03315870449984815
  0.04371993001850893  0.05457848127945752  0.06550999695790928  0.07721590408187791
  0.08923334335406921  0.10108790391084710  0.11314270351703068  0.12449549437722428
  0.13426695251549997  0.14388223702723726  0.15386589944487045  0.16404820620286736
  0.17372806319745301  0.18360135782918122  0.19292388757619711  0.20227930797071750
  0.21153459768256799  0.22151512572109849  0.23138217866829203  0.24038795195327989
  0.24948621429307447  0.25992307037760742  0.27038956667941155  0.28019064495131973
  0.28996168062983713  0.30011196658339079  0.31014515348574662  0.31981073522671416
  0.32903538697998680  0.33885439547292789  0.34937502043949203  0.36007844889323742
  0.37026409629343832  0.37998995933973867  0.38997228688542218  0.40064309567643613
  0.41156797981266879  0.42224564448964813  0.43258551461699524  0.44365169431641488
  0.45606530501300280  0.46898309930045334  0.48229739082211293  0.49360536962080981
  0.50593516957985174  0.51806045081477847  0.53017955857685117  0.54206315668941829
  0.55371782731400399  0.56513356596772879  0.57631994294264721  0.58680931455186103
  0.59717535239375030  0.60774647602532916  0.61807646716561548  0.62838367312790355
  0.63884348339110431  0.64850779927363877  0.65728834125626001  0.66628478791772949
  0.67591681195281628  0.68747597134279081  0.70124964283755808  0.71403479669272707
  0.72449847155059943  0.73448365374487012  0.74469314551009469  0.75529390630363891
  0.76586768379594350  0.77646215933567908  0.78732322778323327  0.79858705846032674
  0.81056645222523671  0.82239858913438779  0.83334578491127442  0.84360335343954729
  0.85380904149498316  0.86360597446533005  0.87306925242727063  0.88282778522153227
  0.89302269805368839  0.90325197448750305  0.91339620331950222  0.92345270618459663
  0.93343389229370377  0.94336882831684998  0.95360637669143444  0.96354689018015072
  0.97316707299861749  0.98224451022334203  0.99123936625494613  1.00000000000000000
  0.00227712532962358  0.01232000243916342  0.02002742939475572  0.02756178350043125
  0.03526630360384671  0.04346589745119928  0.05251132850749687  0.06143846727640369
  0.06927853135027923  0.07712788341525646  0.08606630787437641  0.09623347077182878
  0.10687337000923869  0.11710804339960748  0.12737665993532737  0.13896759040113782
  0.15045936911730923  0.16103269170748691  0.17207218060620535  0.18333885075129869
  0.19539925249992918  0.20783484336033645  0.22139256638470745  0.23477350901166200
  0.24762409666460775  0.26125029448073828  0.27391797858460448  0.28516162225974040
  0.29588998177041376  0.30664120170559084  0.31731951622145971  0.32825589432380581
  0.33966725139468418  0.35109307329651673  0.36181616683377810  0.37203660330594251
  0.38285336713023260  0.39346513902092672  0.40315763655954728  0.41194418314728271
  0.42074507600801442  0.43012309339648702  0.44009692054160632  0.45043934907159339
  0.46054784685497258  0.47063153151792481  0.48116546815655004  0.49160248808447737
  0.50177292590996159  0.51168064230257593  0.52166088358197704  0.53268979170925335
  0.54419809372459704  0.55556305350506896  0.56562971237553283  0.57476007329732548
  0.58380649560631626  0.59308236872359288  0.60252257099760098  0.61264787029496592
  0.62220012894322774  0.63184744266289972  0.64199726187269368  0.65333708632976040
  0.66482534391593950  0.67545034476473254  0.68546627749225386  0.69597607304726716
  0.70687221359413233  0.71724256133098918  0.72798178728846408  0.73941078607484079
  0.75197583376886412  0.76366156637123095  0.77486854107250980  0.78567999995766191
  0.79640930090922446  0.80710773373664368  0.81724376450186054  0.82688868392482029
  0.83704147800781536  0.84797729211381512  0.85907195081147425  0.87065846732063634
  0.88286011909342954  0.89646622212252591  0.91013377748988278  0.92233842163270807
  0.93326947408601679  0.94415633667878973  0.95427019518393130  0.96352141553008275
  0.97273540720616092  0.98198019166923178  0.99113238878674936  1.00000000000000000
 -0.00251866219927072  0.01053819690173158  0.02207564949059430  0.03233134780275214
  0.04258356127376874  0.05194712852853896  0.06102942724662030  0.07003069879830866
  0.07929936259205357  0.08939661907708639  0.10074658851072811  0.11155018734296035
  0.12169351038200160  0.13156052630416576  0.14156457632113406  0.15185056386573523
  0.16205823337611405  0.17170772044810842  0.18104673239163582  0.19048003930852425
  0.19940096983876854  0.20766395729548409  0.21590018649931267  0.22482611669465277
  0.23458120307837868  0.24412342967233455  0.25360192196178855  0.26387936292434749
  0.27437778185251216  0.28410634946845148  0.29362257877448611  0.30386997887061284
  0.31460626815127485  0.32556805146597517  0.33663058059626372  0.34694520532890916
  0.35665944586028159  0.36590239845161499  0.37559878409834585  0.38894798026849997
  0.40181635879896971  0.41408657188436848  0.42620641207682441  0.43839320686827210
  0.44851472343512538  0.45852240476978795  0.46982885101770056  0.48227336002834309
  0.49402480174739449  0.50538425652428554  0.51616734493441063  0.52696340713330048
  0.53814848357846656  0.54899932796603157  0.55925979759267297  0.56903404782604727
  0.57831621783628784  0.58764819231029897  0.59726714958379146  0.60708166929735052
  0.61754805371722998  0.62895549947924134  0.64019609126221133  0.65089535911154195
  0.66152297066128329  0.67266690698933662  0.68367482680527925  0.69472292948832937
  0.70555615669970217  0.71526891822744565  0.72477488660662437  0.73457379585934646
  0.74513482662666286  0.75709667745251485  0.76983797329260395  0.78296311422401610
  0.79650538733920018  0.80983200797758281  0.82218923067124139  0.83374126503575230
  0.84443224915118598  0.85470212180789629  0.86516610197828236  0.87576031618890737
  0.88667398251181140  0.89749912880987237  0.90757749811100541  0.91746896886235185
  0.92681310404092110  0.93664195819722662  0.94709557604128936  0.95733674875957597
  0.96689701028361674  0.97652265120192927  0.98811187915775034  1.00000000000000000
  0.13899577136259253  0.19405478182411401  0.20908531675457356  0.22339652630790477
  0.23516434877324469  0.24638812432866453  0.25907071562141570  0.27346906178679903
  0.28793904504473461  0.30164910239099219  0.31293255379099233  0.32264477286144566
  0.33145887033693677  0.33984997533438044  0.34871377018007266  0.35682508234358956
  0.36442767424696282  0.37193844214604971  0.37852542095073405  0.38464860103314125
  0.39133111818204358  0.39871663677506042  0.40595504997853366  0.41286783985795872
  0.41980832216144243  0.42690374143293036  0.43372611352179452  0.44109627526489908
  0.44903934485423586  0.45691596155889685  0.46409065601240673  0.47062958347565415
  0.47726592979612736  0.48416978552185774  0.49130385154011974  0.49795392977367603
  0.50402608407317584  0.51004689702819472  0.51618828175413622  0.52239836443502097
  0.52870317432607694  0.53524806977458406  0.54159992501800580  0.54749917524690872
  0.55306247732270486  0.55864178872949355  0.56466180245748177  0.57109291646865834
  0.57761568944356190  0.58431558036316067  0.59114910276717225  0.59777482754919842
  0.60415516652095669  0.61031594091683927  0.61650175190521872  0.62312549799019856
  0.62941237695279129  0.63531386632718045  0.64130043766707767  0.64751753953829150
  0.65378129979312527  0.65998184334597632  0.66626669005007300  0.67297742224059143
  0.68013057514679010  0.68730670010152173  0.69448535050331506  0.70171482699358112
  0.70906718244832723  0.71638838508223102  0.72359417104144197  0.73083186128405775
  0.73804562707653598  0.74539563906779160  0.75269248344828821  0.75993242024957008
  0.76702314772209557  0.77391597098517473  0.78074155010115531  0.78794977844534231
  0.79576342220341612  0.80412481630880728  0.81235020381200862  0.82150946116331458
  0.83021694906183996  0.83980437954153520  0.85037235899059471  0.86152477510869629
  0.87296279435242230  0.88494119697638296  0.89729723537323491  0.91013414842780826
  0.92463493752413795  0.94111692295654670  0.96203242088797070  1.00000000000000000
 -0.01912192164466420  0.12055047346155545  0.17041023474020037  0.20075255969256117
  0.22435603551137426  0.24426985737014656  0.26174855123460666  0.27794098238262482
  0.29318056203166909  0.30757133819774213  0.32088565307663197  0.33286016322474071
  0.34462411815098842  0.35660778738826709  0.36822374269293079  0.37975501883002810
  0.39118338636668176  0.40210151247259879  0.41215805715399856  0.42088446556365217
  0.42914203017120056  0.43748061156923967  0.44619695167079493  0.45494515916547218
  0.46335991392306797  0.47136238836133515  0.47935326763212899  0.48755021216360750
  0.49552908825070008  0.50381241474425753  0.51208434827615734  0.52042017509070282
  0.52735611566217577  0.53395835414115422  0.54047738759280239  0.54690846929542924
  0.55324261334669067  0.55936863202600995  0.56532777034292681  0.57151698239591298
  0.57722343869893100  0.58315120769239204  0.58928615705674481  0.59566701907192232
  0.60204299546038809  0.60835130811001770  0.61476893454534243  0.62131310907998172
  0.62741735348223215  0.63275078198200374  0.63755473209248525  0.64248837794518809
  0.64728069457228510  0.65206849359957431  0.65751074749205107  0.66316749421826382
  0.66885046360981248  0.67450333279703034  0.67983457955655113  0.68498404666259649
  0.69011355563253629  0.69525074913094154  0.70038358276149271  0.70552868492559750
  0.71066033226042524  0.71559513930550178  0.72058066965963508  0.72559175403951803
  0.73032179442233203  0.73562276243430380  0.74104937971298912  0.74660420871261879
  0.75232544011795144  0.75823937212506631  0.76427334189971907  0.77029971593491653
  0.77632273208547853  0.78210207588407998  0.78789253812159676  0.79345872867228739
  0.79934467255560959  0.80562753986091762  0.81176856812085918  0.81782681830555493
  0.82377613277362283  0.82979079288723467  0.83618809673186589  0.84316610755540267
  0.85073468721676104  0.85890915496682119  0.86840962238191244  0.87842506544476562
  0.89141866872596209  0.90844749010251802  0.93646350365936881  1.00000000000000000
   6.4413254048088756E-009  -1.0000000000000000     
 F F F F F F F F F F F F F F F F F F F F F F F F F F F F F F F F F F F F F F F F F F F F F F F F F F F F F F F F F F F F F F F F F F F F F F F F F F F F F F F F F F F F F F F F F F F F F F F F F F F F F F F F F F F F F F F F F F F F F F F F F F F F F F F F
  <DiscreteSampler_grid>
  grouped_processes
  1 # 1 for a reference and 2 for a running grid.
  10 # Attribute 'min_bin_probing_points' of the grid.
  1 # Attribute 'grid_mode' of the grid. 1=='default',2=='initialization'
  0.0000000000000000 # Attribute 'small_contrib_threshold' of the grid.
  0.5000000000000000 # Attribute 'damping_power' of the grid.
 # binID   n_entries weight   weight_sqr   abs_weight
    31   10   1.015613904806600E+001   2.589608493763593E+002   1.015613904806600E+001
    32   10   1.015613904806602E+001   2.589608493763604E+002   1.015613904806602E+001
    34   10   1.900539293611528E+002   9.068397334516574E+004   1.900539293611528E+002
    35   10   1.900539293611531E+002   9.068397334516616E+004   1.900539293611531E+002
    43   10   5.427257447944898E-001   7.394991533341366E-001   5.427257447944898E-001
    44   10   5.427257447944904E-001   7.394991533341395E-001   5.427257447944904E-001
    46   10   1.015613904806600E+001   2.589608493763593E+002   1.015613904806600E+001
    47   10   1.015613904806602E+001   2.589608493763604E+002   1.015613904806602E+001
  </DiscreteSampler_grid>
