  0.00878686263117936  0.01919694992367048  0.03362304514072341  0.05001821202473536
  0.06727403752374084  0.08029540444313291  0.09288785173841038  0.10562270483038765
  0.11706798205811308  0.12682236773157840  0.13565965658877177  0.14472976183585556
  0.15555163651868847  0.16808519804075492  0.18081590603713973  0.19273978950722254
  0.20580059417424479  0.21814032521840843  0.22854000081895409  0.23798379080757412
  0.24810792837595652  0.25792197020944996  0.26707443216367904  0.27483715605735376
  0.28262274574951246  0.29190873532617240  0.30342073113398343  0.31499922033582695
  0.32676669774544237  0.33529239396155924  0.34306096716660750  0.35092981184719624
  0.35967807549529401  0.36977501915808880  0.38048449300161619  0.39095466177512733
  0.40340163465168177  0.41751738893648283  0.43060833439489066  0.44281215361258930
  0.45390565600492572  0.46501645015543780  0.47500404920719858  0.48452462171100019
  0.49409853725191083  0.50016717059271554  0.50534165351112770  0.51059395560858789
  0.51559534227671200  0.52032566056548779  0.52847851478956864  0.54045110563915710
  0.55391413438638626  0.56899885277114992  0.58308153478471225  0.59452427883721271
  0.60460889105070237  0.61368995468227983  0.62225948322084046  0.62954962313481233
  0.63590304598827985  0.64291778587363746  0.64976683712524907  0.66079421447997122
  0.67237466391832301  0.68302691670228166  0.69349762096878442  0.70391633981009716
  0.71399655531300976  0.72291241467071821  0.73140639036006105  0.74021176529612887
  0.75008610820591071  0.75960822123073546  0.76995889568929621  0.78008370520049353
  0.79012781067579319  0.80003909042175470  0.80988712684968356  0.82111598958096210
  0.83195728475073993  0.84213270846321020  0.85213339542898536  0.86198155277959343
  0.87134660497576422  0.88149505747362045  0.89266634313183801  0.90434388918687614
  0.91819398525672280  0.93212738860912570  0.94554869670912844  0.95819005910652300
  0.97080021960710516  0.98066247089945591  0.99108835808414397  1.00000000000000000
  0.00000305161091343  0.00000321941202774  0.00000330447952294  0.00000337928367908
  0.00000347505214958  0.00000358088395504  0.00000368338246408  0.00000380989188644
  0.00000397750494302  0.00000413747145956  0.00000430305049632  0.00000448120339507
  0.00000468123939380  0.00000489551056235  0.00000513981794114  0.00000539927230337
  0.00000567294093997  0.00000594356407412  0.00000625416101889  0.00000660483722135
  0.00000699427709984  0.00000747146401243  0.00000792673077945  0.00000839735556854
  0.00000888229225741  0.00000939194621189  0.00000999620942351  0.00001070085790629
  0.00001148193788528  0.00001220913686800  0.00001288578989607  0.00001355007187447
  0.00001425438730519  0.00001508719113008  0.00001589921383858  0.00001665449745456
  0.00001742217720576  0.00001820560469307  0.00001912842017724  0.00002017992969982
  0.00002118966287172  0.00002207262352279  0.00002294303774357  0.00002393052470796
  0.00002508847598819  0.00002645694872413  0.00002779065943152  0.00002911804148511
  0.00003053385522196  0.00003210601082812  0.00003418425137911  0.00003666782691876
  0.00003924488351121  0.00004138738874604  0.00004360284797233  0.00004591397703021
  0.00004818227977804  0.00005080496483411  0.00005340134612205  0.00005541651064366
  0.00005749216010318  0.00006002232914346  0.00006249997160952  0.00006539925026108
  0.00006821599970298  0.00007245709544390  0.00007741170836128  0.00008288099756475
  0.00008867969541593  0.00009464920373564  0.00010076030215066  0.00010715528787637
  0.00011441014889642  0.00012287158731882  0.00013232550464136  0.00014272146943222
  0.00015381313485338  0.00016643525017273  0.00018053315385312  0.00019945302835645
  0.00022156329269968  0.00024388570812032  0.00027083254859656  0.00029137472701881
  0.00031777911123500  0.00034514999785557  0.00038032370399871  0.00043983948314871
  0.00050885233759007  0.00059554642347313  0.00071318760871797  0.00090310490261682
  0.00139577044536340  0.00266669307283941  0.01022665106763713  1.00000000000000000
  0.00000098904797688  0.00000537832256218  0.00000873006271574  0.00001157077621550
  0.00001411777542038  0.00001654296315539  0.00001883452131600  0.00002107111875832
  0.00002327378609164  0.00002527078295862  0.00002726936651408  0.00002912756240290
  0.00003071575095853  0.00003250323564780  0.00003427014644602  0.00003662904816373
  0.00003882648427683  0.00004108113157777  0.00004328596454223  0.00004563584643276
  0.00004803287308887  0.00005052153598002  0.00005331262312378  0.00005628436829163
  0.00005957331676762  0.00006252871966691  0.00006551119139238  0.00006842616100955
  0.00007115714993685  0.00007352471042112  0.00007575691259914  0.00007839591361449
  0.00008127486091225  0.00008407472661603  0.00008802853581843  0.00009261700904942
  0.00009693458369538  0.00010107130961888  0.00010519930848465  0.00010967788249246
  0.00011420687253629  0.00011839184491037  0.00012234082752489  0.00012553308071967
  0.00012838948407201  0.00013111463312232  0.00013369484662714  0.00013654269277673
  0.00014114906979028  0.00014640961752524  0.00015195324659677  0.00015738387638455
  0.00016241511592150  0.00016759815152786  0.00017294406181247  0.00017785862492562
  0.00018252390218702  0.00018771524757525  0.00019429994675652  0.00020315489424542
  0.00021318066535169  0.00022457445218909  0.00023620990661683  0.00024793490996551
  0.00026187211557468  0.00027729143481270  0.00029517065349573  0.00031353882015901
  0.00033195171061933  0.00035061205254663  0.00036969524279767  0.00039176989661975
  0.00041556155630711  0.00044089915266208  0.00047275283184165  0.00051340012560116
  0.00055602452596657  0.00059971921723237  0.00063753353266210  0.00067988224805742
  0.00073029362808569  0.00079053456950726  0.00085299892735782  0.00091965794656753
  0.00100689834228404  0.00110425590273481  0.00121113468918888  0.00132158819266646
  0.00143556114365581  0.00155565846953184  0.00174979218572064  0.00199781579096362
  0.00235648833277238  0.00298149437968863  0.05195709891284173  1.00000000000000000
 -0.00207776737652189  0.00545203433988889  0.01262724559156332  0.02075441083754148
  0.02892616567424112  0.03504302609841790  0.04200410609335151  0.04964333190915965
  0.05857618745726424  0.06801389565023543  0.07662314005379017  0.08720094379403183
  0.09785452709813931  0.10715796437395053  0.11648078414610058  0.12744998533490956
  0.14292360463097631  0.15891379965755212  0.17260110927680333  0.18339931359665199
  0.19314010922323910  0.20326930696224765  0.21499512086760011  0.22839594347776621
  0.24118643963633821  0.25332784709620454  0.26475594590247142  0.27529529246405748
  0.28969477473733202  0.30215400450673568  0.31644576990964896  0.32959664445720299
  0.34065520943126953  0.35137750986606120  0.36176234203153834  0.37122498272059540
  0.37994485454976235  0.38800921117287285  0.39388883367529054  0.39917612153310256
  0.40512840083878060  0.41085563378810275  0.41584826608596009  0.42502795582370095
  0.43537123307704034  0.44716920399975507  0.45992784379388307  0.47262079996452400
  0.48573997494161381  0.49870554910726600  0.51309683839561393  0.52600181432881088
  0.53780496552811763  0.54843529390018009  0.55873386564301819  0.56955327337219575
  0.57984091291252038  0.58881757075987762  0.59670601690290903  0.60461991043249519
  0.61352320412305261  0.62369818822889966  0.63597336147539218  0.64854217427888095
  0.66104622007634417  0.67172056803095515  0.68223528732853111  0.69361250240732808
  0.70580096494277977  0.71750506263560687  0.72914987185601077  0.74036010578118139
  0.75104099467407093  0.76182162074628668  0.77213226169596627  0.78201508423388733
  0.79143097045545407  0.80166367435723451  0.81303762987213046  0.82616955400129977
  0.83798621167467002  0.85060985644100739  0.86394627272110569  0.87799100825240084
  0.89135187217620671  0.90367335104700752  0.91586299973591989  0.92711326638576930
  0.93900404934559489  0.94840995416129981  0.95883849588422942  0.96829377142633732
  0.97642458000468912  0.98436356977467654  0.99237298925969553  1.00000000000000000
 -0.00365560991925156  0.01261963785989667  0.02409308502598245  0.03523312564416781
  0.04714011336768184  0.06056854301725679  0.07485286627766292  0.08930982084492158
  0.10356861864316495  0.11664456669742727  0.12953941255643314  0.14237607036598027
  0.15566632197774399  0.16880387392849044  0.18219594617951596  0.19336054585024495
  0.20323765652043232  0.21250519344871360  0.22272790999406988  0.23284372101922407
  0.24268793134439717  0.25269913276069883  0.26386788608197337  0.27373829538187444
  0.28313928517889320  0.29285997484872700  0.30279927731240108  0.31288643639891223
  0.32423039516215113  0.33620159501707719  0.34644804944919833  0.35651613484899886
  0.36687076800842927  0.37739776097316396  0.38769921874271790  0.39824872381699455
  0.41033179244196105  0.42394047686362313  0.43656121449807289  0.44798854280487349
  0.45964444225461176  0.47194319001837903  0.48271827147485424  0.49185047309044999
  0.50182070591232031  0.51389078281576617  0.52645571989467665  0.53832273907400752
  0.54997154452827035  0.56185868089812474  0.57284393323819882  0.58373380171764289
  0.59472404241916810  0.60545632788801373  0.61577186609674606  0.62629974833052204
  0.63843014516563179  0.65017505542332388  0.66116007585757475  0.67339664115270281
  0.68570423588646590  0.69679598280022403  0.70702594395769913  0.71661199841362511
  0.72744280920218918  0.73775007264856762  0.74706908502666491  0.75613981437183508
  0.76543068988825225  0.77661798698318463  0.78968539694589690  0.80194243668987131
  0.81339123716699857  0.82240582932234596  0.82816271556072063  0.83435375096898234
  0.84035645136057957  0.84623605784158917  0.85368551573901852  0.86306532754667853
  0.87188244023544037  0.88253235256581042  0.89485250638227010  0.90795708842578515
  0.92165281850518332  0.93315539951157245  0.94227419868721052  0.95039466799584060
  0.95694426464564053  0.96228841505763041  0.96756497582150891  0.97362718614070076
  0.97881966943180032  0.98512931903904277  0.99265897651659774  1.00000000000000000
 -0.00231588086077208  0.00913359459307563  0.01927052230079053  0.02909342438314372
  0.03901326815938008  0.04908844560005651  0.05881009501893858  0.06795346130550922
  0.07628239847482647  0.08411061823546997  0.09180550718805000  0.10052451913444298
  0.11073573412664846  0.12149250510924754  0.13235383907467563  0.14305828695113185
  0.15385953690998314  0.16529887824040743  0.17686731836206135  0.18818416340496072
  0.19985008227567275  0.21231241473761964  0.22558828901839065  0.23768263919484986
  0.24793667910680858  0.25864396941624662  0.26786724774933013  0.27613459223881925
  0.28561983767316479  0.29641941387954091  0.30797797217778172  0.32030380107664569
  0.33333785427449986  0.34641008943936691  0.36011590587607684  0.37397647283466795
  0.38699303312946609  0.39967548904781275  0.41306815173741029  0.42432363783192095
  0.43595108694617235  0.44719342864012829  0.45790534648038167  0.46688283867831426
  0.47356170805364639  0.48035624612234917  0.48659271171887220  0.49479435299773195
  0.50515721274607472  0.51685316593245356  0.52892400114123794  0.53779417119856288
  0.54794255056312680  0.55792470567985764  0.56834305922422002  0.57813226911488302
  0.59014632141270507  0.60109926773115008  0.61149135882850070  0.62229290463399733
  0.63347175399395339  0.64392599816909835  0.65326490539520543  0.66214142039828461
  0.67192952471368250  0.68393885526407061  0.69467220119087780  0.70528814711506027
  0.71570671867552149  0.72748730845747822  0.74006118799281462  0.75274828288324946
  0.76623131160934199  0.77224491270952633  0.77825015706690781  0.78361330958271536
  0.78862285787552222  0.79318305303089920  0.80227900800936114  0.81096432100544613
  0.81976756869516887  0.82847765672582374  0.83812795621925251  0.84914017690419186
  0.85900361620812027  0.86977720810553005  0.88151393086896868  0.89382068569371165
  0.90579286230112355  0.91773634049304065  0.92961562169245693  0.94129764791481929
  0.95409674607075701  0.96881567555799442  0.98465461477610394  1.00000000000000000
  0.00007868819750520  0.00010157978014394  0.00012447136278269  0.00015149850916233
  0.00020245509656020  0.00025341168395807  0.00030432211028238  0.00035438051614437
  0.00040443892200636  0.00045449732786835  0.00049233042187862  0.00052880335770632
  0.00056492892569481  0.00059865662897053  0.00063238433224624  0.00066737572098083
  0.00070239068419582  0.00073636827785500  0.00077025035697369  0.00080401535738999
  0.00083774745346383  0.00087142715906549  0.00090507688583005  0.00093931869933970
  0.00097418614854779  0.00101233724937050  0.00105518466655327  0.00109940512512577
  0.00115463278610077  0.00120986044707576  0.00126759038334499  0.00132538408282791
  0.00138412050972725  0.00144292331152465  0.00150723679319640  0.00157262643677222
  0.00164893270787298  0.00173763941353484  0.00184957158376322  0.00194880336146762
  0.00204481675571727  0.00214142671417000  0.00223979504967480  0.00234059920294868
  0.00243339567106050  0.00251839247227918  0.00258465366662243  0.00264660222119256
  0.00270306955083922  0.00276029472615035  0.00282452133507861  0.00289013985724231
  0.00295735416601514  0.00303157324872505  0.00311266688567162  0.00320446086655839
  0.00330502863348983  0.00339771146047310  0.00348719826836819  0.00358092779045365
  0.00366995060052089  0.00374779400137288  0.00382008098291474  0.00389040788531857
  0.00396962846540045  0.00407527079751102  0.00419009834627631  0.00430931317543592
  0.00442933894324373  0.00458288022937466  0.00482517388018189  0.00501917214388325
  0.00519847380932375  0.00542176286685349  0.00570466834082932  0.00621937351166180
  0.00685223016512140  0.00728902961461397  0.00763215119193610  0.00801608400408951
  0.00827396289787834  0.00854051618291977  0.00944826825722762  0.01013032111904852
  0.01067618095826312  0.01152118108815020  0.01246006259309521  0.01328562092170760
  0.01452991373840087  0.01668563997894365  0.01907595482394701  0.02296043460472487
  0.02793466987490098  0.03388765088655050  0.11329971685827749  1.00000000000000000
 -0.00366037240078084  0.03082029702241011  0.05365954129447354  0.07195388290670028
  0.08802564082698781  0.10651436410171031  0.12737685529525039  0.14618732753373373
  0.16211600748018645  0.17379496513835715  0.18258233238483371  0.18775027363082286
  0.19264256426407966  0.19774446718238403  0.20399977700166441  0.21067619720181902
  0.22051924856143673  0.23125075626004002  0.24085504511807321  0.24925252769915462
  0.25698301828483672  0.26524448350337704  0.27369806663572577  0.28040838836877580
  0.29171936758565997  0.30289389492280422  0.31443654195615944  0.32503716993652798
  0.33328997746671152  0.33972258181873488  0.34520533438537887  0.35030003423235800
  0.35586388093141685  0.36263848823391687  0.37084612500545960  0.38015037986543238
  0.38921997886794096  0.39757625211944359  0.40453263725296174  0.41161450800201660
  0.41877303698185031  0.42709724379198127  0.43574770859922302  0.44405797262772512
  0.45243391050103310  0.46060402342593659  0.46742247836288242  0.47420270248221502
  0.48086678645261782  0.48823953189103408  0.49794817000942970  0.50717087925246029
  0.51576608331883933  0.52411895944490194  0.53212381762472372  0.53893768357126093
  0.54575817955048600  0.55231294090368521  0.55914589182091379  0.56588219336508083
  0.57292596838386278  0.57998651763343945  0.58679701868989187  0.59421784463683969
  0.60214655171751330  0.61166699133295466  0.62249512463480638  0.63279684427456462
  0.64290063082049342  0.65190533791375238  0.66099109904822562  0.66969630784057810
  0.67886668800422600  0.68867547589305211  0.69881708472370629  0.70933083242321093
  0.71958279022156757  0.73061475691937616  0.74317864352746976  0.75766763700616746
  0.77432416818851824  0.78641269374095590  0.79645304018156071  0.80632611935355147
  0.81684937864918084  0.83151391082483128  0.84654686013625979  0.86640274652333038
  0.88646416877434120  0.90838252288392884  0.92778903437256677  0.94313604487486069
  0.95481493091357761  0.96592160211385769  0.97983905627214085  1.00000000000000000
  0.04362309583513211  0.13248521157682785  0.16885519885565148  0.20383821251059003
  0.23451883999372239  0.26280247837934906  0.28915469948965233  0.31440436481061701
  0.33631005023499044  0.35653397080822380  0.37600595005758325  0.39586344311372812
  0.41608625256258575  0.43464077975995458  0.45116016294354344  0.46596625509469847
  0.47979409577944104  0.49290461984327461  0.50599711413409909  0.51913553579800475
  0.53332265159856984  0.54767411273412925  0.56174057006352607  0.57418569856635260
  0.58546625738868374  0.59620441488124853  0.60724009942082868  0.61841083658942408
  0.62871497024952094  0.63832110819027643  0.64783778945838633  0.65740633171628138
  0.66675307218107283  0.67517008873978612  0.68334620914087862  0.69135122305327767
  0.69894119474695560  0.70621096667279426  0.71258873577188586  0.71910157443233225
  0.72612468637908867  0.73227200156233463  0.73807265771350561  0.74377409847544929
  0.74917619756520826  0.75460683254893568  0.76058540564615273  0.76675103634947617
  0.77269192720706903  0.77880582282868160  0.78540507239629864  0.79149453447988583
  0.79705443439656642  0.80178603450680819  0.80623264409716489  0.81067629480503844
  0.81519036359692509  0.81954854671575605  0.82449996689873029  0.82961943703510965
  0.83483816999425220  0.83992611647862447  0.84484940356072580  0.84959090862073583
  0.85394278110198918  0.85787548982074768  0.86174518250602739  0.86613798746991322
  0.87156701316532659  0.87760209769626252  0.88345506074584301  0.88841840317906118
  0.89296088386840611  0.89750654008091291  0.90225573599681841  0.90685612448205233
  0.91117041688608191  0.91490344660268896  0.91841566477569336  0.92258946982353163
  0.92667363031867589  0.93070829996125193  0.93522834058103632  0.93967784510737318
  0.94418502720133524  0.94891601021392613  0.95397727919518693  0.95967517010215264
  0.96521151197630339  0.97055413433165694  0.97601823402496646  0.98041401023513297
  0.98465727889129406  0.98916075008248927  0.99417070320268919  1.00000000000000000
 -0.01158623768987367  0.06505639495054330  0.09365222262215790  0.10884576863268405
  0.11888703081541352  0.12842957323227588  0.13946401766141395  0.15074063230687532
  0.16018220141520290  0.17029111002347547  0.18070355681827088  0.19098489803040375
  0.19986787056850935  0.20747265500287729  0.21413189225084989  0.22083791843978801
  0.22764608491276048  0.23563198281757405  0.24172626982169454  0.24783126787984436
  0.25294798603459373  0.25877972907827268  0.26410790082157665  0.26894204874791883
  0.27435703106746206  0.28013575928185602  0.28650979996966386  0.29303492219090777
  0.29928093872582673  0.30403270853671399  0.30857856131577588  0.31333017650103767
  0.31875471433055907  0.32417949657806883  0.32979974009741897  0.33496817794860578
  0.33868023911267808  0.34156880651651289  0.34453350306727948  0.34766495807007158
  0.35128523497992281  0.35479411731787747  0.35867819180285249  0.36497230678493758
  0.37128372964318446  0.37760405160725991  0.38391414789581185  0.38929257334604006
  0.39440412608732950  0.39972641419609045  0.40568955711143345  0.41310667197720419
  0.42056816980745115  0.42799976924595567  0.43495221181413513  0.44138000027884444
  0.44791535103088037  0.45487435808429277  0.46236403163610518  0.47049726032648431
  0.47835999466572282  0.48591525648973100  0.49364139866947282  0.50198697773467682
  0.51020608493329567  0.51784909281560421  0.52479217514754273  0.53092964541395771
  0.53761585003598011  0.54434920052535452  0.55072363469691921  0.55672296950009559
  0.56312390591594019  0.57061933793100761  0.57920322926234202  0.58917725974259838
  0.59971006713466835  0.60942112444661023  0.61907553128657189  0.62880710577858689
  0.63735630614206196  0.64524380059546138  0.65398329077018025  0.66398227789199116
  0.67646759382828259  0.68971457183946916  0.70271567657476042  0.71544511232268859
  0.72872101864833994  0.74479457487630707  0.76401786928556759  0.78571712110033620
  0.81203516707001266  0.84214641169638915  0.87959705990637782  1.00000000000000000
   5.8419668313177574E-009  -1.0000000000000000     
 F F F F F F F F F F F F F F F F F F F F F F F F F F F F F F F F F F F F F F F F F F F F F F F F F F F F F F F F F F F F F F F F F F F F F F F F F F F F F F F F F F F F F F F F F F F F F F F F F F F F F F F F F F F F F F F F F F F F F F F F F F F F F F F F
  <DiscreteSampler_grid>
  grouped_processes
  1 # 1 for a reference and 2 for a running grid.
  10 # Attribute 'min_bin_probing_points' of the grid.
  1 # Attribute 'grid_mode' of the grid. 1=='default',2=='initialization'
  0.0000000000000000 # Attribute 'small_contrib_threshold' of the grid.
  0.5000000000000000 # Attribute 'damping_power' of the grid.
 # binID   n_entries weight   weight_sqr   abs_weight
    55   10   4.024419306922390E+001   1.096330078477377E+004   4.024419306922390E+001
    56   10   4.024419306922401E+001   1.096330078477384E+004   4.024419306922401E+001
    58   10   7.530979036990796E+002   3.839173676390557E+006   7.530979036990796E+002
    59   10   7.530979036990818E+002   3.839173676390585E+006   7.530979036990818E+002
    61   10   2.150577060217286E+000   3.130724844165495E+001   2.150577060217286E+000
    62   10   2.150577060217294E+000   3.130724844165520E+001   2.150577060217294E+000
    64   10   4.024419306922388E+001   1.096330078477376E+004   4.024419306922388E+001
    65   10   4.024419306922401E+001   1.096330078477384E+004   4.024419306922401E+001
    91   10   4.024419306922393E+001   1.096330078477378E+004   4.024419306922393E+001
    92   10   4.024419306922398E+001   1.096330078477384E+004   4.024419306922398E+001
    94   10   7.530979036990800E+002   3.839173676390561E+006   7.530979036990800E+002
    95   10   7.530979036990818E+002   3.839173676390585E+006   7.530979036990818E+002
    97   10   2.150577060217288E+000   3.130724844165499E+001   2.150577060217288E+000
    98   10   2.150577060217292E+000   3.130724844165515E+001   2.150577060217292E+000
    100   10   4.024419306922392E+001   1.096330078477378E+004   4.024419306922392E+001
    101   10   4.024419306922398E+001   1.096330078477384E+004   4.024419306922398E+001
    118   10   3.342988501289632E+001   8.004931520836037E+003   3.342988501289632E+001
    119   10   3.342988501289639E+001   8.004931520836083E+003   3.342988501289639E+001
    121   10   1.786432733556681E+000   2.285920862714158E+001   1.786432733556681E+000
    122   10   1.786432733556686E+000   2.285920862714176E+001   1.786432733556686E+000
    124   10   6.255803484693653E+002   2.803199782567755E+006   6.255803484693653E+002
    125   10   6.255803484693669E+002   2.803199782567776E+006   6.255803484693669E+002
    127   10   3.342988501289630E+001   8.004931520836026E+003   3.342988501289630E+001
    128   10   3.342988501289639E+001   8.004931520836083E+003   3.342988501289639E+001
  </DiscreteSampler_grid>
