  0.00961569243436872  0.01509160550579711  0.02308207851027184  0.03251271323236682
  0.04237021788985611  0.05150634952968085  0.06081221575564401  0.06929050521590883
  0.07811997528702837  0.08754071733533626  0.09746023860978596  0.10761318160487333
  0.11731968677276350  0.12766080244833855  0.13849060458175225  0.14746385865064515
  0.15764460049904733  0.16695142572040647  0.17767391292624599  0.18872547171167109
  0.20007943182148724  0.20986336962101912  0.21976471407799533  0.22984998959823993
  0.24025166032125983  0.25011366874971186  0.25933866997231220  0.26838415703967605
  0.27761741353895875  0.28735295842278213  0.29738889659033807  0.30748595044562221
  0.31753137058407432  0.32743958068866702  0.33730372215622995  0.34683643808118086
  0.35608653035271864  0.36519234401409095  0.37486068770607373  0.38539871660307778
  0.39691375845032473  0.40936803284366885  0.42297524905920852  0.43648721733004209
  0.44972282355139165  0.46190910670036489  0.47330944072494469  0.48529993748642014
  0.49495877185528192  0.50369263143889209  0.51205683032824623  0.52155178717273254
  0.53077708864716133  0.53823620613353129  0.54599954034012932  0.55464238698866275
  0.56492929501614275  0.57562738621170118  0.58550487925043870  0.59559257208866645
  0.60510511631091679  0.61460441039309499  0.62466163347979575  0.63503716284970069
  0.64536824116577396  0.65496279721437589  0.66482823607116237  0.67617097437806062
  0.68828031334710749  0.70048523807713570  0.71220951633110274  0.72383716034712187
  0.73534732154563109  0.74685080996466147  0.75823807422200817  0.76868491162347652
  0.77922436957873509  0.78994957586295667  0.80151776753817328  0.81354451973541675
  0.82516455494270347  0.83667994767657627  0.84810492851570740  0.85961742929583240
  0.87184007064282476  0.88442741434829431  0.89722365186278363  0.90844912408848411
  0.91904302349595479  0.92865565387761251  0.93860699556240212  0.94886752079511616
  0.95988978491596988  0.97202393306432011  0.98556087942880299  1.00000000000000000
  0.00000296103038084  0.00000303434452769  0.00000312587421294  0.00000321492809111
  0.00000333464700171  0.00000346186714882  0.00000359608401514  0.00000374834402272
  0.00000392836821485  0.00000413329151792  0.00000433967932796  0.00000455039085956
  0.00000476434134224  0.00000497183986442  0.00000519150475781  0.00000541787561051
  0.00000566249191405  0.00000593910120323  0.00000626360823159  0.00000660534106648
  0.00000696817013525  0.00000736117935651  0.00000778342310392  0.00000824408140088
  0.00000872808785409  0.00000921445322834  0.00000969995166056  0.00001017996650448
  0.00001066471515311  0.00001117037022151  0.00001168940089634  0.00001222149987504
  0.00001281333104305  0.00001344717314585  0.00001409685223654  0.00001478932521853
  0.00001550455245718  0.00001622932856400  0.00001702795939351  0.00001789689486426
  0.00001875518188798  0.00001963186534964  0.00002055794758817  0.00002156717146532
  0.00002269301518263  0.00002393779522302  0.00002526101814491  0.00002661091441665
  0.00002805275092068  0.00002956913619567  0.00003114055648780  0.00003284016884583
  0.00003459396365134  0.00003632378284351  0.00003810087071475  0.00003993299737365
  0.00004182826963614  0.00004380617117559  0.00004585335750047  0.00004804655570243
  0.00005058948623310  0.00005352133392914  0.00005674409030806  0.00006024731770152
  0.00006381519930602  0.00006745200203515  0.00007112649754434  0.00007492615182565
  0.00007946086778887  0.00008396048081187  0.00008876560284918  0.00009414391768686
  0.00010016063341780  0.00010856421177806  0.00011786308042311  0.00012787105010097
  0.00013926168359186  0.00015300302182151  0.00016658236831647  0.00017916545973444
  0.00019200478148081  0.00020586138287631  0.00022158852649278  0.00023870544601719
  0.00026122542529224  0.00028852879417251  0.00032417223835326  0.00037310880763768
  0.00044195365847092  0.00053032054869187  0.00065769767271257  0.00081895480901072
  0.00138253565828425  0.00249072318546428  0.00714529169404753  1.00000000000000000
  0.00000245463377890  0.00000299542626792  0.00000324212697846  0.00000353346425384
  0.00000384358389697  0.00000415445296820  0.00000446918134410  0.00000477583779000
  0.00000509791570206  0.00000541928045006  0.00000576412600037  0.00000616282504622
  0.00000662131262887  0.00000710480165622  0.00000757776119598  0.00000804418323709
  0.00000852734722437  0.00000908967178529  0.00000967507723860  0.00001029554146337
  0.00001093627312862  0.00001155610838240  0.00001215215301385  0.00001275838821262
  0.00001339037361953  0.00001408005293319  0.00001489276454688  0.00001578084704327
  0.00001665885816403  0.00001750403708976  0.00001835691508550  0.00001921036560107
  0.00002018080652342  0.00002123156045384  0.00002231458436680  0.00002347727825904
  0.00002476161235090  0.00002617773520599  0.00002757731602822  0.00002886243401392
  0.00003006813473129  0.00003129131709966  0.00003260009809044  0.00003401238090671
  0.00003556030869436  0.00003711439358666  0.00003868374491284  0.00004025543033219
  0.00004199849625056  0.00004413350094780  0.00004635215806134  0.00004865387002431
  0.00005121138265853  0.00005384035672348  0.00005665173159058  0.00005973122050352
  0.00006298897412877  0.00006664061513878  0.00007026802207965  0.00007360136849884
  0.00007649635446562  0.00007935622570089  0.00008242395599206  0.00008568034917091
  0.00008898789767991  0.00009251073257912  0.00009648826500578  0.00010096854839091
  0.00010568465460642  0.00011085043425334  0.00011638639177734  0.00012337263851678
  0.00013226807433085  0.00014079179618939  0.00015077013065724  0.00016089404100175
  0.00017295597114098  0.00018493097398313  0.00019905699220700  0.00021502102035978
  0.00023556041128640  0.00026073877203301  0.00028962979624895  0.00032160557501785
  0.00035472054512011  0.00039198006851149  0.00044368951750612  0.00050868690206672
  0.00058817994294949  0.00071482514659122  0.00098940828434233  0.00142347421431728
  0.00205592070069637  0.00394237608607068  0.01791731790842881  1.00000000000000000
 -0.00159838430567234  0.00799139965641635  0.01815711978304717  0.02778166634471859
  0.03721967313322577  0.04652345180924857  0.05683763024425604  0.06874286827015939
  0.08059028864486717  0.09183663573772580  0.10251625420397209  0.11364686744208670
  0.12480642942261344  0.13582460322499740  0.14584765770627628  0.15590254880070331
  0.16655741328329404  0.17810064598312927  0.18987170097085262  0.20035729763058255
  0.21059682956246381  0.22121933051712558  0.23242797757393463  0.24316285382297725
  0.25340842770742994  0.26284521931922755  0.27194398755963450  0.28152603891698658
  0.29229313890764119  0.30453749383567247  0.31637031829027418  0.32737683741539775
  0.33786042879188327  0.34834772392006536  0.35924484380760996  0.36970903419769219
  0.37910294113801207  0.38800649049438835  0.39753971058942622  0.40793645977878173
  0.41939770987657260  0.43007825233712044  0.44075401795794622  0.45277359824848945
  0.46444958976272627  0.47605180338350644  0.48703584570621528  0.49863681209663607
  0.50824365238817404  0.51732974839413515  0.52662781290117422  0.53602666723119374
  0.54682207747915046  0.55679644509923854  0.56646827071774863  0.57657907605200043
  0.58723412430157229  0.59816344385518527  0.60874477018335904  0.61800179086578955
  0.62789030502435539  0.63717178939170149  0.64619030917714881  0.65472432344683329
  0.66296656452128000  0.67092501813904581  0.67929984064254600  0.68897337961793348
  0.70122404171774277  0.71491810149855362  0.72797476051024324  0.73928396056574652
  0.75033978218239272  0.76092101922484079  0.77257427367338005  0.78456330796808116
  0.79560190744707149  0.80476801224177219  0.81427782549515826  0.82467082551174276
  0.83545723356239465  0.84623571469059478  0.85816857806814439  0.87131739772181827
  0.88238786451030493  0.89228873249752272  0.90117438100528158  0.90966429095330104
  0.91906698262219355  0.92882198708449648  0.93894441634367909  0.95128618065048764
  0.96403082941935503  0.97625766509988865  0.98810300004913287  1.00000000000000000
 -0.00311049906690621  0.01095403480873219  0.02190987242090127  0.03317236837906219
  0.04503320406292270  0.05880697525123943  0.07131156875617757  0.08191322478034911
  0.09207569818659662  0.10204012321484493  0.11184058847414677  0.12094846848847442
  0.13027731430455899  0.14009953101976852  0.15068632977292590  0.16153842654953007
  0.17241266183512732  0.18333447482968671  0.19416172682301036  0.20559205612814307
  0.21693921790554502  0.22838393990759590  0.23941016784114924  0.25005535855696365
  0.26153265722438213  0.27312229257041959  0.28469026748043180  0.29572517589888930
  0.30670791989445173  0.31860028914063787  0.33122018814639298  0.34204501805838816
  0.35268243692381851  0.36316017486098678  0.37338327533337973  0.38319141165450454
  0.39349259193103120  0.40588603934783740  0.41792098906778680  0.42858929094020953
  0.43841640658473346  0.44807253399057501  0.45765092265090512  0.46742533264421815
  0.47819651708827560  0.48933099885913506  0.50010624364483436  0.50961324173027112
  0.51838019315704842  0.52738038335782278  0.53701106086173456  0.54710300365883791
  0.55698562062250445  0.56664868773475696  0.57642169039493985  0.58664571169501667
  0.59687104536451563  0.60618540794057785  0.61510531836615956  0.62412227182258906
  0.63332016659688750  0.64305631099691485  0.65303200646316817  0.66321919974887256
  0.67410980523811204  0.68536716336340320  0.69655844073694906  0.70727320738953092
  0.71762009199167698  0.72655074749596671  0.73479980999724426  0.74291620669850944
  0.75080113487575817  0.75970796541292773  0.76862145363395151  0.77869736023264524
  0.78986177873797825  0.80095322378149403  0.81061754416910514  0.81964947920227615
  0.82868219585792324  0.83797365102718580  0.84787883440757739  0.85767828883691444
  0.86807599927199075  0.87925685103222084  0.89133534008586146  0.90305176106865492
  0.91440624748801003  0.92648698464669044  0.93922439766121069  0.95198361782718033
  0.96440887815007204  0.97664259931188324  0.98828004923737967  1.00000000000000000
 -0.00266206033045660  0.01160607011351478  0.02302346560381029  0.03478737503563969
  0.04581837978987273  0.05727952950870512  0.06901144884834429  0.08030929861384185
  0.09108635967823228  0.10166595650019199  0.11256685167056125  0.12340059942037779
  0.13413435106540395  0.14474760543276813  0.15550319958060918  0.16597430896018486
  0.17587486684718248  0.18564587836372196  0.19561815317120418  0.20574921381692718
  0.21525025688513491  0.22430115775539874  0.23294031659319933  0.24095719043277394
  0.24869316019094304  0.25685621219084204  0.26572134937631453  0.27554004686657485
  0.28599975970310754  0.29589070459136180  0.30513207149659760  0.31495605240454660
  0.32583959596698403  0.33582117544371326  0.34545338074746368  0.35486254514852755
  0.36550331636443040  0.37737971262445441  0.38966529387603632  0.40191930000840637
  0.41380929031437075  0.42557806219741368  0.43622385528419783  0.44691218797006210
  0.45731649186269485  0.46838560621937025  0.47874634663307941  0.48973184639814532
  0.50053946183006026  0.51172383744201366  0.52332940813464690  0.53551667163893635
  0.54784828170175182  0.56008877621354713  0.57245189576927313  0.58508969460795168
  0.59770448668632470  0.61034242360972146  0.62260474766088170  0.63363750852209766
  0.64423562319011063  0.65486732120563029  0.66578315629603346  0.67656801048249127
  0.68699046143324527  0.69766919482073875  0.70810142958283551  0.71909948932815004
  0.72994166674251915  0.74011283094328517  0.75060095764306933  0.76143684562610037
  0.77212418543740002  0.78340883391957039  0.79454658063839334  0.80399446710707378
  0.81310443497358420  0.82212957485828519  0.83108182750387061  0.83976914960433569
  0.84858335854247224  0.85816763022528564  0.86749515077814210  0.87656772372248792
  0.88613651189712384  0.89632883615006542  0.90701968638620556  0.91746343505894179
  0.92686507310432231  0.93631995844734017  0.94585565658728954  0.95629838032769066
  0.96762009909418301  0.97933807304378917  0.99029290362603750  1.00000000000000000
  0.00000526907858512  0.00014545885206059  0.00034060280271724  0.00063851293693387
  0.00083187569751606  0.00099200385177414  0.00116279717207451  0.00133754947471932
  0.00151418254554407  0.00169176714017281  0.00186881243018088  0.00204487051599666
  0.00221858176822026  0.00239482659194965  0.00257328562672786  0.00275469354388321
  0.00293977843011873  0.00312968036569616  0.00332525502905466  0.00352768865188594
  0.00373261315320405  0.00394398337945969  0.00415912145615696  0.00437062488346148
  0.00458758563754925  0.00480831983580490  0.00503770751678461  0.00527329245683630
  0.00548979615825443  0.00569256216097230  0.00590240427539800  0.00612490334816165
  0.00636096432569645  0.00660045098528585  0.00685560023197014  0.00711917550824507
  0.00741127811355079  0.00773075286520209  0.00806837707791576  0.00842397739536183
  0.00875472423263785  0.00904865848774523  0.00932652932776026  0.00959887600018279
  0.00986492426258847  0.01011388950228808  0.01034151371541119  0.01059327174576402
  0.01085153927846800  0.01109989868475793  0.01135557649351639  0.01163427984871773
  0.01195038011087104  0.01229677467892897  0.01262641888033191  0.01291132436929389
  0.01318452368198685  0.01349938046929781  0.01385078971583044  0.01420693251285216
  0.01455310755935346  0.01506172702326527  0.01562049445849668  0.01615206653356969
  0.01669178372289720  0.01719977068783783  0.01772387591197047  0.01820582845374407
  0.01868021295444022  0.01911891896545964  0.01964557727574674  0.02014317487081287
  0.02061203528388334  0.02106487513565183  0.02161063178513897  0.02223348931504412
  0.02291693175950120  0.02368680779560902  0.02450785114008646  0.02549730065804696
  0.02623965305267840  0.02699873932474797  0.02744806348062774  0.03035173744849795
  0.03229874838101594  0.03315637054501391  0.03598658698606143  0.03874082861301152
  0.03979523536406201  0.04100189717995199  0.04412769662890957  0.04819143552046939
  0.05173907441528394  0.05607729107744044  0.06774543404782878  1.00000000000000000
 -0.00173105547388734  0.00939668012671900  0.01896115229323696  0.02847258876840326
  0.03892252355181034  0.05194402852123808  0.06589855450476807  0.07912569292561410
  0.09244388000198540  0.10499476338273007  0.11630266405633564  0.12683048151965898
  0.13773966307447510  0.14864463182509766  0.16008059899202662  0.17132286129911972
  0.18175822916589313  0.19239598923091211  0.20263073397656373  0.21224400125502996
  0.22054279376156932  0.22886143541248025  0.23707122062911137  0.24714221521254512
  0.25729257429292884  0.26707058717215776  0.27607135954478579  0.28470370866740208
  0.29446033579283082  0.30625126000263231  0.31725973381201167  0.32752406816449708
  0.33746081920875493  0.34847010719888527  0.35870598432784484  0.36837700963152981
  0.37809255743582748  0.38779815420041330  0.39754105208954271  0.40645430824169737
  0.41494673206356208  0.42312617958549786  0.43136476055688916  0.43993073741390953
  0.44884094928271662  0.45803591757501394  0.46763621917892984  0.47802268781223212
  0.48924047912725854  0.50014339124726115  0.50929357406491871  0.51809412634656282
  0.52712340103670730  0.53648234320654431  0.54637966663291615  0.55537317007876008
  0.56535952328632733  0.57599988910602151  0.58672431219673060  0.59748095748511598
  0.60795776833509774  0.61935875913283711  0.63016552039030116  0.64107446876301077
  0.65166167612453318  0.66224582353715200  0.67222462774697200  0.68185142931335863
  0.69198450670148237  0.70255237860041642  0.71334574851905763  0.72439183980356758
  0.73579252245816518  0.74725925276104732  0.75806510090505774  0.76886738719604397
  0.77943628341720850  0.79005353749358609  0.80113514890538029  0.81232948957142570
  0.82362873090029309  0.83442939191415100  0.84642776716534085  0.85859648521904641
  0.87207682192126956  0.88455873760964576  0.89703300256110308  0.90969217144926651
  0.92109176068312681  0.93085974049816111  0.94079673395118391  0.95194724717872392
  0.96442423270205313  0.97561266386669820  0.98750202318209779  1.00000000000000000
  0.07273751339784086  0.19624043071525857  0.25343968882243045  0.30092456025377967
  0.34295387935807192  0.37829843479276004  0.40766007655707404  0.43640552933813703
  0.46458898679226401  0.48960981610233090  0.51302018700345586  0.53408240080673330
  0.55200397088387421  0.56889669035717638  0.58531227764546745  0.60093090045845365
  0.61647105141638470  0.63080135914286062  0.64353161848236151  0.65630700658549534
  0.66958344547948057  0.68219617410850475  0.69388657137644350  0.70520977549154096
  0.71572409694089900  0.72585094357897162  0.73530215735535076  0.74463634858742278
  0.75313559693228704  0.76152215547909408  0.76943886625836699  0.77672936083658051
  0.78349818091963186  0.79014870270457482  0.79651261846391452  0.80260054019069238
  0.80840481085733051  0.81389258917986174  0.81934505574627425  0.82462725820988358
  0.82991655271463571  0.83495037239426195  0.83980127093158408  0.84419985708298140
  0.84849415317736887  0.85280986422474736  0.85694741852753098  0.86105974422251952
  0.86532367444194991  0.86962589807174495  0.87363661616120225  0.87713110559154006
  0.88068682594498571  0.88431456376517426  0.88803203101121642  0.89200899645693643
  0.89592475346513167  0.89950183300692177  0.90303321941925452  0.90645775816367768
  0.90971051799806268  0.91296953054611063  0.91616904606606775  0.91928703721345173
  0.92214947160933702  0.92489342230944394  0.92759135758270361  0.93032386577375847
  0.93320092777904273  0.93637139312253537  0.93912026625749390  0.94171406198200824
  0.94421396601394036  0.94662578071043557  0.94903144171444453  0.95153042706712787
  0.95403141524112745  0.95652165700616965  0.95898573701955780  0.96143110313748859
  0.96386425218542826  0.96628807631944591  0.96862900764870474  0.97086871519502860
  0.97303069318658919  0.97513755488906118  0.97722644667415171  0.97940393378952495
  0.98169548903577597  0.98410307349551429  0.98654640083674594  0.98891721118121889
  0.99131355938386290  0.99385244151296570  0.99673198129615226  1.00000000000000000
 -0.01262927960994466  0.08151645530987996  0.11349911846501456  0.13320240949637596
  0.14858019732587313  0.16233526334402198  0.17448339372375560  0.18492785304559678
  0.19386256691325740  0.20272649787925956  0.21176376984038031  0.22162617991048619
  0.23098028264109829  0.23919706181238326  0.24695738064839740  0.25478407520778967
  0.26215328044628960  0.26929656326320217  0.27649415853776615  0.28397272377266769
  0.29113662412720537  0.29784641283835184  0.30450169386850146  0.31095283430867154
  0.31757856061224321  0.32463187628772111  0.33169509383913565  0.33858134651655047
  0.34540435636201561  0.35246181754658185  0.35962026520607449  0.36651755927294649
  0.37313799157646099  0.37935656315223437  0.38484140439917425  0.39051762326181966
  0.39628100658225812  0.40217002883192732  0.40812817147853653  0.41384122603148543
  0.41913134063725804  0.42445862447707605  0.42975893532579346  0.43520528840017986
  0.44125211668329628  0.44738140752427286  0.45411772293790853  0.46047196917319422
  0.46646776186842420  0.47244788883570549  0.47832588608808085  0.48486555808908166
  0.49230723521556136  0.49976028617092633  0.50606156481122444  0.51194136061555007
  0.51802988570419395  0.52405266159696773  0.53053659511247042  0.53662320077538783
  0.54210737920347740  0.54719595844581992  0.55234695405855028  0.55773424345860378
  0.56336781869897945  0.56910660072763408  0.57509242937384442  0.58090139717341915
  0.58701953348966596  0.59372963899797326  0.60132011318374301  0.60932321446265181
  0.61691380633034587  0.62396887276361479  0.63106134878150233  0.63842734579289284
  0.64588636741330796  0.65367262577318608  0.66134241383734638  0.66890733273898928
  0.67615124328124210  0.68330122666633764  0.69091513174310948  0.69952128062354357
  0.70905423707449566  0.71896790170351266  0.72956527710511243  0.74064385104490238
  0.75288353883378090  0.76703363703995331  0.78262682217950452  0.79936490993966314
  0.81781018687406082  0.83992085521064896  0.87725354181755399  1.00000000000000000
   2.6391227990434789E-008  -1.0000000000000000     
 F F F F F F F F F F F F F F F F F F F F F F F F F F F F F F F F F F F F F F F F F F F F F F F F F F F F F F F F F F F F F F F F F F F F F F F F F F F F F F F F F F F F F F F F F F F F F F F F F F F F F F F F F F F F F F F F F F F F F F F F F F F F F F F F
  <DiscreteSampler_grid>
  grouped_processes
  1 # 1 for a reference and 2 for a running grid.
  10 # Attribute 'min_bin_probing_points' of the grid.
  1 # Attribute 'grid_mode' of the grid. 1=='default',2=='initialization'
  0.0000000000000000 # Attribute 'small_contrib_threshold' of the grid.
  0.5000000000000000 # Attribute 'damping_power' of the grid.
 # binID   n_entries weight   weight_sqr   abs_weight
    46   10   1.390240765274529E+001   6.410531564282693E+002   1.390240765274529E+001
    47   10   1.390240765274526E+001   6.410531564282680E+002   1.390240765274526E+001
    49   10   2.211259620663591E+002   2.420953304606294E+005   2.211259620663591E+002
    50   10   2.211259620663587E+002   2.420953304606290E+005   2.211259620663587E+002
    52   10   2.211259620663592E+002   2.420953304606295E+005   2.211259620663592E+002
    53   10   2.211259620663586E+002   2.420953304606287E+005   2.211259620663586E+002
    55   10   4.078049336453142E+003   8.242691151416041E+007   4.078049336453142E+003
    56   10   4.078049336453133E+003   8.242691151416022E+007   4.078049336453133E+003
    73   10   1.390240765274529E+001   6.410531564282693E+002   1.390240765274529E+001
    74   10   1.390240765274526E+001   6.410531564282680E+002   1.390240765274526E+001
    76   10   2.211259620663591E+002   2.420953304606294E+005   2.211259620663591E+002
    77   10   2.211259620663587E+002   2.420953304606290E+005   2.211259620663587E+002
    79   10   2.211259620663591E+002   2.420953304606294E+005   2.211259620663591E+002
    80   10   2.211259620663586E+002   2.420953304606287E+005   2.211259620663586E+002
    82   10   4.078049336453142E+003   8.242691151416041E+007   4.078049336453142E+003
    83   10   4.078049336453135E+003   8.242691151416026E+007   4.078049336453135E+003
  </DiscreteSampler_grid>
