  0.00000048995545334  0.00000082374774619  0.00000111821528276  0.00000140143837112
  0.00000168823207775  0.00000200996618994  0.00000234424056406  0.00000269026926187
  0.00000302755292890  0.00000338558154918  0.00000377511684614  0.00000416766734384
  0.00000458922279418  0.00000508283630310  0.00000572102619033  0.00000639233278867
  0.00000700734721901  0.00000755543385766  0.00000805788882764  0.00000857650746515
  0.00000911391675968  0.00000968636629739  0.00001027837602700  0.00001090009955225
  0.00001150757996531  0.00001211729909987  0.00001279404924471  0.00001345686986596
  0.00001416865764363  0.00001486514341105  0.00001552132622002  0.00001605945688646
  0.00001656854206231  0.00001714034116824  0.00001774928108490  0.00001837353607151
  0.00001901054070464  0.00001965893025264  0.00002028977205894  0.00002085773227000
  0.00002138484124405  0.00002190754312245  0.00002242316386105  0.00002291628757801
  0.00002338725856329  0.00002392067411423  0.00002449384873289  0.00002506402565891
  0.00002555290098397  0.00002602319462200  0.00002645888299654  0.00002683541920024
  0.00002719056348223  0.00002755316951225  0.00002796500088757  0.00002839358074376
  0.00002885481380741  0.00002962479903162  0.00003099859617920  0.00004761199653841
  0.00004841665824369  0.00004906495357430  0.00004952932313854  0.00004999842447483
  0.00005053135336205  0.00005110823324733  0.00005173490960781  0.00005242780329436
  0.00005317660539508  0.00005413942176306  0.00005522745328419  0.00005631031705294
  0.00005746969401820  0.00005884899307798  0.00006047554468175  0.00006226292248722
  0.00006395515560306  0.00006562427814745  0.00006717623874799  0.00006984404450982
  0.00007320622638215  0.00007723931623324  0.00008207228144756  0.00008763647138049
  0.00009410107219116  0.00010463240268588  0.00011894352788463  0.00013112959264323
  0.00014499167797465  0.00016400822507410  0.00020285232031880  0.00026977104236046
  0.00038285667236660  0.00064146818626099  0.07385790392501322  1.00000000000000000
 -0.00002208450074207  0.00024784301414455  0.00084555052630841  0.00180337947516350
  0.00279901865882612  0.00382040365435375  0.00529937616423316  0.00698494270852378
  0.00926107297241514  0.01178594853779910  0.01527764829850063  0.01901726000965010
  0.02338928926021891  0.02774970312196100  0.03179160814894141  0.03607409289878893
  0.04097156709776874  0.04555484350315241  0.04974283704061208  0.05252998320164098
  0.05506252156954583  0.05810161305898225  0.06140064820432500  0.06423810770846833
  0.06700105333020878  0.07041216949483622  0.07569742168558254  0.08031765930984044
  0.08447168212670042  0.08884465597402653  0.09258117831016970  0.09600013852355591
  0.09994773022729231  0.10431886174467730  0.11059958951806764  0.11823833047707413
  0.12704555078025256  0.13650001041613546  0.14606823160978799  0.15655005904496427
  0.16502154492899265  0.17175174875558355  0.17847608446331598  0.18572508555564324
  0.19448409896732438  0.20522518838096215  0.21676072946577629  0.22715848764205079
  0.23633304470924313  0.24614901391322011  0.25545069089919731  0.26501042637733668
  0.27655733640541241  0.28726914615953847  0.29816307780173290  0.30900077143129606
  0.31975161406078612  0.33111338690902770  0.34271623191861655  0.35466145917621145
  0.37009813794110213  0.38674293989796327  0.40380977918855326  0.42088220186109138
  0.43776059782250099  0.45380344958229846  0.46906460405912681  0.48379922312056656
  0.49649860902017856  0.50881801956430761  0.52171033596214822  0.53435843084713563
  0.54601824188869919  0.55779812953261509  0.56856655489034202  0.57944604492680685
  0.59063260260322648  0.60234151880762654  0.61603030776616252  0.63065011172155705
  0.64670044028850282  0.66383560199108382  0.68211603391651521  0.70176744445496353
  0.72109010384967631  0.73997722490816775  0.75870733585238681  0.77898096194824107
  0.80042028302347867  0.82433579008305580  0.85147447923399799  0.88096767784304764
  0.91093059054894698  0.94095471001641851  0.97071611812956149  1.00000000000000000
 -0.00381546665421592  0.01226038687952656  0.02440976541540997  0.03628935471169502
  0.04916078516897893  0.06316324088300598  0.07459197776063455  0.08495997405267344
  0.09413411351876140  0.10386506819804925  0.11189316427517461  0.11920019248588549
  0.12591114639467926  0.13438720210397279  0.14432935436247435  0.15735681680181018
  0.17195495036344716  0.18326966833603700  0.19228190959428196  0.20099533484659327
  0.20940776073769413  0.21759220119215664  0.22776483544457402  0.23737825164678697
  0.24682939784645083  0.25636524408487288  0.26562785951992068  0.27633460129462961
  0.28919899084485196  0.29998120587175486  0.30851959974302767  0.31788260249048561
  0.32770616674416314  0.33654725683039755  0.34461486798672786  0.35361788623170676
  0.36639241362837449  0.37872879493540612  0.39009578099163733  0.40191391359133577
  0.41247107783617970  0.42162764999270863  0.42970102061061238  0.43794514377751242
  0.44961502822301941  0.46127940133028239  0.46938579486832660  0.47780401100243397
  0.48759485917195794  0.49810618971661552  0.50774581552960130  0.51707852052819880
  0.52915767468044561  0.54308389405777979  0.55671022068532716  0.56622453076682400
  0.57265320441252288  0.57944485617165642  0.58645051831798833  0.59335578785930143
  0.59977979212899124  0.60649509454962103  0.61324077837786517  0.62034244995372323
  0.63096600554269600  0.64690323409839345  0.65977228034374236  0.66975032534425394
  0.67982371810275277  0.69061870546052739  0.70618012980881639  0.71651148301910217
  0.72584799710551773  0.73583508162219124  0.74671023480576304  0.75871601209870654
  0.77182476995344018  0.78408003992788677  0.79587183093639635  0.80817738429732011
  0.82062614972272141  0.83208099909279909  0.84284085822169597  0.85445282572041215
  0.86719861709021273  0.88033188968815212  0.89343085482309570  0.90697988260884099
  0.91999333256181071  0.93180989172072604  0.94411282641149608  0.95683280390413439
  0.96891416920641138  0.98055920992671253  0.99091786658977354  1.00000000000000000
 -0.01970670187110685  0.17128529474815404  0.25236974337633694  0.29278861593869204
  0.32123112556965749  0.34213038855836347  0.36225652800734043  0.38296148330566349
  0.40267041886758337  0.41752159587782312  0.42933391453437891  0.44207586537193105
  0.45383700559292378  0.46391918459364728  0.47381298523882748  0.48329819450748962
  0.49491535744157100  0.50441241380531909  0.51275522985147093  0.52182990645327676
  0.53024957296697961  0.53895581681360882  0.54745945061936752  0.55567475503327535
  0.56329733797583081  0.56950365019168359  0.57551575121744436  0.58232116609830187
  0.58993326578343219  0.59815471478230153  0.60516264683609944  0.61112776700389126
  0.61683338981595737  0.62311391046246623  0.63132195346058628  0.64078570931400758
  0.64909271053017037  0.65642934706225953  0.66323375611576507  0.67005073335419563
  0.67638444776977946  0.68236933213543893  0.68802849226808072  0.69325966051605326
  0.69843299429367101  0.70417279114359477  0.71057856927989083  0.71732818992294811
  0.72371442387702500  0.72984165941975554  0.73595695782296067  0.74204578868936377
  0.74804365419466778  0.75395075192853778  0.75970419797961697  0.76495630821537375
  0.76934790898539052  0.77399350091435504  0.77883707127516444  0.78333016296653901
  0.78802068829372007  0.79344710000382979  0.79856800607448053  0.80318942450103625
  0.80752252318736206  0.81223724730946645  0.81719886719072710  0.82251052132965941
  0.82849022578267340  0.83485641883341399  0.84117407194277649  0.84765443772972204
  0.85469212780771819  0.86256889615666599  0.87048184165843101  0.87859314751764084
  0.88693754033078054  0.89451124441767971  0.89957771036386480  0.90323049152769608
  0.90690222045068725  0.91038644948046155  0.91406669814390928  0.91780337619923158
  0.92229210265409090  0.92710420740030097  0.93219593271493140  0.93792492511879266
  0.94407136719212170  0.94946412799809266  0.95408978288293389  0.95916930076356466
  0.96858661047937389  0.97956033331411774  0.99035531062943327  1.00000000000000000
 -0.00333683226217775  0.01035298073147492  0.02360363270108260  0.03731356090714724
  0.05173358835030027  0.06480572423431115  0.07743084070221048  0.08610810230387317
  0.09322693190685817  0.09967312875558985  0.10649318426019012  0.11411074288679188
  0.12165518718824918  0.13001987713049404  0.13805329270900396  0.14431452224999397
  0.15162909935899660  0.16202275069720615  0.17208616716324399  0.18265307620865079
  0.19303388610181399  0.20311886044661936  0.21362577674432726  0.22455963826707523
  0.23429689302909687  0.24364423324231632  0.25409103458681870  0.26667974767666108
  0.28118542864313956  0.29714351833348929  0.30878667964265805  0.31923704753401622
  0.32829400056325192  0.33683124693695549  0.34605719835353022  0.35617805683401915
  0.36656694160344849  0.37671743237992489  0.38786927425468193  0.39984938479401044
  0.41140612718516495  0.42282947842898877  0.43446511017096850  0.44641181173724753
  0.45881587129553825  0.47235828191214407  0.48390794620746835  0.49312942643893493
  0.50203864355903272  0.51179079664480254  0.52118653841548368  0.53192253183166316
  0.54523299503352329  0.55772571139541005  0.56904273107734371  0.58015289051189434
  0.59093474319097283  0.60229850646017780  0.61352240614214937  0.62467911238872609
  0.63689293569026695  0.65043830682560932  0.66383332611594481  0.67579065754413836
  0.68761014460713710  0.69921892657635165  0.71181847655699937  0.72446482736952511
  0.73313879424523665  0.73894503713065163  0.74561971238184610  0.75217836332623988
  0.75999289688265281  0.76820980875342115  0.77458082074605428  0.78105053423068393
  0.78831232372729887  0.79838082357200846  0.81084081103637939  0.82192706643907087
  0.83240751261594859  0.84346393220147564  0.85410840621548734  0.86335484405404272
  0.87252027187785419  0.88130659484365059  0.89156002038834825  0.90223195360812136
  0.91331784399923177  0.92444371489136368  0.93739327251993976  0.95155340741115890
  0.96512515445096880  0.97772092294780844  0.98926628045978326  1.00000000000000000
  0.03336082818434657  0.20008110363754245  0.24839101802729474  0.28750493564034402
  0.31808729519311368  0.34321415359166507  0.36687847923211475  0.39356697527983731
  0.41377631674606763  0.43199119857438667  0.44741060315126957  0.45969342511181632
  0.47046290394304247  0.48149708998084417  0.49393235988258899  0.50732664837455876
  0.52079839132804417  0.52890332166040310  0.53620682122913732  0.54384230544017675
  0.55076978147007460  0.55650020599324745  0.56231862835493474  0.56773444933300410
  0.57368073572282452  0.57981138777412622  0.58612706291744188  0.59285726667446215
  0.60009626239504021  0.60773046058618752  0.61556211014969331  0.62302587673615628
  0.63115129475369847  0.63996592190103152  0.64960455188122768  0.65872489170940440
  0.66686689081448824  0.67454390187975466  0.68180136725225460  0.68881395427863990
  0.69636182413806036  0.70413844983132745  0.71142139229460410  0.71783939791119611
  0.72430773176026308  0.73075001070976608  0.73734923115780482  0.74345484215049717
  0.74877181190901154  0.75402285504599875  0.75950421817299640  0.76544137070057461
  0.77176216381053886  0.77748263862685629  0.78321089831167212  0.78871510017089086
  0.79435764896635674  0.79956348767314278  0.80405805299068622  0.80804624032833794
  0.81178695587021765  0.81593465862035375  0.82038118583220876  0.82478480947193700
  0.82914347790856502  0.83344699421866530  0.83749361855072069  0.84145271679134792
  0.84590254018740563  0.84964913047516688  0.85330188158352405  0.85669217115285901
  0.85990166940611179  0.86344818588104455  0.86772415294942118  0.87199622040225566
  0.87630801119135870  0.88046703925684011  0.88436032840913292  0.88828215036114844
  0.89266195782603097  0.89739509299457265  0.90239296029994687  0.90693585606858984
  0.91079752674779657  0.91457435172513057  0.91928525478657497  0.92453739211696973
  0.93040904615773745  0.93664419364756368  0.94302870406812822  0.94954177359445957
  0.95657594598420337  0.96514071596966722  0.97788955195175487  1.00000000000000000
 -0.01374301239719375  0.09424366081847535  0.13720867869060951  0.16197251342266422
  0.18155373836359665  0.19804553069020359  0.21265747061343260  0.22469056903000439
  0.23686531801426031  0.24829442975983351  0.25789466446721404  0.26695492669700716
  0.27704453268459156  0.28822480078261919  0.29799518506370992  0.30479400999854056
  0.31052295312651129  0.31507143679818900  0.31872889603424115  0.32230668808717189
  0.32655094707879834  0.33300649580862679  0.34014403670820575  0.34659914070744635
  0.35267744705676213  0.35901498236276708  0.36458962509383663  0.36952010043605316
  0.37503323887031642  0.38096080785927866  0.38729588729591924  0.39525765347789366
  0.40257486704204182  0.40900794571706489  0.41604635123846401  0.42239371663741371
  0.42774654891427122  0.43302382788862032  0.43836824334601682  0.44402735633203227
  0.44990162465287598  0.45567014180071963  0.46112476742360298  0.46649347329886287
  0.47210186572919938  0.47743824550473685  0.48293456008229019  0.48793864356679589
  0.49292736383634123  0.49808664115110685  0.50373648241075020  0.51005416471691689
  0.51556858064031108  0.51984726360807432  0.52514751692870520  0.53099161418385976
  0.53659183914472630  0.54195871497096693  0.54668327629635272  0.55072439763407255
  0.55452148217386377  0.55777564170948968  0.56051198367179034  0.56357132454677417
  0.56683206427135269  0.57107096775167121  0.57558927992189890  0.57941635684105741
  0.58264347162184638  0.58620891446655221  0.58997325624573105  0.59444159621951798
  0.59922536732820286  0.60422840176235226  0.61075348172900901  0.61829229459457147
  0.62597013099314902  0.63419965528603750  0.64344174440144664  0.65386529283521966
  0.66646563161315786  0.68070140278062174  0.69363699967541215  0.70584869122045490
  0.71748492024721100  0.72932783860966466  0.74082835338848785  0.75089926195918810
  0.76050750023134983  0.77045353761983937  0.78111748964445793  0.79493775838122771
  0.81652502387175918  0.84584467841612387  0.88655401548840551  1.00000000000000000
   2.4769759489239261E-010  -1.0000000000000000     
 F F F F F F F F F F F F F F F F F F F F F F F F F F F F F F F F
  <DiscreteSampler_grid>
  grouped_processes
  1 # 1 for a reference and 2 for a running grid.
  10 # Attribute 'min_bin_probing_points' of the grid.
  1 # Attribute 'grid_mode' of the grid. 1=='default',2=='initialization'
  0.0000000000000000 # Attribute 'small_contrib_threshold' of the grid.
  0.5000000000000000 # Attribute 'damping_power' of the grid.
 # binID   n_entries weight   weight_sqr   abs_weight
    52   10   8.644293629313561E-001   5.084476785758795E+000   8.644293629313561E-001
    53   10   8.644293629313543E-001   5.084476785758775E+000   8.644293629313543E-001
    55   10   2.827705352533557E+000   4.863477147474457E+001   2.827705352533557E+000
    56   10   2.827705352533553E+000   4.863477147474443E+001   2.827705352533553E+000
    73   10   1.021164009838675E-001   3.582613170256342E-002   1.021164009838675E-001
    74   10   1.021164009838675E-001   3.582613170256339E-002   1.021164009838675E-001
    76   10   1.021164009838675E-001   3.582613170256341E-002   1.021164009838675E-001
    77   10   1.021164009838675E-001   3.582613170256342E-002   1.021164009838675E-001
  </DiscreteSampler_grid>
