  0.00904154217764132  0.01834683345766645  0.03146891574774788  0.04430736895493147
  0.06010606970279721  0.07883990871008097  0.09440667853460849  0.10570049224311377
  0.11747213122062115  0.12808956310056493  0.14125458437705951  0.15214794012512819
  0.16019969994244221  0.16814016528380835  0.17774050027112506  0.18646614324571681
  0.19365044729472966  0.20144682682096124  0.20905760678566959  0.21635184714625441
  0.22432948974770053  0.23262765431950472  0.24162348250277041  0.24925873240567237
  0.25999072807241236  0.27082106931218020  0.28129073981915448  0.29268645296455059
  0.30449239264342876  0.31838443793768051  0.33026597864655743  0.34430338575114366
  0.35972946964863478  0.37538546989620725  0.38970764464779267  0.40067491953290540
  0.40937363895536855  0.41801862317471028  0.42675882874281434  0.43499050987783494
  0.44277896393662497  0.45019498226130755  0.45798037315883700  0.47156851733913757
  0.48526857388956307  0.49709443592582742  0.50745984221180485  0.51746984458963552
  0.52747946733081796  0.53662595211944231  0.54875521771046754  0.56192214809794960
  0.57328139566935443  0.58400797509356372  0.59420893631932215  0.60400377569895292
  0.61154580598915786  0.61860531974343735  0.62668735233393891  0.63571114963410413
  0.64465719079302530  0.65338295904759902  0.66138306236109512  0.66787927313250361
  0.67586261167246453  0.68434163127783953  0.69240473933127622  0.70115002909857604
  0.70887822878132534  0.71545330024587050  0.72192046046958380  0.72914615703712204
  0.73578374401429736  0.74284834340099570  0.75103311001789597  0.76109017979321514
  0.77233787780523588  0.78388144053783571  0.79487275220435893  0.80479321522194824
  0.81629609446308748  0.82979643645986534  0.84423349287390448  0.86004742546379087
  0.87616011757963264  0.88987002167660234  0.90069618974225774  0.90960305768971006
  0.91756161397363423  0.92504182873571894  0.93578131595666825  0.94818679901347047
  0.96079045417814368  0.97451575895082032  0.98788538190095998  1.00000000000000000
  0.00000033725040781  0.00000173975608459  0.00000331073075541  0.00000496823162290
  0.00000695336248306  0.00000952288701306  0.00001258515986690  0.00001568275464694
  0.00001882374894128  0.00002224122579116  0.00002605137867874  0.00002951337576593
  0.00003244396085493  0.00003460750141918  0.00003631703122441  0.00003791427769765
  0.00003932401603665  0.00004048752665986  0.00004138875636346  0.00004222534998243
  0.00004296298011555  0.00004358711104603  0.00004415776007286  0.00004467034896556
  0.00004512706938868  0.00004553420549582  0.00004590152056950  0.00004624824129953
  0.00004653898258809  0.00004679992508503  0.00004703929452620  0.00004725582676285
  0.00004743238751388  0.00004759687827065  0.00004775793599554  0.00004792095063608
  0.00004808411042458  0.00004822692615145  0.00004836724365564  0.00004850408190978
  0.00004863190724646  0.00004875614704114  0.00004888098891891  0.00004900594529833
  0.00004912403631022  0.00004924139491867  0.00004935613683947  0.00004946994681755
  0.00004958186952776  0.00004969559017742  0.00004981161934223  0.00004993449306262
  0.00005006170461953  0.00005020567552208  0.00005035357636453  0.00005049880854037
  0.00005065516775116  0.00005082576905400  0.00005103172835145  0.00005124482368359
  0.00005146492402833  0.00005168375284676  0.00005194835912482  0.00005225987133022
  0.00005259468836154  0.00005298621833281  0.00005341147937945  0.00005387502456092
  0.00005440653443234  0.00005501419565885  0.00005566801820370  0.00005647257451865
  0.00005745135092599  0.00005871019468417  0.00006006168538185  0.00006160764048033
  0.00006333912358130  0.00006519937599076  0.00006709712374346  0.00007067776119295
  0.00007554890847382  0.00008172206908922  0.00008946516980553  0.00009885632977212
  0.00011067790978277  0.00013020717126185  0.00015589739720431  0.00018506415252697
  0.00022436131484661  0.00029390560151945  0.00040736334476253  0.00060416442211217
  0.00084497066648557  0.00132604925131471  0.06544955785797164  1.00000000000000000
  0.00000165110767967  0.00001018400975860  0.00001399895738329  0.00001664752332401
  0.00001933693714031  0.00002283759246799  0.00002648716995205  0.00002953968760400
  0.00003232921288143  0.00003514395732251  0.00003795970774851  0.00004063801422923
  0.00004316969870461  0.00004598363218414  0.00004866122663086  0.00005129853036642
  0.00005415769074313  0.00005702179083115  0.00005988729022671  0.00006269365474491
  0.00006563067112213  0.00006854999890414  0.00007145274865403  0.00007456908974209
  0.00007783231253247  0.00008108827951533  0.00008447811460652  0.00008769823168385
  0.00009071822325986  0.00009395927245068  0.00009745854081753  0.00010177975687660
  0.00010683650840897  0.00011178951064103  0.00011693655433690  0.00012244009256926
  0.00012897759588088  0.00013420479617440  0.00013877930682955  0.00014330693588140
  0.00014781573167384  0.00015254385132293  0.00015775510992876  0.00016410869434483
  0.00017045913575410  0.00017666122576322  0.00018284132178597  0.00018961402337014
  0.00019717057923458  0.00020696769114739  0.00021846200897303  0.00023058026227794
  0.00024286793946192  0.00025411359688352  0.00026564307988686  0.00027697552892461
  0.00028788367515631  0.00029754445471532  0.00030679626118574  0.00031582965121389
  0.00032601057302476  0.00033824027651778  0.00034983878569999  0.00036096318310696
  0.00037383546882819  0.00038670380968376  0.00039853401982028  0.00040921493272937
  0.00042097244196379  0.00043351080270392  0.00044589860627340  0.00045690667916480
  0.00047026088715938  0.00048512016741084  0.00049786693092793  0.00050716591656711
  0.00051593724358463  0.00052633718161075  0.00053302708217552  0.00054316361532098
  0.00055895274359086  0.00057773784515593  0.00059830823276803  0.00062717533061903
  0.00066208217890119  0.00070037454915552  0.00075214960324037  0.00084208450745027
  0.00097562339164096  0.00110681829888185  0.00126064310817200  0.00146856690876481
  0.00202585296467967  0.00282487630025277  0.11516772682992729  1.00000000000000000
 -0.00264880179219631  0.01091453094473937  0.02217612039737558  0.03535901917260182
  0.04680635082361613  0.05766435876983464  0.06947538904022131  0.08304311429081515
  0.09859860703099958  0.11293686476289327  0.12391076676469144  0.13472459504392229
  0.14468445364088225  0.15454686388299779  0.16480486192637758  0.17487828709644151
  0.18478261528912859  0.19498456546810614  0.20580197330917591  0.21685647470438593
  0.22738087610614863  0.23860631668173049  0.25189881022109417  0.26571772178067388
  0.27670738169985637  0.28453186275256065  0.29300772103220490  0.30098995694971337
  0.30920101810114592  0.31747049734386273  0.32451756143037352  0.33076687666782500
  0.33749668204863437  0.34574583660111408  0.35798521717764198  0.36954029004924094
  0.38548702264098866  0.39842112697937276  0.40939272956777384  0.41849630040627644
  0.42609866475820191  0.43296162165170343  0.43977870817769082  0.44691719187403617
  0.45462522617366302  0.46408223432151602  0.47478629680585399  0.48436198185756901
  0.49171579455950920  0.49998822209334015  0.50797567987076453  0.51605729121134603
  0.52663778745944023  0.53851632615051215  0.54825068514173048  0.55769153475031363
  0.56699787209984720  0.57598025321407420  0.58506264630379623  0.59292406755518068
  0.60069704914994737  0.60627295560057692  0.61167092130923695  0.61762376661526885
  0.62409634099750810  0.63109469932079165  0.63847187981240350  0.64622863762396432
  0.65501307237641215  0.66222939315772622  0.66957112959831822  0.67731663259148811
  0.68500816891063865  0.69260389848713244  0.70109782607032956  0.70987183889119965
  0.72107809063502770  0.73509579066235164  0.75116269775705280  0.76686123075668622
  0.78147039743006275  0.79580000472871937  0.80878424518169201  0.82102223900186133
  0.83377787441702644  0.84719413035996260  0.86112256710832635  0.87410556406993700
  0.88853097118952784  0.90417689079925756  0.92020568405285164  0.93734776083533267
  0.95536235005264880  0.97255405151893015  0.98761396570133075  1.00000000000000000
 -0.00391084073316526  0.01639346392629997  0.02940205213980110  0.04144278733540152
  0.05256240217609675  0.06184179991259325  0.07112131971206026  0.08061743938940071
  0.09061926033102219  0.10260882150613562  0.11487139098897370  0.12561851230970067
  0.13433563617145605  0.14173816840421291  0.15046022671908516  0.16142487642008690
  0.17265149747558670  0.18437400099743839  0.19936734085961624  0.21471427720176528
  0.22948212436167698  0.24290630032534843  0.25500064080698931  0.26758571824516697
  0.28061186350658252  0.29567857496226990  0.31250932447799074  0.32724405007107221
  0.33905952094623759  0.34770201937960293  0.35660401621263671  0.36546364797537506
  0.37572717458171540  0.38637605046272122  0.39654475342694279  0.40580549766037738
  0.41663629191554452  0.42355647243138483  0.42969108315309901  0.43531681345930345
  0.44146295593172280  0.44971043106861652  0.46104498135289379  0.47484396545717639
  0.48886720507942083  0.50213171846672588  0.51384929573826610  0.52424005965897791
  0.53329859909752797  0.54167864160488988  0.54861765566733212  0.55822357733693728
  0.56687401053739683  0.57456997123802167  0.58210014287415568  0.59115886145887309
  0.60392635982107845  0.61973688987052555  0.63515884927351507  0.64740462699052093
  0.65795225257422163  0.66868692736977264  0.68026744230997205  0.69382318498284545
  0.70651920199129770  0.71562084445677210  0.72375013111096709  0.73262057606900077
  0.74226203462685125  0.75150137561920294  0.75924771346662234  0.76618688764662712
  0.77578723136036343  0.79052142693108540  0.80553868741858548  0.81636822758825589
  0.82292637948795011  0.83091130064370589  0.83919503315264021  0.84735747304798414
  0.85519019958433407  0.86301830646944566  0.87063677729758571  0.88064100099457077
  0.89143547755760100  0.90037731515040076  0.90871815523721744  0.91733032907988254
  0.92747426436474223  0.93910539886191224  0.95078589752588194  0.96315018858249113
  0.97457225625820965  0.98399341695494635  0.99223770248440557  1.00000000000000000
 -0.00355552050717096  0.01241584858520493  0.02825143513969627  0.04300073125977827
  0.05961286355827121  0.07888034275933907  0.09808680081041518  0.12043775155662442
  0.14727917370534344  0.17480198360674878  0.19932877097934204  0.21903519009612238
  0.23465141667789183  0.24899249742407931  0.26383182262689725  0.28060724422259498
  0.29790789262255241  0.31202148858185136  0.32249465464299443  0.33363707625580530
  0.34424769894868107  0.35853752483361423  0.37258528379593647  0.38641017845071579
  0.39838689295175100  0.40959192314903131  0.41971058131526001  0.42976234439431726
  0.43819634812399272  0.44471368610472634  0.45161478116677134  0.45788184075208860
  0.46395718635816913  0.47018518271469656  0.47687736064830205  0.48431169957714015
  0.49173055381919079  0.49972454027920521  0.50866282322343725  0.51801630646988184
  0.52828265652233308  0.53871062117015633  0.55039792228219564  0.56191628583254438
  0.57219233402784475  0.58160443442133958  0.58989976349224760  0.59895940434197081
  0.60761621032798074  0.61392236616313989  0.61939268589722707  0.62554686730345022
  0.63204444303912777  0.63845355833791739  0.64558978943713463  0.65402591936488863
  0.66102730504300500  0.66684107224250055  0.67471421727822423  0.68462057809395749
  0.69500462940491492  0.70689899637833231  0.71857624834755207  0.72943397814517097
  0.73973372289128159  0.74965856849300883  0.75913050167844254  0.76782518304152703
  0.77568867195048663  0.78356707794893676  0.79156777407749768  0.79988573340566493
  0.80779188912820998  0.81522712659859753  0.82237977299449183  0.82923405970666597
  0.83619307000951881  0.84380682992846490  0.85301748919587395  0.86306434025666212
  0.87247493826017841  0.88166142513734058  0.89132868092839879  0.90138303916427753
  0.91145236325976897  0.92150230078968454  0.93186723467227617  0.94304719097522216
  0.95474994208942521  0.96421155338893549  0.97135898921785346  0.97691614391900683
  0.98173034980034579  0.98677373795128276  0.99171981652983776  1.00000000000000000
 -0.00473390376499415  0.02172826312537171  0.03771773561201618  0.04805132933542793
  0.05635429220336456  0.06446260988021688  0.07200244266738030  0.07980676097756577
  0.08807605167932595  0.09670880072549327  0.10418171381067630  0.11227371594067755
  0.12033545580935641  0.13204637479780706  0.14612288834471140  0.15764578509982288
  0.16723988997170230  0.17697346546740883  0.18586423476158304  0.19474656717636393
  0.20435599329195489  0.21546043411994206  0.22756174995101155  0.23876835865531434
  0.25271173778841116  0.26443545291988924  0.27890661844012882  0.29316398727345527
  0.30701243619088153  0.32110923611096742  0.33577160817847779  0.34935372636370526
  0.35920069900325624  0.36776200350854965  0.37641249060411597  0.38526499591961960
  0.39134752294699798  0.39773234841444566  0.40411036751826318  0.41107003505489265
  0.42040478792891711  0.43152460596053693  0.44299741494202216  0.45414394787504808
  0.46442827637500228  0.47442937944245084  0.48421990698555534  0.49384272831213638
  0.50365373887635789  0.51322660507613860  0.52248977287114151  0.53187482455017221
  0.54076916410496534  0.54947070009754484  0.55770903389693050  0.57127881375720868
  0.58691715469043615  0.60190966681495472  0.61461421926446258  0.62688033743166360
  0.63700245574077208  0.64815607720932222  0.65826149922283905  0.66770531849165649
  0.67633411079402017  0.68507174183176456  0.69520715450239523  0.70623437243708975
  0.71553968181971705  0.72312837744182823  0.73375815578389558  0.74741181059732476
  0.76213721941200696  0.77443114811780500  0.78246707821140549  0.79105943942612311
  0.79879863991465561  0.80652036918926240  0.81515128096094414  0.82401163438142078
  0.83303239296103149  0.84323057942039903  0.85481421303826421  0.86491955830162037
  0.87574699413680102  0.88560539534792737  0.89499257574111057  0.90417826941425150
  0.91258568025708120  0.92179934232286920  0.93297571776686217  0.94454683400689643
  0.95682424604431071  0.97010048633060442  0.98457706405300671  1.00000000000000000
 -0.00278603242777229  0.01725202028717824  0.03129932833930765  0.04331167510597557
  0.05531968748166926  0.06688139269517318  0.07541590797472428  0.08142954970231477
  0.08667819689188376  0.09081499418893922  0.09511282769674731  0.10076835342440645
  0.11044237529270237  0.11973359750469714  0.13007489561510599  0.14431700837465120
  0.15673368257207457  0.16727157758317873  0.17702128285005161  0.18649066262703171
  0.19797289218322192  0.20970442536813932  0.22118188908181266  0.23300407453754768
  0.24534466550521175  0.25757434809236229  0.27057305640114004  0.28482786442506913
  0.29891445490244217  0.31208604181873756  0.32459966393573031  0.33678463796347907
  0.34832625141884527  0.36094712405857904  0.37385081439701201  0.38607007124178377
  0.39820534971700505  0.40929496385615538  0.41934823357187412  0.42994399777756431
  0.44228575455182173  0.45521317723536014  0.46591810354373919  0.47480081452119055
  0.48286911072376965  0.49135929979985343  0.50096132842066288  0.51159451091326091
  0.52184274220547966  0.53166395769621411  0.54126239352863714  0.55075172245708581
  0.56136737344390031  0.57233980620193836  0.58509333709374545  0.59317074022876559
  0.60185329975202040  0.61109806784792331  0.62004463837025570  0.62892438791589744
  0.63782931646735930  0.64291861232182634  0.64829620697021906  0.65411794477275476
  0.66164183817175559  0.67158693936379366  0.68137441542261767  0.69171977582387323
  0.70278547670877256  0.71761622283368776  0.73340859156654781  0.74924608927912062
  0.76507754447220766  0.78061860773122271  0.79483146426844142  0.80508451280222759
  0.81488287238301860  0.82481813083931932  0.83379097731906582  0.84174501856472939
  0.84926553611500954  0.85891612862480626  0.87195210182312077  0.88229732949943795
  0.89146559687058602  0.89849674131748203  0.90503771636314645  0.91193002480338825
  0.91974757725376532  0.92733187444099907  0.93451187963170423  0.94403319342312264
  0.95693703088240745  0.97142697803859601  0.98625031495353732  1.00000000000000000
  0.04698746396800669  0.19862299243983880  0.27890735274805689  0.33226610141850910
  0.37506174641459683  0.40329496513832674  0.41886275626671537  0.43027500398359675
  0.43938671861769801  0.44814127808470433  0.45573073661879276  0.46369019125694799
  0.47143587096997724  0.47866820366153645  0.48482452069442450  0.49023355548428155
  0.49587527735100673  0.50128174980119544  0.50639432520706817  0.51131373804679570
  0.51637468226949557  0.52150010014252024  0.52647622528415339  0.53119614203558274
  0.53568873097912839  0.53995589322609494  0.54391746167738531  0.54783824366272449
  0.55198687390611068  0.55655623312321700  0.56081285824631588  0.56534578147658232
  0.56966566945496444  0.57416766980751255  0.57883482917525975  0.58339062984717038
  0.58781598850239403  0.59206921636451282  0.59650852447602409  0.60093385533131793
  0.60493866396804763  0.60917405533534608  0.61363179104943233  0.61886512409484629
  0.62452418645971119  0.63039923765023576  0.63573243610452124  0.64085442877727639
  0.64578993962847109  0.65080920781917695  0.65660091750461946  0.66191948875754369
  0.66715265336349783  0.67256556073413121  0.67809267135868845  0.68330329833709669
  0.68877067738638009  0.69510846593785147  0.70131576642961102  0.70666459196777553
  0.71242631431140668  0.71824386668078943  0.72343688007367235  0.72865135303136652
  0.73576656046365019  0.74397831646562729  0.75149535409751500  0.75946519805595325
  0.76792237815522535  0.77552167716270759  0.78442542148946337  0.79080380084365154
  0.79625839502288731  0.80161311477542707  0.80698085693903554  0.81274296863984874
  0.81940035857019244  0.82721677699495366  0.83621393855096560  0.84626626429611773
  0.85529339804123306  0.86217488751901317  0.86817997263585145  0.87481120988101035
  0.88053883009806522  0.88576244691923423  0.89108142661216116  0.89613595014088787
  0.90153057666471226  0.90764411943801537  0.91322248296771846  0.91994437503019477
  0.93256163730569874  0.94621356238585297  0.96592619492754128  1.00000000000000000
 -0.01426020739910567  0.11188795845403617  0.13146130995947911  0.14695820591379477
  0.16133797141003009  0.17691536973892741  0.19163662724398195  0.20523756582750979
  0.21706998407205375  0.22870270920628280  0.24224128310097162  0.25691385624646501
  0.27080248170370774  0.28348908047036059  0.29255305277325255  0.30060293024495061
  0.30803299410601015  0.31458143016071105  0.31977938678651741  0.32628880399461146
  0.33247828469076479  0.33933190915103867  0.34686813758385521  0.35452545547881498
  0.36161977808759954  0.36745225942962456  0.37238597789165911  0.37896889166977199
  0.38611293248966605  0.39315429459886669  0.39952234642943940  0.40471923498728901
  0.40995561641075112  0.41542818562924083  0.42116877314673218  0.42662086014056666
  0.43275972756218073  0.43867368410178847  0.44438425647074187  0.45022799094047200
  0.45550709999246641  0.46074174079032409  0.46655404132333955  0.47237787388986929
  0.47767807480068097  0.48262365089352249  0.48727897366532935  0.49167901660134189
  0.49593735209979078  0.50064954080173230  0.50619543157107627  0.51245319588201110
  0.51887922990228952  0.52566612947852431  0.53255424291844355  0.53972394563270698
  0.54644862416049067  0.55250821177735987  0.55900856950339239  0.56550664140801821
  0.57194339237668335  0.57911421863405732  0.58608456221311500  0.59212020119500031
  0.59773871816873692  0.60374104800846662  0.60970235323790789  0.61505480778208288
  0.62021833862242370  0.62535646995888705  0.63050376345371228  0.63622019513017702
  0.64253722418566195  0.65013326776786229  0.65978631497591422  0.66954579868396313
  0.67791430750015780  0.68542180888213133  0.69256654271986395  0.70034190131858987
  0.70804534641268801  0.71645413303653915  0.72418447058857416  0.73549057656295336
  0.74621223904374234  0.75681293901535174  0.76736885169558910  0.77753477523405212
  0.78763394170821521  0.79796463503423265  0.81093377726706861  0.82741203259427243
  0.84440699392275631  0.86211302332769957  0.89270651340461671  1.00000000000000000
   1.9871059529015479E-010  -1.0000000000000000     
 F F F F F F F F F F F F F F F F F F F F F F F F F F F F F F F F F F F F F F F F F F F F F F F F F F F F F F F F F F F F F F F F F F F F F F F F F F F F F F F F F F F F F F F F F F F F F F F F F F F F F F F F F F F F F F F F F F F F F F F F F F F F F F F F
  <DiscreteSampler_grid>
  grouped_processes
  1 # 1 for a reference and 2 for a running grid.
  10 # Attribute 'min_bin_probing_points' of the grid.
  1 # Attribute 'grid_mode' of the grid. 1=='default',2=='initialization'
  0.0000000000000000 # Attribute 'small_contrib_threshold' of the grid.
  0.5000000000000000 # Attribute 'damping_power' of the grid.
 # binID   n_entries weight   weight_sqr   abs_weight
    19   10   6.007364619661319E+000   1.001665074997074E+002   6.007364619661319E+000
    20   10   6.007364619661319E+000   1.001665074997073E+002   6.007364619661319E+000
  </DiscreteSampler_grid>
