 -0.00113723175847935  0.01023565870035535  0.02063981096264008  0.03107883085645619
  0.04138642492392947  0.05172883158261585  0.06220684214028117  0.07260663930385496
  0.08296131038909965  0.09287204374804539  0.10357082102768182  0.11543425412008856
  0.12722943689514560  0.13709954472351804  0.14667955395648793  0.15695822731302711
  0.16723803568478873  0.17673504747793478  0.18627035327308578  0.19654415901779368
  0.20709361761781223  0.21686531584675592  0.22674610685077373  0.23651743834973202
  0.24637493023832821  0.25644776746272963  0.26643231264908612  0.27628976863497423
  0.28606479735941948  0.29612148326877669  0.30654065470121383  0.31707773442547937
  0.32753505289521184  0.33829662518344983  0.34961250643576169  0.36059584246239901
  0.37135268886709571  0.38174820517351538  0.39236630425837915  0.40308828574173367
  0.41345388014588663  0.42348633598147251  0.43363541831396291  0.44437623625326600
  0.45558885486730988  0.46651614330361707  0.47680971653669491  0.48691896093414100
  0.49707386648140472  0.50726120704842170  0.51756424792853817  0.52783107253169748
  0.53806877280622278  0.54814752852730353  0.55815692957709517  0.56832816053037583
  0.57841623278114462  0.58866270185468583  0.59943838096453017  0.61039407870883056
  0.62122496554696482  0.63155853257645533  0.64167633043533068  0.65213305156553769
  0.66273994347341325  0.67290176588334283  0.68307029270088837  0.69353448540160578
  0.70394565108015972  0.71429711320332201  0.72466573594316086  0.73543664809004594
  0.74677266296272216  0.75841262331316706  0.77064542227024846  0.78225703202052244
  0.79378365097763048  0.80518706196924839  0.81592843967175266  0.82615398355084235
  0.83676747329409928  0.84773117067770931  0.85829347398869149  0.86853211499123395
  0.87867954049825470  0.88907611870961267  0.89967680526898752  0.91082472688945326
  0.92245008825487562  0.93436408128209170  0.94604376729621242  0.95770210231971342
  0.96909205411316401  0.98005327764147987  0.99015872150450757  1.00000000000000000
  0.00913699311370981  0.01762335486077161  0.02884833532360573  0.04077266332865938
  0.05148110258365012  0.06238615703455413  0.07160766070584222  0.08123012892109877
  0.09056721850399273  0.10073774934172425  0.11078747351784154  0.12025922969624568
  0.12957856838795287  0.13930541168357968  0.14978690953421717  0.16062397406709675
  0.17136454412784258  0.18186600102112585  0.19226622754305445  0.20215525898520029
  0.21180152422381099  0.22109021262625131  0.23047850338681300  0.23997988717527358
  0.24970320847257096  0.25953202184704816  0.26929217314646708  0.27921821279142361
  0.28931956802475506  0.29983836156283084  0.31071784229617971  0.32130076819821601
  0.33112235495232223  0.34036434709717339  0.34936328872111394  0.35882184573867948
  0.36848423390484925  0.37866364549565484  0.38955531667716531  0.40032242213833852
  0.41112875348747052  0.42196711278648780  0.43268035021203904  0.44301428250093033
  0.45292584991623619  0.46321909346316503  0.47383804864904011  0.48460444511010131
  0.49509975015523144  0.50566246446616492  0.51624017551087742  0.52689122982538306
  0.53761325782580316  0.54874107875069766  0.56031118555401660  0.57186955621835922
  0.58335361677408604  0.59453953465879317  0.60546103879010793  0.61620358792612373
  0.62650244043236836  0.63660394761210126  0.64698545683635811  0.65778203237815469
  0.66839950346924992  0.67831199835435507  0.68783909309474800  0.69727754873819792
  0.70688087431894808  0.71670247203844095  0.72680309072252325  0.73720177870838766
  0.74775086652244727  0.75843078902486982  0.76933032975702442  0.78037736107962419
  0.79149573338540569  0.80249372185103496  0.81315896756939199  0.82353211594306452
  0.83351690964511205  0.84334628348799368  0.85294555718177600  0.86241527981342603
  0.87209245622280351  0.88255296394792870  0.89356211001630736  0.90446644744104487
  0.91513977339077091  0.92597315742773101  0.93691827655652504  0.94759601922015835
  0.95830963748932496  0.96946714857220684  0.98101075174098196  1.00000000000000000
  0.00000156938130584  0.00000910250625838  0.00001372135326417  0.00001778878181714
  0.00002168104851392  0.00002547935020547  0.00002944431795793  0.00003337773485605
  0.00003727856044412  0.00004119509895517  0.00004525211910949  0.00004949584052071
  0.00005380112950018  0.00005814630100344  0.00006244894296090  0.00006690564990648
  0.00007139819417016  0.00007593775297795  0.00008047938459109  0.00008512917626429
  0.00008979876052757  0.00009448837372396  0.00009932201859312  0.00010421315823291
  0.00010904734006947  0.00011380819139562  0.00011853575254453  0.00012335292331259
  0.00012829714884287  0.00013340243941992  0.00013874430653271  0.00014441500006435
  0.00015007224673799  0.00015556842993306  0.00016119904179198  0.00016702817621536
  0.00017303228848826  0.00017916492390912  0.00018547677330731  0.00019198829294683
  0.00019863229118389  0.00020541618734114  0.00021217887634470  0.00021932021318247
  0.00022652564781770  0.00023388659040368  0.00024162394068036  0.00025021069663634
  0.00025875789912033  0.00026758253182420  0.00027704108110968  0.00028727558870490
  0.00029796825360201  0.00030890552419921  0.00032029774907771  0.00033217863546521
  0.00034444534426749  0.00035757207664940  0.00037168854686112  0.00038549947649823
  0.00039881526623817  0.00041192718661696  0.00042711390795577  0.00044297185041294
  0.00045934686610676  0.00047820123789214  0.00049950329330202  0.00052261273345925
  0.00054797384418826  0.00057224519861301  0.00059572580592260  0.00062039244340210
  0.00064635548575886  0.00067476642470423  0.00070593316618754  0.00074039328887344
  0.00077805521291829  0.00081614810352772  0.00086131312385160  0.00091344682624342
  0.00097391539174888  0.00105482751100469  0.00113689223282557  0.00121824092277992
  0.00129856231754790  0.00137683548083946  0.00145610075625549  0.00154366409747011
  0.00164877136673211  0.00180215609320474  0.00199660792972100  0.00219209439261644
  0.00241477632313811  0.00262677287730833  0.00517850264576192  1.00000000000000000
 -0.00089378819572536  0.00340792094500972  0.00798838003039730  0.01217657818466928
  0.01654374957444766  0.02103056811684649  0.02565001422217428  0.03036401852864263
  0.03510758703866725  0.03994383302570462  0.04487219758313368  0.04977642281420733
  0.05453790217541546  0.05923308289466259  0.06395854233525235  0.06871932352664033
  0.07368265815556679  0.07875319419240674  0.08405644895628681  0.08956431852385775
  0.09515147189648455  0.10081491032046304  0.10654673568663502  0.11222696888076436
  0.11783203039805792  0.12364661903044218  0.12928310466047335  0.13503051995167437
  0.14079093843486196  0.14646945662952607  0.15237912102636603  0.15835480186934414
  0.16429119151083627  0.17025764179120334  0.17627497150382682  0.18250145631504003
  0.18929952094877334  0.19639451831244006  0.20331973581433610  0.21000781955428915
  0.21656172051783373  0.22326455280164870  0.23022278874736538  0.23743134013431777
  0.24463888621799715  0.25187772785862356  0.25925451263897775  0.26698133737161006
  0.27464012468679899  0.28218162066913371  0.28968509534621051  0.29739009091254998
  0.30542228392662774  0.31376943215766423  0.32240493191199870  0.33127793843885717
  0.34051676650179546  0.35020169023769188  0.36017801589241488  0.37031723805220923
  0.38058343787197085  0.39028060410563070  0.40002933805865132  0.40978952166583643
  0.41962833680858203  0.42975245103816900  0.44047779058621483  0.45149219335057122
  0.46248405972406248  0.47350375918536985  0.48540832713645160  0.49794218937157714
  0.51060899877699628  0.52316434946484480  0.53590758488089874  0.54886201126563183
  0.56235828330402771  0.57674893630841351  0.59207000313182268  0.60842238217922318
  0.62521378376906878  0.64191566938082278  0.65901532318758627  0.67682817166497955
  0.69649628317222334  0.71743864626392762  0.73940894970438165  0.76295412481306135
  0.78915409103628054  0.81617201334056022  0.84554492163338879  0.87823997709381330
  0.90935824159386847  0.94095671912746637  0.97141003036571860  1.00000000000000000
 -0.00211762532172687  0.00922539917552291  0.01990317166750760  0.03093128076025085
  0.04228024550700435  0.05366463140762076  0.06484180184487869  0.07581941169641929
  0.08677200385442958  0.09784006263813218  0.10867000125238828  0.11903263898889185
  0.12903533254484509  0.13910671209964517  0.14927015594255078  0.15955369793264157
  0.17002196803360869  0.18120642492189379  0.19243020645395828  0.20376298339579932
  0.21496855744741933  0.22575007127617447  0.23608049471674927  0.24622199874894005
  0.25625771703329303  0.26648992996111004  0.27726697038460618  0.28807937693419677
  0.29840693897181758  0.30853911256092859  0.31925884012690425  0.33065022466554811
  0.34197969537033829  0.35299179059147445  0.36364764842651048  0.37423882545051029
  0.38444838706383799  0.39440665521528595  0.40399471303855722  0.41328807355931657
  0.42278919527906511  0.43239252310722920  0.44223431930404217  0.45204233185869963
  0.46187089854031482  0.47194474788057766  0.48207523144934200  0.49218443713745436
  0.50248628422270902  0.51308394643622990  0.52345013001411289  0.53341493182145228
  0.54339353793263012  0.55388520164412924  0.56417958292817438  0.57401599104403189
  0.58375315921603055  0.59364727118334681  0.60345279820387077  0.61322038509431342
  0.62299977871740275  0.63331268587983069  0.64419849138612395  0.65570718803872186
  0.66741358405174844  0.67894526637028940  0.69036889405320168  0.70225934298828263
  0.71402484504418995  0.72567201654736568  0.73634537147482004  0.74673777672432629
  0.75729866694956038  0.76804029994733369  0.77868554528168155  0.78932961420828229
  0.80011685627769802  0.81081044590527129  0.82217624039521453  0.83311231795472429
  0.84344819707873231  0.85346484141099077  0.86432705592243320  0.87564245011722730
  0.88638458285342447  0.89711301569018953  0.90734359919357266  0.91757482998385209
  0.92783298426444838  0.93812184234727791  0.94939955942554843  0.95992670737981733
  0.97008183079729260  0.97999636778330546  0.98990325713167160  1.00000000000000000
 -0.00273019979630311  0.00980065100460877  0.02055942679111188  0.03222369118730771
  0.04383216900815450  0.05543522995367783  0.06645559375319002  0.07702841492390342
  0.08727763984256877  0.09758510894330158  0.10787557020013649  0.11805879890018088
  0.12831604845035774  0.13844262877122923  0.14879585228008926  0.15903895217435055
  0.16966468206676669  0.18031994358992820  0.19107471560161945  0.20234071761371469
  0.21393371634722125  0.22562897055137718  0.23679919482693035  0.24778256046335426
  0.25901612151002334  0.27010759798585204  0.28062784914316063  0.29103816672596705
  0.30180587817084698  0.31253425653990469  0.32272431695492382  0.33318601081589883
  0.34410794825938851  0.35484331389653390  0.36491273822546466  0.37464691356570662
  0.38440867267154871  0.39378281469689064  0.40336150808674764  0.41297613588801468
  0.42276332084535673  0.43246541649683312  0.44233598623867204  0.45297765203656309
  0.46356445516782729  0.47449340696201686  0.48461881411244290  0.49435068035298912
  0.50403520263204671  0.51359221426348212  0.52366985609200789  0.53396907500202018
  0.54482432415254589  0.55618183912169616  0.56708203115869082  0.57757649723114002
  0.58793959303552379  0.59846899371712903  0.60919303998566565  0.62011648907636585
  0.63114895676106153  0.64198654102300690  0.65270651078539921  0.66283143066975747
  0.67295574910236444  0.68272676018555167  0.69306893472109232  0.70371938684230406
  0.71453184791918878  0.72538900922345784  0.73682960144031517  0.74824100771796620
  0.75951281700309725  0.77070722498331201  0.78204888247818372  0.79281481455579550
  0.80308146348793275  0.81303276988384765  0.82332636109226831  0.83384848176776716
  0.84386692800778973  0.85396991417771528  0.86365002961560855  0.87390942650498038
  0.88479016010180978  0.89548243521412718  0.90563178973284841  0.91536870439173035
  0.92522102920307969  0.93538173716035666  0.94597533395728617  0.95668322465025901
  0.96774080653368710  0.97863825326875353  0.98954981488698091  1.00000000000000000
 -0.00213046150006467  0.00978416964037404  0.02002038706222730  0.03053156688985949
  0.04084265028452539  0.05056526340229694  0.06036317535363205  0.07065627455361072
  0.08162907318196023  0.09273484686260995  0.10334239907966015  0.11411032420496393
  0.12537843749633043  0.13708478973314700  0.14888538055903056  0.16018212625492367
  0.17096906019379993  0.18189619207194066  0.19312504068898564  0.20446908697362912
  0.21579971480955987  0.22704998477417807  0.23825204758875698  0.24939029630805923
  0.26056531097712060  0.27145335526030617  0.28160883166321027  0.29185431269520096
  0.30223580727424604  0.31277757487217167  0.32332090996768070  0.33402219677984474
  0.34512790154425016  0.35594741720321899  0.36624394179530345  0.37660172354464316
  0.38780420314810987  0.39857189059989623  0.40880706262746147  0.41898648099780278
  0.42925182260438194  0.43935900095235897  0.44864823215351168  0.45842436208974507
  0.46860549711283533  0.47905802374190726  0.48920801850303669  0.49893096745381788
  0.50883120499568313  0.51907737800838660  0.52938526218754289  0.53958543399166770
  0.54935523126383501  0.55926679373790766  0.56940610631892963  0.57963961601529879
  0.58978085959998072  0.60016035167158766  0.61055951822451671  0.62103698493601989
  0.63136636371443622  0.64141093880514244  0.65134010375266460  0.66150714485661377
  0.67194143557943364  0.68258470299943785  0.69328659310650786  0.70384715467680015
  0.71392800475394969  0.72373205096115822  0.73389624996179581  0.74468416148234340
  0.75564266869781982  0.76678388403820985  0.77779911445780592  0.78860120638291453
  0.79922423229389838  0.81012741122664056  0.82106621084293907  0.83171774678245780
  0.84168807230434306  0.85169469702168676  0.86170620359006134  0.87173189475706281
  0.88213917821544219  0.89302851134583794  0.90446538911269891  0.91599171262123236
  0.92733559903598872  0.93831129332662300  0.94845770333181978  0.95833647422252277
  0.96823437941216872  0.97875188600328511  0.98917342357936189  1.00000000000000000
 -0.00213864574520703  0.00848008444349321  0.01780609011698083  0.02666419524637226
  0.03559982985620815  0.04466287550063698  0.05399933233956906  0.06340968840748305
  0.07292576095154614  0.08245173859359070  0.09356131929809358  0.10488865258471788
  0.11645683137579124  0.12744875076023807  0.13868305337510164  0.14934799815499494
  0.15966401628663751  0.16986664265607523  0.18059158522394958  0.19076998570248405
  0.20076117394901594  0.21063926505338532  0.22074655422065009  0.23136978274654441
  0.24190406357588284  0.25236316491491095  0.26249590331698075  0.27251507301330524
  0.28296912808165409  0.29339297437355166  0.30423127061970978  0.31530639199479044
  0.32701947004103471  0.33832906151903641  0.34946554815377301  0.36129272290606129
  0.37318905408362457  0.38355372726271436  0.39346346447864833  0.40387185178222018
  0.41507713472798669  0.42567267406498843  0.43601967862758123  0.44642471847273196
  0.45696923972760312  0.46756039027372021  0.47817225168028771  0.48937989630978546
  0.50098382352458526  0.51283097016507651  0.52427760934948153  0.53553068920779645
  0.54602693211695741  0.55617537505878345  0.56625957677122474  0.57690107250226663
  0.58766841538972825  0.59788589545626769  0.60835924933327168  0.61913904512269879
  0.63070594749349718  0.64226421224085894  0.65369064889604467  0.66487556460222563
  0.67584145289772790  0.68669930187402484  0.69742080091599601  0.70798498660297049
  0.71864726765216802  0.72951151191354935  0.74058072629238314  0.75174206630683982
  0.76238995233981688  0.77292961392533621  0.78331764146305216  0.79348915651605090
  0.80334170642379199  0.81328941746424765  0.82387736593758520  0.83482780874765905
  0.84579380641614321  0.85686231479533159  0.86783618610483770  0.87839657358150225
  0.88853880343348257  0.89863093764800805  0.90864104969505055  0.91852821234856852
  0.92853481353167022  0.93863247800995908  0.94883804485051348  0.95920998742689001
  0.96949227674494998  0.97987397664962839  0.98992944787431536  1.00000000000000000
  0.21486494704563147  0.33909492583944656  0.35034087352116144  0.36037947364004658
  0.36933624629991485  0.37756348277394502  0.38512765353761025  0.39255710213046857
  0.39928807661682142  0.40552991942436734  0.41153468247705433  0.41747890733794601
  0.42329372763485573  0.42912346161957426  0.43501869842739072  0.44067361798117799
  0.44608770409542231  0.45131623363195439  0.45651368565976536  0.46148914503362365
  0.46655917206607050  0.47165744902755935  0.47678269538584972  0.48173249996448447
  0.48654792928991986  0.49130492057654845  0.49605201057119430  0.50077675115349085
  0.50547186116188370  0.51026100596350688  0.51501040645460439  0.51962738914194262
  0.52419095777662239  0.52877065461124662  0.53341971641557551  0.53818022560290979
  0.54312306966734425  0.54824156195689566  0.55334605194021491  0.55842715284260080
  0.56344942069762438  0.56855696153849289  0.57353486482015237  0.57851370776969768
  0.58365403836988106  0.58894729867246642  0.59433869286812091  0.59975551344560496
  0.60514503445897516  0.61048618517212638  0.61590728386446547  0.62156372180593966
  0.62728094256226929  0.63328520302897395  0.63896354711762815  0.64480312908058723
  0.65029473085592104  0.65574019249223936  0.66113345254783196  0.66666144336488120
  0.67240893467993501  0.67824654530814865  0.68408646014917107  0.68984033500063535
  0.69552663602539266  0.70124737408737137  0.70711097130197897  0.71347671648018329
  0.72007198714162679  0.72664556564696148  0.73295599963779889  0.73902979818209380
  0.74524184584764086  0.75163084498292276  0.75824064025606830  0.76474852443499297
  0.77123689236810977  0.77782031332300527  0.78474279485795295  0.79226840730449510
  0.80065142182146343  0.80919908859626066  0.81765080375221388  0.82602706597015452
  0.83473481751789047  0.84382991800206331  0.85312452298340713  0.86263739698316855
  0.87257802689305541  0.88345053430545106  0.89509090048308637  0.90738613698036918
  0.92038499937074780  0.93665115524376086  0.95909713557048792  1.00000000000000000
 -0.01959652026904262  0.11243020683527509  0.15187401109173598  0.17603680511029063
  0.19464556980236136  0.21002623738138668  0.22413456370820761  0.23714140364718628
  0.24954418708262344  0.26114052162728119  0.27216365739035298  0.28286932955380339
  0.29322289551139974  0.30313217581362190  0.31266086340120897  0.32178684113741629
  0.33060151164582291  0.33899725576909234  0.34716676853086881  0.35524834959510215
  0.36319849960300188  0.37089612840317326  0.37826314154317930  0.38533599375419475
  0.39227312594450081  0.39920176854041645  0.40606560365756689  0.41293017128556314
  0.41971191100980959  0.42652240776833195  0.43364824383298672  0.44069993647778782
  0.44750407082143567  0.45382215580442570  0.46003604139659587  0.46626277588237158
  0.47250064625311894  0.47886643294700787  0.48533855344960564  0.49203583683485025
  0.49890442111939393  0.50563214155286473  0.51205112794268437  0.51819647390555557
  0.52411178320307217  0.52991812476120081  0.53592841675653791  0.54192821636777377
  0.54771256110484523  0.55333764627939286  0.55881837206539364  0.56421714899760811
  0.56954719477991933  0.57509271909843052  0.58085540473261599  0.58702593679821891
  0.59339445681835146  0.59946070404629070  0.60529075698965562  0.61096299583316005
  0.61667754536648112  0.62268078734129650  0.62902473475517728  0.63516984484109784
  0.64129789522752356  0.64729919085918841  0.65345551886983733  0.65959950225257913
  0.66583598961739365  0.67224677492046614  0.67897229083566990  0.68581440081880785
  0.69277513978035865  0.69967132882637262  0.70650501467223004  0.71359696033380737
  0.72099203255930366  0.72842932495627399  0.73572149755390870  0.74297824660124978
  0.75036247890297336  0.75779073908403782  0.76549924869071728  0.77364073483230267
  0.78219983941789684  0.79107294054686950  0.80018532481062665  0.80960777015528040
  0.81964416363435566  0.83068459853513721  0.84334008668395655  0.85761432248495439
  0.87467161308044139  0.89534170336360708  0.92634774070228343  1.00000000000000000
   2.0367098363475944E-008  -1.0000000000000000     
 F F F F F F F F F F F F F F F F F F F F F F F F F F F F F F F F F F F F F F F F F F F F F F F F F F F F F F F F F F F F F F F F F F F F F F F F F F F F F F F F F F F F F F F F F F F F F F F F F F F F F F F F F F F F F F F F F F F F F F F F F F F F F F F F
  <DiscreteSampler_grid>
  grouped_processes
  1 # 1 for a reference and 2 for a running grid.
  10 # Attribute 'min_bin_probing_points' of the grid.
  1 # Attribute 'grid_mode' of the grid. 1=='default',2=='initialization'
  0.0000000000000000 # Attribute 'small_contrib_threshold' of the grid.
  0.5000000000000000 # Attribute 'damping_power' of the grid.
 # binID   n_entries weight   weight_sqr   abs_weight
    43   10   2.040694958428058E+003   8.479733633351032E+006   2.040694958428058E+003
    44   10   2.040694958428056E+003   8.479733633351017E+006   2.040694958428056E+003
    46   10   1.090510563088571E+002   2.421507288635942E+004   1.090510563088571E+002
    47   10   1.090510563088571E+002   2.421507288635939E+004   1.090510563088571E+002
    49   10   3.818794658493792E+004   2.969467935530761E+009   3.818794658493792E+004
    50   10   3.818794658493790E+004   2.969467935530756E+009   3.818794658493790E+004
    52   10   2.040694958428057E+003   8.479733633351026E+006   2.040694958428057E+003
    53   10   2.040694958428057E+003   8.479733633351017E+006   2.040694958428057E+003
  </DiscreteSampler_grid>
