  0.00000256121312017  0.00000264468111467  0.00000270828487073  0.00000277573132212
  0.00000285875918235  0.00000294936486287  0.00000304688005942  0.00000316547847404
  0.00000330967621894  0.00000347203275782  0.00000364532280357  0.00000383118204512
  0.00000404821985393  0.00000428187885779  0.00000453240414993  0.00000480405275647
  0.00000509538813496  0.00000540860225092  0.00000574657020232  0.00000610822655152
  0.00000649663758819  0.00000692475722802  0.00000736831341973  0.00000776299942149
  0.00000817125241913  0.00000861060484044  0.00000905722611747  0.00000955070483857
  0.00001015942581093  0.00001080738954219  0.00001146976804896  0.00001215479272571
  0.00001286882289420  0.00001359789962137  0.00001435780285927  0.00001516925056189
  0.00001602195940199  0.00001694068744650  0.00001789530678632  0.00001887233058521
  0.00001989163551940  0.00002095983374816  0.00002205744741041  0.00002317232994591
  0.00002434290434921  0.00002555563420561  0.00002685620562652  0.00002827932849581
  0.00002977996365886  0.00003132001096328  0.00003297700434091  0.00003468139342224
  0.00003651371378100  0.00003849226733119  0.00004053067390835  0.00004265019123008
  0.00004487028002680  0.00004729613103287  0.00004995997377396  0.00005276589939018
  0.00005581337984700  0.00005906853615673  0.00006249253568147  0.00006615667653417
  0.00007013270007252  0.00007444097077350  0.00007907041459214  0.00008397219006666
  0.00008926782883509  0.00009488509269995  0.00010108262004921  0.00010790840972380
  0.00011547757798380  0.00012372333056605  0.00013271681143183  0.00014244319930052
  0.00015208348269639  0.00016294223223114  0.00017525796609763  0.00018993427199997
  0.00020886789475490  0.00023198370842563  0.00025886836841672  0.00028949341056682
  0.00032556439350368  0.00036781904276041  0.00041965224593889  0.00048995425262985
  0.00058914286873487  0.00073557760326855  0.00094147311225916  0.00128870498193871
  0.00212005550295227  0.00463965033275982  0.50962651071860388  1.00000000000000000
  0.00000233752002770  0.00000267023801397  0.00000296991873018  0.00000324915953285
  0.00000352613654025  0.00000382222634083  0.00000415260529897  0.00000450991302921
  0.00000488246585973  0.00000525691568344  0.00000562347906817  0.00000599125986676
  0.00000637789087129  0.00000680112123625  0.00000725892326748  0.00000774273893120
  0.00000825528461682  0.00000879811500362  0.00000936131578025  0.00000992828767429
  0.00001050230769508  0.00001112063776830  0.00001180105448953  0.00001254953718903
  0.00001336512119839  0.00001421987740734  0.00001510262667242  0.00001599307304170
  0.00001689121723651  0.00001781448455467  0.00001872388841609  0.00001964277712414
  0.00002061041644922  0.00002165648969326  0.00002275995667011  0.00002391627383767
  0.00002510134009940  0.00002628793286397  0.00002748760619779  0.00002873173594823
  0.00003004445959140  0.00003145642949410  0.00003299964302664  0.00003465799065657
  0.00003639763630108  0.00003810837815136  0.00003987420982412  0.00004169274194250
  0.00004349594154962  0.00004526929871899  0.00004706299007216  0.00004890952963301
  0.00005084655221658  0.00005293668430130  0.00005524606316462  0.00005783987254188
  0.00006071317267526  0.00006375602492316  0.00006686495754568  0.00007007065506126
  0.00007345424237158  0.00007703929669234  0.00008086489074516  0.00008509783123482
  0.00008971101115886  0.00009457662931043  0.00009946464208142  0.00010458971844236
  0.00011013085145717  0.00011626092868698  0.00012324508036628  0.00013085270893679
  0.00013895481181691  0.00014760719465748  0.00015704724674068  0.00016748188650626
  0.00017919492375274  0.00019259986974821  0.00020787173062049  0.00022473392387553
  0.00024368560719570  0.00026537116777686  0.00029046160554445  0.00031931915884045
  0.00035457562774298  0.00039868324523881  0.00045773145882434  0.00053426014451196
  0.00063050125402577  0.00075762649983214  0.00096781627807260  0.00135496313919699
  0.00228676366820507  0.00607806574677655  0.09429623198041062  1.00000000000000000
 -0.00259719697457964  0.01013547574256163  0.02091425314705964  0.03176209077124240
  0.04250259689090643  0.05369674678250886  0.06458612155403265  0.07514923091688477
  0.08603496929442350  0.09724488337746667  0.10830734462997862  0.11852876294351888
  0.12871892601892865  0.13930724960635993  0.14997659453343531  0.16062788634748257
  0.17161286917999866  0.18282585527107531  0.19386319798712995  0.20438040719695946
  0.21469356653367250  0.22501300558252998  0.23558271162953101  0.24653262002294915
  0.25775486985042145  0.26888350374446290  0.27954109079901146  0.28982012295526743
  0.29994214426530996  0.31012236762318690  0.32027696056237526  0.33017211232013111
  0.33995296773593192  0.34976485229866761  0.35935113688207349  0.36853996665502942
  0.37786722191849159  0.38732828530095387  0.39686312835082849  0.40593977307734552
  0.41499533091242280  0.42456151113427582  0.43499701310328237  0.44594809164231880
  0.45679370862605839  0.46721417662582154  0.47709479942715377  0.48701065073907818
  0.49700915854219208  0.50715375200285728  0.51740049440096003  0.52795340246378375
  0.53827311984006010  0.54845204568237771  0.55911992428604917  0.57034986266908838
  0.58157542487784442  0.59194315352434523  0.60229214414130139  0.61329097949046474
  0.62436910356573116  0.63536828363747022  0.64618080700789426  0.65721290896141438
  0.66860905710328955  0.67996367477600506  0.69107696326063039  0.70181479709521621
  0.71161658190872867  0.72042587492044552  0.72939975338939689  0.73806934622955100
  0.74885247085596562  0.76035346190942632  0.77134360509165456  0.78246190477651612
  0.79362339337565113  0.80463294463329582  0.81537533026260145  0.82602264963071126
  0.83690071250297726  0.84787925625988225  0.85900877923472663  0.87053488376213795
  0.88208348646944856  0.89271868429165424  0.90219657185424973  0.91161548505373036
  0.92117408856381056  0.93208088060785121  0.94369037967381131  0.95539756113646401
  0.96686139757558287  0.97825025141569566  0.98918485942360468  1.00000000000000000
  0.00003239047231373  0.00013848069899567  0.00040556059549677  0.00078532415436926
  0.00129395459853017  0.00172151579068502  0.00210320186358324  0.00249098772123443
  0.00290840071606826  0.00334608229004201  0.00379984557968211  0.00426742475371153
  0.00474083497329207  0.00522626137870368  0.00572608254181060  0.00624082349222543
  0.00677794536846981  0.00734171377044681  0.00790510149998745  0.00845862904491917
  0.00899969691467390  0.00952898953108583  0.01005616769261426  0.01060763362348514
  0.01116490867448411  0.01172342731265123  0.01229510288637363  0.01288441433237776
  0.01349635269361827  0.01413191042950291  0.01478467841246227  0.01545325573768363
  0.01611540305424467  0.01676649910919938  0.01742054705632672  0.01808579539399814
  0.01876983113500574  0.01946704273959078  0.02017701074281280  0.02091792447274642
  0.02165331481984128  0.02239971011739629  0.02319197220738807  0.02399847596799979
  0.02479030272601874  0.02558944308259224  0.02641006318758928  0.02721360889669677
  0.02800084649223249  0.02877237149490780  0.02954514563715867  0.03032082398642361
  0.03117060720094846  0.03215035167764654  0.03312225867467700  0.03409329290815829
  0.03509151117949872  0.03607472987425287  0.03712528240869384  0.03836340204697538
  0.03982047004509281  0.04124675941281243  0.04245838086072150  0.04360476803218956
  0.04476362398426244  0.04600383132105392  0.04728550938064450  0.04855812397472725
  0.04985596720982627  0.05114955233728672  0.05245266387193503  0.05395804003472861
  0.05565924302800716  0.05742235074684778  0.05921021518571912  0.06109199055131560
  0.06293363874880158  0.06466986770191620  0.06678534970920137  0.06963786629719448
  0.07250703955371725  0.07500525631591869  0.07730806891732499  0.07939708327901868
  0.08192503913411026  0.08579708201809329  0.08961191079638198  0.09365543590245441
  0.09896272942246633  0.10479143674264950  0.11461428728278683  0.12616300962472449
  0.15157466097635328  0.31979234644803128  0.67456435248999758  1.00000000000000000
 -0.00114991389884887  0.00622764554718981  0.01460246067959665  0.02348871337032736
  0.03434339652637443  0.04570609660677435  0.05723715058316012  0.06897009610503720
  0.08088641402672285  0.09269348856448217  0.10442316005435975  0.11579141235908069
  0.12664606445197704  0.13735107903134469  0.14796421173932131  0.15829777692437633
  0.16799975411148188  0.17752089408230881  0.18739611897709366  0.19750556507851358
  0.20808257370832428  0.21951452291406251  0.23142794232509312  0.24303309391582087
  0.25400851965615612  0.26426225029266232  0.27409639223926552  0.28398854228671450
  0.29417116997355752  0.30472897181151554  0.31526814243795465  0.32564056599250452
  0.33605332297630047  0.34647203440893087  0.35664737956608972  0.36666726455489179
  0.37679573765589841  0.38688506024160013  0.39671043118558996  0.40611966103028158
  0.41559374611189942  0.42536822010174158  0.43534132746180615  0.44562067663968635
  0.45598424274103833  0.46660020132926988  0.47732243471771679  0.48802336595091189
  0.49863096819928099  0.50899204223167482  0.51906428678312899  0.52902132046336536
  0.53914794519845122  0.54953763889108187  0.55958949807236380  0.56842661153255958
  0.57707527005712811  0.58605996866006260  0.59554212300487042  0.60500429718291315
  0.61482184164014275  0.62462345904077132  0.63526666599638948  0.64597075614304500
  0.65631440235754479  0.66659122919791913  0.67690676994316712  0.68739748837279913
  0.69741525023735385  0.70714309567595302  0.71713453770820645  0.72732161784693850
  0.73764823067379648  0.74816377364242481  0.75887326991725934  0.76958466975013651
  0.77990605921762912  0.78987795814322448  0.79999638278794227  0.81040207060657976
  0.82141494033573714  0.83323958190301251  0.84525981300597142  0.85711178877222405
  0.86871215905819055  0.88036494836184231  0.89241520697057575  0.90469645178169478
  0.91751155218788516  0.92946675028628345  0.94042218468957395  0.95080750674532932
  0.96164244646770325  0.97444047040148818  0.98723374095142191  1.00000000000000000
  0.01110568274086681  0.23384931217869401  0.33947052607468192  0.40659003435133950
  0.44437534245059385  0.46825890960934902  0.48940013753452022  0.51052805557390546
  0.52924397239804444  0.54674783338556698  0.56727501309894768  0.58890146671056687
  0.60789477267569203  0.62438642524797150  0.64023560548628622  0.65755373553673691
  0.67439524081179258  0.68868811318469225  0.70247427473529300  0.71544260141465488
  0.72746835716379965  0.73906157398893724  0.75145599588727308  0.76371760752139539
  0.77587118843958935  0.78730423877771050  0.79806979300523917  0.80827239182285615
  0.81724185401580851  0.82533033675791134  0.83303788607030593  0.84103306609660289
  0.84908038019702303  0.85646894842982635  0.86326027743549505  0.86968641270334035
  0.87586880337761008  0.88177360901960389  0.88738103638213772  0.89269905496117563
  0.89758552616520271  0.90209830759385268  0.90641283652972515  0.91052558589713506
  0.91450058015494751  0.91827613035814137  0.92179445644737645  0.92530898619318458
  0.92866558496150164  0.93197266516054744  0.93520293086839568  0.93812140084156570
  0.94090070312737373  0.94361557190478895  0.94628921471781613  0.94886645167463413
  0.95133956645651607  0.95372547247652373  0.95602329949099107  0.95820477514712243
  0.96016355989470870  0.96203627025677119  0.96383584472951578  0.96559740358569701
  0.96730294894847646  0.96892667474010619  0.97050630803912719  0.97205242007019876
  0.97354886079098746  0.97501121857559925  0.97643878381732263  0.97783974267845908
  0.97911455935329361  0.98031738704893689  0.98147193554139855  0.98258452932454188
  0.98365267492417396  0.98467617444205691  0.98566909115822499  0.98664426075425615
  0.98759838640559561  0.98855027488805480  0.98947553668956700  0.99036881645393948
  0.99123926917291949  0.99208279271917599  0.99285675253150507  0.99359984086695174
  0.99433098820744770  0.99505593645212154  0.99579310524343378  0.99653132551265100
  0.99728122482085879  0.99806857915185709  0.99897060138171068  1.00000000000000000
 -0.02392344385572998  0.11868370957476855  0.16370287113990450  0.19176621659641330
  0.21445572681790978  0.23329863842699713  0.24944437319192228  0.26404654476922551
  0.27748879304216112  0.29023260445021465  0.30248886207332870  0.31415677619839888
  0.32495623402728846  0.33515856007779682  0.34478276134799124  0.35414937348181708
  0.36360045254910528  0.37266194750500103  0.38156124860728835  0.39042811599408894
  0.39914122439362737  0.40744991499783811  0.41547870928533598  0.42319683638395550
  0.43059483156445566  0.43800116084871471  0.44546063410413278  0.45288678203839777
  0.46046235730418222  0.46743649025531830  0.47363594469625531  0.47938854946392762
  0.48520550049114358  0.49099721664163964  0.49742199203811260  0.50391047056358984
  0.51009954214886721  0.51620819120972838  0.52256790278673082  0.52907863866640681
  0.53552376166894233  0.54173697319115532  0.54790867335363980  0.55381801358458749
  0.55956390296930625  0.56532978119228749  0.57144829901064764  0.57762897329944629
  0.58368637876815543  0.58969554463425689  0.59559234334115130  0.60132387381205032
  0.60696825212721039  0.61257318016390672  0.61813863650690293  0.62357802063950096
  0.62883528401872846  0.63415176105328375  0.63979320168914167  0.64543473676501617
  0.65079285417295485  0.65623859136879936  0.66200521303351212  0.66774232712416148
  0.67315398957739059  0.67851674415240593  0.68372187113662031  0.68929296665592577
  0.69485343506455644  0.70038400252190036  0.70585956120511917  0.71135343844485299
  0.71727358554662257  0.72346110295516008  0.72977833130666425  0.73628816083159809
  0.74279985639141022  0.74943828484898045  0.75612399425453747  0.76276258852724022
  0.76948997596200186  0.77629838854447830  0.78342220702698728  0.79084741275596715
  0.79869825986487142  0.80684469389245816  0.81494422005175715  0.82331263863456483
  0.83207091972072666  0.84200925780546010  0.85312247884369585  0.86582734335716216
  0.88134233994999045  0.90087191774764774  0.92951660968500027  1.00000000000000000
   1.5351704862263380E-006  -1.0000000000000000     
 F F F F F F F F F F F F T F F F F F F F F F F F F F F F T F F F
  <DiscreteSampler_grid>
  grouped_processes
  1 # 1 for a reference and 2 for a running grid.
  10 # Attribute 'min_bin_probing_points' of the grid.
  1 # Attribute 'grid_mode' of the grid. 1=='default',2=='initialization'
  0.0000000000000000 # Attribute 'small_contrib_threshold' of the grid.
  0.5000000000000000 # Attribute 'damping_power' of the grid.
 # binID   n_entries weight   weight_sqr   abs_weight
    112   10   1.402846666296667E+004   1.277889069598215E+009   1.402846666296667E+004
    113   10   1.402846666296686E+004   1.277889069598256E+009   1.402846666296686E+004
    115   10   3.966302573820015E+001   9.807084642325693E+003   3.966302573820015E+001
    116   10   3.966302573820066E+001   9.807084642325997E+003   3.966302573820066E+001
    154   10   1.402846666296667E+004   1.277889069598215E+009   1.402846666296667E+004
    155   10   1.402846666296686E+004   1.277889069598256E+009   1.402846666296686E+004
    157   10   3.966302573820015E+001   9.807084642325693E+003   3.966302573820015E+001
    158   10   3.966302573820066E+001   9.807084642325997E+003   3.966302573820066E+001
    163   10   7.538434596617237E+002   3.663512565737533E+006   7.538434596617237E+002
    164   10   7.538434596617341E+002   3.663512565737651E+006   7.538434596617341E+002
    166   10   7.538434596617237E+002   3.663512565737533E+006   7.538434596617237E+002
    167   10   7.538434596617338E+002   3.663512565737649E+006   7.538434596617338E+002
    202   10   7.538434596617237E+002   3.663512565737533E+006   7.538434596617237E+002
    203   10   7.538434596617341E+002   3.663512565737651E+006   7.538434596617341E+002
    205   10   7.538434596617237E+002   3.663512565737533E+006   7.538434596617237E+002
    206   10   7.538434596617337E+002   3.663512565737649E+006   7.538434596617337E+002
    226   10   1.494250266650276E+004   1.252417635276117E+009   1.494250266650276E+004
    227   10   1.494250266650295E+004   1.252417635276156E+009   1.494250266650295E+004
    229   10   1.563345493675240E+003   1.687576668697885E+007   1.563345493675240E+003
    230   10   1.563345493675239E+003   1.687576668697883E+007   1.563345493675239E+003
    244   10   1.494250266650276E+004   1.252417635276116E+009   1.494250266650276E+004
    245   10   1.494250266650295E+004   1.252417635276156E+009   1.494250266650295E+004
    253   10   1.563345493675240E+003   1.687576668697887E+007   1.563345493675240E+003
    254   10   1.563345493675240E+003   1.687576668697884E+007   1.563345493675240E+003
    274   10   7.411975140050570E+002   3.552134822181406E+006   7.411975140050570E+002
    275   10   7.411975140050669E+002   3.552134822181517E+006   7.411975140050669E+002
    277   10   7.411975140050570E+002   3.552134822181406E+006   7.411975140050570E+002
    278   10   7.411975140050673E+002   3.552134822181521E+006   7.411975140050673E+002
    295   10   7.411975140050570E+002   3.552134822181406E+006   7.411975140050570E+002
    296   10   7.411975140050669E+002   3.552134822181517E+006   7.411975140050669E+002
    304   10   7.411975140050570E+002   3.552134822181406E+006   7.411975140050570E+002
    305   10   7.411975140050673E+002   3.552134822181521E+006   7.411975140050673E+002
  </DiscreteSampler_grid>
