  0.00010079334325847  0.00010970385770587  0.00012344693232576  0.00013680422393259
  0.00014875883064844  0.00015950710571465  0.00016963238747461  0.00017952453736124
  0.00018909037563707  0.00019835774300376  0.00020778075776695  0.00021684332617062
  0.00022577322305906  0.00023452702078113  0.00024359867760054  0.00025306066859139
  0.00026290785371480  0.00027296556950279  0.00028243361779637  0.00029176287556628
  0.00030082572294065  0.00031041185956021  0.00032043058381574  0.00033077934198971
  0.00034145493957425  0.00035227262278515  0.00036363588434141  0.00037468146416773
  0.00038601543736078  0.00039754967892993  0.00040913789920320  0.00042087006481947
  0.00043311080490139  0.00044625846147486  0.00045970316877148  0.00047362403605675
  0.00048800142446784  0.00050268271144167  0.00051722756352039  0.00053218935533491
  0.00054779247391211  0.00056359923544742  0.00057976245872419  0.00059599403446624
  0.00061187041876812  0.00062850195439508  0.00064604468295796  0.00066445319718312
  0.00068537070294015  0.00070718626713048  0.00072940527592646  0.00075341668129122
  0.00077928318845358  0.00080554359517919  0.00083348017810022  0.00086378082337392
  0.00089361877834251  0.00092448024633511  0.00095690964750049  0.00099198658871871
  0.00102842241415992  0.00106521160845414  0.00110207620532326  0.00113788491148641
  0.00117602242187960  0.00121717791989351  0.00126420518725417  0.00131642237049480
  0.00136919391131927  0.00142725097713298  0.00149706545197818  0.00157107319907009
  0.00164519109833742  0.00171999336442919  0.00179656964240750  0.00187454420016295
  0.00195524919918735  0.00204521155518716  0.00215093183837906  0.00227187875317006
  0.00238911451604185  0.00250497599336906  0.00264059529850251  0.00280418074142068
  0.00299651947683492  0.00319836917823663  0.00344858614464039  0.00376451064230503
  0.00413637331161054  0.00451354184189546  0.00494643749915236  0.00545565680604535
  0.00610228563521215  0.00695692660985168  0.42013027692801819  1.00000000000000000
  0.00000253441682094  0.00000275534146324  0.00000314852230450  0.00000361485142903
  0.00000410921488027  0.00000463908518237  0.00000520489199551  0.00000578393340255
  0.00000648518979588  0.00000730733849566  0.00000824853629675  0.00000934128788293
  0.00001056239308582  0.00001189263760858  0.00001329030545327  0.00001484007101581
  0.00001641604432631  0.00001816061788295  0.00001985020841234  0.00002189203663838
  0.00002417269534727  0.00002659219557099  0.00002904178461658  0.00003169645493018
  0.00003455510985325  0.00003738370450379  0.00004027458974084  0.00004347079100560
  0.00004714612932309  0.00005096645887602  0.00005497173893235  0.00005889429509560
  0.00006311173938039  0.00006720434079312  0.00007155624179403  0.00007616032100906
  0.00008105640543502  0.00008611846408447  0.00009133226972061  0.00009637195072910
  0.00010184894697693  0.00010761941511282  0.00011332861681886  0.00011918030455646
  0.00012539715752145  0.00013194200247012  0.00013878450618456  0.00014596541663320
  0.00015324469832303  0.00016063149883320  0.00016834776683460  0.00017613827158112
  0.00018416580065008  0.00019290259701071  0.00020216346691533  0.00021196432597725
  0.00022353006101679  0.00023531137601691  0.00024765365274715  0.00026097822372792
  0.00027478415628887  0.00028892093358097  0.00030383653866672  0.00031951784139282
  0.00033635486737555  0.00035473328015316  0.00037377041119172  0.00039449849369924
  0.00041632657930611  0.00043847364393489  0.00046070641232467  0.00048434673119399
  0.00050899128648161  0.00053469192933411  0.00056133291339462  0.00058820130536430
  0.00061643624854923  0.00064762939414925  0.00068338230637343  0.00072439694800856
  0.00076807015107592  0.00081061149141834  0.00085911020890103  0.00092077609323297
  0.00100423877107289  0.00109865458574009  0.00121694277261422  0.00134869451888852
  0.00152750091021408  0.00177243417094546  0.00207582289547503  0.00251693883402207
  0.00333583170138536  0.00480319820754299  0.08364182063130024  1.00000000000000000
 -0.00686698585223095  0.03257090659280625  0.05985794526605218  0.08001581182410668
  0.09768310131880932  0.11264425843414234  0.12704032119861972  0.14275218008742327
  0.15917536283007624  0.17539480522834466  0.19089210399464326  0.20623245572776042
  0.21901079343883803  0.23133018797697255  0.24343485786732927  0.25558380749265153
  0.26688830929852642  0.27844334970921480  0.29049208238536911  0.30263728741595874
  0.31487577878982587  0.32636486760835420  0.33720235473595700  0.34748836608235828
  0.35752639797627622  0.36752573706641772  0.37785649048882691  0.38827682579519951
  0.39907779643900204  0.41068197198781792  0.42277306401326192  0.43470051790801040
  0.44564155398839866  0.45604449228528382  0.46632460585991298  0.47658838722057106
  0.48605837404703683  0.49532006848027360  0.50408636269453999  0.51291428583458576
  0.52158289501976463  0.52964435756683514  0.53772234557608634  0.54619519279331619
  0.55504523218059987  0.56388244389165532  0.57271998258497148  0.58107760496572036
  0.58891725488307156  0.59619176339398194  0.60356907893715606  0.61138865432091427
  0.61900798461997941  0.62691685194673963  0.63488559620922747  0.64320717254269677
  0.65167102014922329  0.65990818511129934  0.66813240759343251  0.67652321470114196
  0.68464275675936948  0.69242125079888628  0.70007632719019275  0.70760063939937456
  0.71540866066799402  0.72361456655195322  0.73192446868578143  0.73969811481055503
  0.74765012713535905  0.75592857050703377  0.76440730074282615  0.77265232744887513
  0.78128518692095328  0.79001375710733579  0.79891544128178493  0.80755096494426881
  0.81639772219100204  0.82497606531459078  0.83330425202820713  0.84117263632726258
  0.84910384159677088  0.85763233051144017  0.86645282928388168  0.87523563955247774
  0.88425904034544145  0.89319364305581295  0.90240705337944083  0.91143112942392135
  0.92109924481713901  0.93104472208104982  0.94168319107906928  0.95255884365156840
  0.96394977128756665  0.97549120657148591  0.98778444753481787  1.00000000000000000
 -0.00203162313145876  0.00890827640802174  0.01866202533412799  0.02918976538517847
  0.03874954243299344  0.04856621481993074  0.05910018624083672  0.07017150132369926
  0.08127056435518945  0.09148065561374444  0.10141728033008190  0.11186963689349644
  0.12201986431977034  0.13187437608968761  0.14167929368818452  0.15205150734056638
  0.16358124526808762  0.17511645248019447  0.18620166635184116  0.19705380238677944
  0.20804338888521659  0.21945882879099021  0.23038312798247740  0.24042150065279042
  0.24996446168122166  0.25931091916065302  0.26904950908481878  0.27897907803870420
  0.28917133036141696  0.29896298706747848  0.30857492921243362  0.31883624509731956
  0.32863980652697100  0.33795847262424406  0.34731706663872031  0.35798667640633980
  0.37027995357181548  0.38254984341796872  0.39480553013640546  0.40616511650275733
  0.41770670846809999  0.42893083494608619  0.44000787032548949  0.45082839858686846
  0.46190875904359552  0.47273191879242155  0.48347230257502949  0.49396437386614395
  0.50545223715126231  0.51681577992286398  0.52745980603978226  0.53800273697271039
  0.54870580479647135  0.55915271654156451  0.56910288363767869  0.57907589474507493
  0.58986575855059520  0.60154682185578223  0.61185902903937095  0.62121268262782559
  0.62997409970721518  0.63853097240279999  0.64728335513552260  0.65612835384758827
  0.66535391398771992  0.67549169495651429  0.68614150218304737  0.69656818181220681
  0.70674038081751334  0.71675018560090387  0.72775962679791506  0.74025640815345539
  0.75251847761386981  0.76390145421558386  0.77516262739869668  0.78683156329919679
  0.79806121999817181  0.80828462296657888  0.81755540083276534  0.82652775891360897
  0.83587155091733967  0.84541146717178173  0.85577635398329965  0.86592794501295867
  0.87673117314569082  0.88911719931659694  0.90188793845646098  0.91272243954212706
  0.92298353334324890  0.93286525511857077  0.94251295390967227  0.95190629457259635
  0.96286136524080002  0.97495309975334443  0.98761623607372140  1.00000000000000000
 -0.00237898860445048  0.00931559889993419  0.01919349946705153  0.03046945209825815
  0.04212443123132534  0.05362361857217512  0.06447661520471502  0.07432874081164052
  0.08459537686630511  0.09519182126977653  0.10628410917392403  0.11756763578545336
  0.12839648334612719  0.13914528789462383  0.15033126030359975  0.16218680671791957
  0.17450220152404844  0.18702892463982709  0.19814328178867618  0.20928446031671769
  0.21966553585489867  0.22986129802813959  0.24010627381149263  0.25018476499525344
  0.25896554082566775  0.26720361711264806  0.27567748548551746  0.28412437919085626
  0.29317751835478773  0.30222527551583611  0.31108338258620455  0.32083545533071584
  0.33073044249689015  0.34121957787856799  0.35095610916132380  0.36011475827440109
  0.36893857272849806  0.37890603742918866  0.38847261159585644  0.39775433080045136
  0.40651941571632277  0.41525687217758306  0.42504982848412637  0.43605301356542064
  0.44814265153294125  0.46007310107107013  0.47151826931367402  0.48195147991526260
  0.49191344824399769  0.50229882873985576  0.51333341058544413  0.52461150170936666
  0.53484522183610095  0.54464970456478323  0.55406730049622555  0.56375554217000123
  0.57397515758734052  0.58491168038282115  0.59634700006579611  0.60811173904828264
  0.61985815004631062  0.63078420440426675  0.64079141215299462  0.65127854481942282
  0.66203329869183958  0.67241493885402337  0.68271235068566805  0.69299073470732864
  0.70379612445268214  0.71557291398584666  0.72746847142943094  0.73873629035936916
  0.74952475435337340  0.76105138175288101  0.77215627569438794  0.78293806293746149
  0.79365907268810187  0.80461203001786241  0.81552426498513375  0.82612405067887373
  0.83656609278969907  0.84696652455231702  0.85718045771609785  0.86714849224858070
  0.87729542507503611  0.88681423320824071  0.89729858531880269  0.90817700767442244
  0.91926767197256753  0.93082151282355852  0.94254610359363278  0.95584796892406443
  0.96779486349672950  0.97903830653337143  0.98976920019257886  1.00000000000000000
  0.05557187902360981  0.26090743021444163  0.32833552730246224  0.38103743571008475
  0.42402819931471913  0.45647561742796422  0.48426114447288887  0.50689922816187827
  0.52684634997151647  0.54481485521670070  0.56140046777862518  0.57736103459206334
  0.59304315436067234  0.60739659540738589  0.62065025580236843  0.63372349920976967
  0.64597783923153840  0.65714486891556390  0.66835586189809904  0.67896187511343953
  0.68923015435347745  0.69969369126004699  0.70979083033301960  0.71842765294639233
  0.72633327245228174  0.73345590285208428  0.74058116818483155  0.74754573747190822
  0.75443755050951933  0.76126131549936993  0.76782057298185291  0.77407045267449226
  0.77973193713048650  0.78559128593526750  0.79140557333735029  0.79741973685714540
  0.80320532583659510  0.80892251150414463  0.81401292395400371  0.81878822498437853
  0.82356604039413950  0.82837196368340305  0.83334984359033859  0.83840001677239551
  0.84361430228156975  0.84867405290479869  0.85333629301393310  0.85768002964597245
  0.86198334493084505  0.86633010722835035  0.87055154014518354  0.87479136004640967
  0.87875302898466512  0.88267429938042996  0.88645566709403623  0.89018968804411491
  0.89386115291181267  0.89750195871546978  0.90108899207334181  0.90460126413099462
  0.90817171562744337  0.91170533713624990  0.91523946159440617  0.91886039729452307
  0.92220170036926097  0.92548794812613511  0.92875490985123133  0.93199891138105517
  0.93516095000650257  0.93791059450582903  0.94039727933194117  0.94280381270527114
  0.94524586454493331  0.94785522291303947  0.95061301999886516  0.95322042746381108
  0.95569455634744638  0.95807895416663091  0.96045199520252900  0.96274979109066006
  0.96506348586438850  0.96742262696283332  0.96981043666860767  0.97219837164610179
  0.97454321835541535  0.97685799567144227  0.97915929276453317  0.98145120118199614
  0.98371252935197906  0.98580639192730035  0.98782807486729929  0.98990399480192237
  0.99210137421463751  0.99450809759980285  0.99718140970894598  1.00000000000000000
 -0.01836528357095190  0.11162537338611798  0.15658863652120628  0.18728357402857129
  0.21331290286410945  0.23585754088379221  0.25477447737227321  0.27191188690963120
  0.28539504513909414  0.29898847688255753  0.31234220398125717  0.32565853289955521
  0.33809017194362856  0.34993138424849729  0.36158106948992780  0.37295396745732934
  0.38393355592543121  0.39457793433599647  0.40521101061253756  0.41566135569516416
  0.42540961273826861  0.43406271516242512  0.44214441341327454  0.44960590661307276
  0.45706984815444718  0.46464663635576336  0.47255978919106889  0.48094660027700542
  0.48941462160227794  0.49778838334776948  0.50612113048239427  0.51465553034189526
  0.52349018262121905  0.53141813397144388  0.53948595855939563  0.54706034248950874
  0.55486574460025972  0.56235858675285111  0.56948381600494835  0.57648465091705181
  0.58335773340682184  0.58948970577397419  0.59561841918471981  0.60164513836684719
  0.60780967945179398  0.61372693945845880  0.61951698528557253  0.62490248929296999
  0.63035162584514115  0.63579530324645861  0.64144015710087221  0.64703959272071465
  0.65272400994293889  0.65843551291617919  0.66428879546055242  0.67034358986190345
  0.67633231540628957  0.68214439935237881  0.68792757700145724  0.69379396347954325
  0.69967860145960292  0.70541338484018901  0.71064312986819733  0.71557506505546631
  0.72059670438713108  0.72585701563886829  0.73126508496903919  0.73656718789323639
  0.74172458332807678  0.74689567991701633  0.75234972720963622  0.75859739403625714
  0.76527936956071652  0.77155619015418919  0.77717988494386381  0.78246391675334848
  0.78766323930995530  0.79323777727575973  0.79913924379277101  0.80518800417974978
  0.81139488156463890  0.81780257756683472  0.82435364797754662  0.83080679780906586
  0.83775612995545934  0.84532327643243632  0.85341013453282966  0.86056521359422988
  0.86784395406485648  0.87559378674423594  0.88503271579807308  0.89520674444223014
  0.90837914025985467  0.92412091511816674  0.94767922586663200  1.00000000000000000
   3.8558568286647420E-008  -1.0000000000000000     
 F F F F F F F F F F F F F F F F F F F F F F F F F F F F F F F F
  <DiscreteSampler_grid>
  grouped_processes
  1 # 1 for a reference and 2 for a running grid.
  10 # Attribute 'min_bin_probing_points' of the grid.
  1 # Attribute 'grid_mode' of the grid. 1=='default',2=='initialization'
  0.0000000000000000 # Attribute 'small_contrib_threshold' of the grid.
  0.5000000000000000 # Attribute 'damping_power' of the grid.
 # binID   n_entries weight   weight_sqr   abs_weight
    55   10   3.956055207024946E-001   2.982277925746065E-001   3.956055207024946E-001
    56   10   3.956055207024948E-001   2.982277925746072E-001   3.956055207024948E-001
    58   10   2.114044518807163E-002   8.516314363377400E-004   2.114044518807163E-002
    59   10   2.114044518807164E-002   8.516314363377416E-004   2.114044518807164E-002
    61   10   7.403047883712411E+000   1.044346327166942E+002   7.403047883712411E+000
    62   10   7.403047883712416E+000   1.044346327166944E+002   7.403047883712416E+000
    64   10   3.956055207024946E-001   2.982277925746065E-001   3.956055207024946E-001
    65   10   3.956055207024948E-001   2.982277925746072E-001   3.956055207024948E-001
    91   10   3.956055207024946E-001   2.982277925746066E-001   3.956055207024946E-001
    92   10   3.956055207024948E-001   2.982277925746072E-001   3.956055207024948E-001
    94   10   2.114044518807163E-002   8.516314363377402E-004   2.114044518807163E-002
    95   10   2.114044518807164E-002   8.516314363377416E-004   2.114044518807164E-002
    97   10   7.403047883712411E+000   1.044346327166942E+002   7.403047883712411E+000
    98   10   7.403047883712415E+000   1.044346327166943E+002   7.403047883712415E+000
    100   10   3.956055207024946E-001   2.982277925746067E-001   3.956055207024946E-001
    101   10   3.956055207024948E-001   2.982277925746072E-001   3.956055207024948E-001
  </DiscreteSampler_grid>
