  0.00948026360822111  0.01631999761904156  0.02505836132511046  0.03544704707451551
  0.04675992605148453  0.05836743889749781  0.07006769241165307  0.08270110951370677
  0.09632324530281312  0.10883309531428711  0.12091241845035738  0.13291082760832476
  0.14352773702891033  0.15404403526277022  0.16491955207587131  0.17602505920514219
  0.18740551523039159  0.19863975237454595  0.21061007472565088  0.22393389541783193
  0.23743159960515797  0.24959658837284643  0.25783073317832672  0.26473630003334714
  0.27173007737676258  0.28017134003018807  0.29088278685366192  0.30658511346557443
  0.31867134733148006  0.32835434197127522  0.33696965519672489  0.34590641360656021
  0.35505158562374051  0.36464573983595672  0.37509777325736954  0.38373589210095532
  0.39233002211480622  0.40007417815556445  0.40658433106228009  0.41299925719413177
  0.42279811294791980  0.43551917831619213  0.44716655000702560  0.45863634233204731
  0.46910597475026189  0.48171994964246445  0.49382874374823416  0.50224129409565677
  0.50973403478567147  0.51723559214031178  0.52632902712191565  0.53623612858609271
  0.54643694158271061  0.55789100401822178  0.56859041233611418  0.57745910331561257
  0.58622766413521665  0.59567443875179893  0.60559905897509425  0.61565662998202986
  0.62624207471129345  0.63687606556896192  0.64714300022947724  0.65776170605376449
  0.67012996196557806  0.68394216059295465  0.69778082710171907  0.71129261730326598
  0.72472727368657641  0.73734986325827379  0.74818813594391209  0.75766261516511890
  0.76703430737201583  0.77699198287008364  0.78652486734452598  0.79650174710813704
  0.80657117471787110  0.81728665725237892  0.82825299756521464  0.83828645439453087
  0.84697776453068985  0.85554949567499694  0.86456423963046369  0.87645908906785452
  0.89100019623770621  0.90214520760261718  0.91198796602043286  0.92149304225666284
  0.92940930302809899  0.93742954175624160  0.94611845166829045  0.95564526592597843
  0.96566942801953515  0.97587368379770123  0.98713152915330149  1.00000000000000000
  0.00009794118462983  0.00010402478773854  0.00010781966471223  0.00011073230944138
  0.00011304968168522  0.00011485377085141  0.00011647560859292  0.00011806322564939
  0.00011964029679688  0.00012128711636179  0.00012301583688963  0.00012474246625119
  0.00012654469669807  0.00012813556746957  0.00012965337746619  0.00013115687443172
  0.00013278401692242  0.00013458650458834  0.00013648986696575  0.00013852192269138
  0.00014045455012383  0.00014185990387616  0.00014317517796010  0.00014452679888799
  0.00014591680989712  0.00014718602238532  0.00014859189322858  0.00015035411527240
  0.00015240832247336  0.00015451376357334  0.00015653586315053  0.00015871449212938
  0.00016103417167044  0.00016305426788063  0.00016498911560992  0.00016691506792546
  0.00016890784306413  0.00017112342391174  0.00017364148615607  0.00017649140932696
  0.00017923883181577  0.00018187757531752  0.00018443115448662  0.00018711501294118
  0.00019009176835105  0.00019317557996331  0.00019592204115552  0.00019819525625119
  0.00020051095968246  0.00020312044834542  0.00020610814310048  0.00020927652015961
  0.00021273233679052  0.00021626810242894  0.00021988287935810  0.00022395546009385
  0.00022991619255316  0.00023435359590579  0.00023842028314828  0.00024220622746868
  0.00024594793832293  0.00025020547625453  0.00025518839236304  0.00026057226153663
  0.00026551937840476  0.00026974157436379  0.00027426406254459  0.00027931041305763
  0.00028518828515379  0.00029211754532545  0.00029941325435451  0.00030648622248652
  0.00031504136809861  0.00032594266840827  0.00033591352852363  0.00034607413626240
  0.00035674920172691  0.00036811413599626  0.00038185496088614  0.00039855920855868
  0.00041666832156676  0.00043518616751128  0.00045581543622649  0.00048077747256421
  0.00050981774872215  0.00055143335395950  0.00060045215722553  0.00066191534428539
  0.00073259825150137  0.00080681654334713  0.00092082318796448  0.00109315436020650
  0.00134152101013051  0.00165412224140531  0.06328024974373414  1.00000000000000000
 -0.00008063591358107  0.00115306657180942  0.00336792269001183  0.00653025204278403
  0.01056437433762251  0.01552513736672525  0.02015101892575535  0.02481805963242258
  0.02967176903061334  0.03540140924280045  0.04208406155650499  0.04841063697462750
  0.05442874870616397  0.06013160565423718  0.06597693686019877  0.07240213861824289
  0.07970372579120735  0.08787524329609638  0.09912748968976003  0.11047694381979518
  0.12066391792505053  0.13037625813432260  0.14045079948041850  0.14979603724891771
  0.15885239657406133  0.16813074530837205  0.17700459456945072  0.18599896321800005
  0.19537347719626888  0.20497983850262008  0.21478251276320567  0.22456630611661044
  0.23397822718701339  0.24406535958206049  0.25439655361866764  0.26526800382461019
  0.27650497995818407  0.28799142402911104  0.30061070935679618  0.31365264806316523
  0.32683602863721761  0.34016741077077917  0.35371852444967361  0.36711140134069314
  0.37943966270616736  0.39118203999208606  0.40312864340357446  0.41543933667371502
  0.42813350076044171  0.44111781262899452  0.45355433195152145  0.46664288850406671
  0.47813362877006460  0.48698929076713415  0.49766953682477183  0.50813778002991961
  0.51926968138441110  0.53223843509284285  0.54383641660015558  0.55535174269306409
  0.56635221979920214  0.57679226728529331  0.58781530692414818  0.59884623567635242
  0.61044399180423647  0.62259408032902519  0.63473139290519076  0.64593346048790956
  0.65748152750735478  0.67039406478385122  0.68373527109080678  0.69772902164971051
  0.71106753036732417  0.72324405611873299  0.73361199676671562  0.74422815223322003
  0.75583491468699748  0.76978072846934786  0.78470472229058263  0.79894360963940436
  0.81388347173939257  0.82891456536458075  0.84332559600066670  0.85870614831391878
  0.87417539778663789  0.88938016408812226  0.90337105490404379  0.91584502363756892
  0.92693437374443666  0.93761658649976964  0.94846487309790584  0.95944789451095969
  0.96964905954012270  0.97975163080218153  0.99016390181404457  1.00000000000000000
 -0.00268456265451800  0.00963311686653423  0.02092395535789703  0.03127187183152308
  0.04129902698906194  0.05110193326152367  0.06072280861401072  0.06995879574502047
  0.07826116368794558  0.08659188492803244  0.09631285384159488  0.10553574293367450
  0.11353442080027260  0.12154756332789365  0.13006945804444037  0.13920582704050016
  0.14808462854488666  0.15827073149655244  0.16875813212670510  0.18057493565878102
  0.19193288072041906  0.20114872310291745  0.21209829154554644  0.22255336770255443
  0.23346858412728355  0.24502527260541673  0.25834487612768442  0.27267326021211158
  0.28549748220616544  0.29631373523889093  0.30582645729796248  0.31463048444476394
  0.32368850540777200  0.33254999077099329  0.34149839405437166  0.35059051870665880
  0.36041074581175730  0.37180259299634766  0.38342101219783531  0.39476194171530188
  0.40641138398211013  0.41808827530310849  0.43000928957580453  0.44175575763202934
  0.45250536237440880  0.46254607775315126  0.47198278112968184  0.48156210224660390
  0.49099398167511799  0.50270763341419389  0.51450767967842681  0.52559703250272360
  0.53590966746441515  0.54725124498935451  0.55839848396227465  0.56832461132446921
  0.58112854923927848  0.59539819783921177  0.60840935123530182  0.61959199018946820
  0.63078080613069765  0.64204097416329520  0.65294779885782661  0.66536893763884020
  0.67716001503688872  0.68838988152541936  0.69764725372666059  0.70728923522698928
  0.71592439351890058  0.72587181966643033  0.73346068893632732  0.74117816943532744
  0.74942463863877262  0.75898094483909240  0.76729540084451842  0.77591807683337666
  0.78479548289514278  0.79517758189264998  0.80711248387127132  0.81792288624044074
  0.82745403231068870  0.83605919588675814  0.84597579616356977  0.85719973766601243
  0.86747956904597567  0.87757249612666655  0.88884467547628998  0.90112115947066496
  0.91519096424859370  0.92641394327338789  0.93650539659115750  0.94707893043108293
  0.95737052628945740  0.97009745236345135  0.98365513089796786  1.00000000000000000
 -0.00458018593970216  0.01958855236526394  0.03825012417397806  0.05394942148020696
  0.06678694438190809  0.07863999536217144  0.08993899195822108  0.10060296984145950
  0.11320926996606855  0.12647972614249364  0.14047221340927402  0.15354174803824908
  0.16529628586890960  0.17671446472764607  0.18867393611690181  0.20108071936151495
  0.21323702291682806  0.22564468707677182  0.23784006399295898  0.25022686129956540
  0.26324946540431199  0.27719827851758511  0.28951421026444213  0.29970585994616455
  0.30855639282283936  0.31698205138150193  0.32567162694039137  0.33461204781918924
  0.34338891946961003  0.35107540529480813  0.35880142673617776  0.36625832460736268
  0.37449814407453008  0.38362493469793119  0.39349342649223618  0.40258415932445829
  0.41094466363286930  0.41857979589782895  0.42568021549943375  0.43238245094097189
  0.43918215776136160  0.44663513606222466  0.45500886145167074  0.46322896831387300
  0.47108664062805616  0.47968396602485652  0.48876504940031684  0.49746919949640700
  0.50722755814835396  0.51848150263883386  0.52590189076214833  0.53262289531091322
  0.53976261159453220  0.54695615562431998  0.55451120962651901  0.56135620471965808
  0.56754915368161918  0.57336648282775970  0.57958343705358151  0.58753158061140232
  0.59635116491470652  0.60502628761371335  0.61224725534946778  0.62063489088114476
  0.62802983478637819  0.63693782828599810  0.64447997757513653  0.65250475231289884
  0.66044981883117537  0.66832040747363652  0.67619681730330861  0.68455770739654676
  0.69390113799723885  0.70418023948182762  0.71658547824336138  0.73000153317167060
  0.74650995956728561  0.76020104705582536  0.77236939548718819  0.78196930747014393
  0.79180915559667375  0.80351241053652112  0.81336447971447334  0.82053345641615294
  0.82837989617951924  0.83585329330606584  0.84689742092590681  0.86243481174811987
  0.87801442136210806  0.89442086439302348  0.91342666905378833  0.93084463748006330
  0.94718962741411339  0.96450751678849589  0.98176697234044008  1.00000000000000000
 -0.00219768992371317  0.00910402387837287  0.01981274633393086  0.02965028909488381
  0.03941351268515986  0.04919980561997952  0.05977638430065732  0.07055011871061645
  0.08102080522663768  0.09461075863644328  0.10778033008621823  0.12279606480633307
  0.13645493128870598  0.14780587781793192  0.15777559476915140  0.16784940706359397
  0.17690862752978193  0.18882976706493732  0.20116411549194088  0.21375416867854571
  0.22533150319271442  0.23875428155833997  0.25246716796102098  0.26206521924398551
  0.26962919286433795  0.27685718400571030  0.28408021239457165  0.29161269892274783
  0.29978101036568355  0.30878971396490557  0.31763065324499973  0.32774273255812725
  0.33869420600158023  0.35003059642284728  0.36120376355440309  0.37173307228149005
  0.38253211695297856  0.39250430610328924  0.40429549136493970  0.41725417907097573
  0.43197980236736366  0.44461004735738485  0.45686615299011285  0.46791679704101180
  0.47935486626071194  0.49036620938748876  0.50020197438305503  0.50890696822036408
  0.51746662799727627  0.52761729007214342  0.53986090974594281  0.55324862439451661
  0.56404373618222814  0.57429547211140841  0.58493656849995246  0.59651461031075848
  0.60717479203187941  0.61642335629456846  0.62540397234046397  0.63500763583515518
  0.64543455121679538  0.65744841403146748  0.67050991598474585  0.68339481434047167
  0.69522787592847179  0.70655179179503258  0.71801653390172304  0.72918697762335283
  0.73985476780149551  0.75020474127895720  0.76044399045930167  0.77089704981235596
  0.78230739370520919  0.79361442938950244  0.80329515976416710  0.81177843161475538
  0.82102404943428819  0.83038348357486069  0.83792344167537058  0.84538421640772221
  0.85365494632245376  0.86156888294591960  0.87039805788716496  0.87954263290335799
  0.88770592048442232  0.89746224702703203  0.90902929310917413  0.92046399165263060
  0.93115758463615139  0.94080785462694327  0.95162790646271911  0.95989491184057107
  0.96814717242019899  0.97691666752820416  0.98774262965494752  1.00000000000000000
 -0.00623442202452133  0.05826393572711311  0.09971768325473374  0.13251494035157096
  0.15613527993883622  0.17619102375188139  0.19459545276800086  0.21197879701749733
  0.22479889806046782  0.23754511908973044  0.25105728527568111  0.26281750059188125
  0.27202321116963823  0.28088640336988541  0.29018383587696039  0.30004526315881941
  0.30999047065016000  0.31887459868397960  0.32650727720839301  0.33190972938745800
  0.33733526979423667  0.34248932748592520  0.34749252467598379  0.35488557327433629
  0.36251823621410229  0.36926392355169185  0.37571035498807165  0.38208370155989324
  0.38834172518992260  0.39536956372123599  0.40248061051125805  0.40952791968582258
  0.41666176417502243  0.42334290488189463  0.42933228952859925  0.43484981253791433
  0.44065850645348531  0.44687766992772837  0.45421404836628110  0.46225377112711502
  0.46960147566443411  0.47642160260017336  0.48272049956240315  0.48892399525385616
  0.49514178656538638  0.50099560271787136  0.50651557009635506  0.51177878530755794
  0.51655022310299392  0.52105498491621927  0.52557505994390497  0.53036803647315844
  0.53514178090396425  0.53939074609207094  0.54317247695538595  0.54712102746232338
  0.55143796916800825  0.55654648095209536  0.56158012994306428  0.56738131978762885
  0.57346027549705769  0.58032097188033538  0.58862433426310701  0.59720894339276920
  0.60479086802021853  0.61195549984584818  0.61899680962269044  0.62528326171110871
  0.63010861220075942  0.63459739678793814  0.63962423187470252  0.64525859008807507
  0.65144844460060691  0.65733879603766887  0.66311134068725086  0.66858885998889139
  0.67410346943526334  0.68011630619928631  0.68816701485094711  0.69848585006849095
  0.70893239159277299  0.71935835962232619  0.73088323187006443  0.74267596195001939
  0.75436367189101794  0.76680357792327469  0.78080734178478961  0.79488233219327675
  0.80639696330754440  0.81947495178982666  0.83818814272533837  0.86127777838735986
  0.88753176844307813  0.90990562149217913  0.94246129357678021  1.00000000000000000
 -0.00242240298632643  0.00810627563344547  0.01771107794595430  0.02695774974440242
  0.03717609778060847  0.04808705279758354  0.05894790883314670  0.07109991731289467
  0.08266495530566850  0.09018233922881316  0.09707603859920803  0.10454740708025007
  0.11348928898233396  0.12171235247595605  0.12904086406594462  0.13475296379143892
  0.14115356260546952  0.14992334679593622  0.16123171982650633  0.17301811430101174
  0.18426946507452183  0.19596973090104203  0.20696309410301608  0.21873369542781973
  0.22850617606095958  0.23809317949691455  0.24787668197776094  0.26244583113950798
  0.27730090746211733  0.28910820429016715  0.29792599602235786  0.30632648279713259
  0.31525329239894723  0.32466180257849864  0.33453755383816264  0.34401790673354854
  0.35378125068140459  0.36339920300268619  0.37358491686807205  0.38350468885083328
  0.39345112754191963  0.40476653550911795  0.41817198034688913  0.43081498233011650
  0.44318222004232555  0.45484084676673481  0.46586591488267542  0.47658542567780587
  0.48831854141613551  0.50098121988277566  0.51408705202012783  0.52889915330007264
  0.54313724760759818  0.55663995947723499  0.56803584233587645  0.57942271649572230
  0.59116060037674667  0.60271894339237331  0.61321872974739167  0.62218659274732702
  0.63102039321297188  0.64111849598101822  0.65484455741108116  0.67050164885176322
  0.68574866637557874  0.69928145286248422  0.71296122709994880  0.72690667835282141
  0.73955721186771572  0.75097027569412655  0.76134387155557925  0.77114900460280189
  0.78067737853580421  0.79013506397836775  0.80072402609026327  0.81149791410657912
  0.82241717289417482  0.83286549917829655  0.84192090281154530  0.85062932440475347
  0.85857985133151438  0.86527753973342514  0.87264990193985403  0.88020963569241972
  0.88663233434422484  0.89723038824086820  0.90943947872955766  0.92154481252695752
  0.93344470364595034  0.94467458907622615  0.95471939607893508  0.96358637960441518
  0.97194246617630042  0.97982594531731704  0.98789311608073349  1.00000000000000000
  0.03831826379118347  0.41201542392624946  0.43341190787112849  0.44681728645994412
  0.45340201953482967  0.45890178489185735  0.46492638596826241  0.47033804691289566
  0.47706230238417874  0.48479955220236060  0.49308882743571103  0.50291371395579876
  0.51320162709151684  0.52238480786880526  0.52975299086245220  0.53590319786329921
  0.54211873868460536  0.54876620166317980  0.55649383326115354  0.56474923293657664
  0.57263802522482965  0.57919073410693811  0.58478792475155061  0.59062136903268436
  0.59765952253521581  0.60652622451514770  0.61586310925222698  0.62414297569279353
  0.63196555811732935  0.63947756814854217  0.64728468913277692  0.65582786774200463
  0.66401676365003659  0.67190540091277495  0.67964518550383868  0.68679203503256159
  0.69423845793557171  0.70232481595004037  0.71155882383890634  0.72010551641026876
  0.72864801450625349  0.73738536805796184  0.74646571146739926  0.75622024641721608
  0.76420386531854034  0.77068037295437986  0.77660139885572843  0.78245966964082769
  0.78957190556253565  0.79730447337254706  0.80447838072829281  0.81115185095162590
  0.81677667316575442  0.82238176217346792  0.82838223489116514  0.83512836809820579
  0.84224896691769569  0.84845368777375063  0.85419837721921399  0.85909667856156635
  0.86333466033123440  0.86730637348462636  0.87098637416992586  0.87462111164638323
  0.87780316777878642  0.88068021971430677  0.88369934015951035  0.88701903385371150
  0.89043201610439771  0.89364147723542142  0.89669880526140844  0.89981396082733045
  0.90280227526101819  0.90569096014824724  0.90861433692168747  0.91152673975278120
  0.91459955426962192  0.91779187043792476  0.92084337779667735  0.92383375509570986
  0.92653864124029339  0.92899039331824373  0.93138936686910156  0.93366370553455147
  0.93670500522915623  0.94043679023519511  0.94417497581296828  0.94797482729537552
  0.95165409972453707  0.95534354853259207  0.95911025958904095  0.96297317478884459
  0.96776629395054770  0.97380419744278901  0.98382625236183618  1.00000000000000000
 -0.02656407056233239  0.13491353634436082  0.16940031719595228  0.19022846303693502
  0.20706261733903039  0.22164351168354662  0.23351718121695164  0.24345909041860772
  0.25260118467879672  0.26165738837610064  0.26992798180637956  0.27758976910795896
  0.28518098906839601  0.29214516416774516  0.29844604908667938  0.30501207406608549
  0.31071826272843844  0.31665570101121293  0.32299713273434577  0.32840512800858157
  0.33333003368455016  0.33801524027837898  0.34294017376317260  0.34839684490348533
  0.35442702668555998  0.36161467005591863  0.36878145478772090  0.37518371738368339
  0.38065625657365332  0.38567493237472128  0.39105887493820179  0.39664858915431100
  0.40238246294133745  0.40796297954230981  0.41391005064639569  0.42035054624262985
  0.42660089917391841  0.43243595007425190  0.43772734642858419  0.44221026202600072
  0.44731686861007347  0.45261245446013731  0.45885872184032955  0.46606902699727443
  0.47350501435790054  0.48031123625616584  0.48586560357644454  0.49035046357578388
  0.49461513811810059  0.49906486892275387  0.50372021192166527  0.50851064955350977
  0.51334693196781078  0.51820950069667249  0.52305253788612227  0.52860402516822991
  0.53503732377668622  0.54064069112311275  0.54629228255259366  0.55182080690136526
  0.55708526107310274  0.56162187367912508  0.56574075792853329  0.57028840445554485
  0.57598525736402839  0.58146242354566946  0.58586570421847783  0.59057789391040394
  0.59720048084401234  0.60311294425830353  0.60888350256403845  0.61471816268750412
  0.62061011929870780  0.62663317352838999  0.63267915358320537  0.63897702489576103
  0.64568094356847028  0.65402060779485771  0.66289581453633373  0.67316786344508461
  0.68271846015457816  0.69176190886602551  0.70069465191473990  0.71049694971829291
  0.72108796486085003  0.73153550713712590  0.74177709544521520  0.75146898596815703
  0.76239662391888141  0.77498666190333187  0.78917175913272719  0.80403358179377959
  0.82005453728632982  0.83813911992404277  0.86882155740785061  1.00000000000000000
   9.0494473534493732E-015  -1.0000000000000000     
 F F F F F F F F F F F F F F F F F F F F F F F F F F F F F F F F F F F F F F F F F F F F F F F F F F F F F F F F F F F F F F F F F F F F F F F F F F F F F F F F F F F F F F F F F F F F F F F F F F F F F F F F F F F F F F F F F F F F F F F F F F F F F F F F
  <DiscreteSampler_grid>
  grouped_processes
  1 # 1 for a reference and 2 for a running grid.
  10 # Attribute 'min_bin_probing_points' of the grid.
  1 # Attribute 'grid_mode' of the grid. 1=='default',2=='initialization'
  0.0000000000000000 # Attribute 'small_contrib_threshold' of the grid.
  0.5000000000000000 # Attribute 'damping_power' of the grid.
 # binID   n_entries weight   weight_sqr   abs_weight
    19   10   5.683940858141159E-004   1.340579545135282E-006   5.683940858141159E-004
    20   10   5.683940858141165E-004   1.340579545135282E-006   5.683940858141165E-004
    31   10   1.053172944914112E-003   4.021101363901719E-006   1.053172944914112E-003
    32   10   1.053172944914113E-003   4.021101363901721E-006   1.053172944914113E-003
  </DiscreteSampler_grid>
