  0.02472771860129817  0.03284445369329564  0.04199831531112467  0.05133454948885590
  0.06013774309896959  0.06935452425365533  0.07872389560522944  0.08749835280344602
  0.09672768439437689  0.10551673535756326  0.11478152291846591  0.12422551228496020
  0.13326729856832703  0.14191338485917704  0.15010083019572257  0.15825981026330124
  0.16669842489080389  0.17536924646632096  0.18381305312639795  0.19476369165255228
  0.20520375473028107  0.21618105463406712  0.22654621519117665  0.23756094144627748
  0.24900934818439688  0.25963488349503477  0.26993809604771252  0.28106779340651056
  0.29164871913293722  0.30193360892707566  0.31261857563790696  0.32332039361229375
  0.33430851738124084  0.34497254811610017  0.35533547697283152  0.36616566497956377
  0.37691810610549381  0.38853042612352456  0.39984771320631157  0.41153753993653197
  0.42259869221378382  0.43331354383311488  0.44322679687664385  0.45279194129816802
  0.46268371405256109  0.47268314638015890  0.48348393768439651  0.49406207255464069
  0.50520023396867597  0.51594880143960697  0.52655596506805069  0.53732115215021103
  0.54868428216145715  0.56086084401483527  0.57301433605783691  0.58420782501192881
  0.59406519500746979  0.60391991461395766  0.61421290642966953  0.62505425024042027
  0.63607897733426599  0.64714093575013498  0.65824210817456430  0.66893463517727680
  0.67932608067517775  0.68948848052452050  0.70052067875313351  0.71061226846051040
  0.72088510096198966  0.73097520222138768  0.74062456475188065  0.75187395342170160
  0.76306449222762507  0.77438518776805432  0.78518686640866642  0.79560821725741560
  0.80642639281822570  0.81588476500313833  0.82466577320990875  0.83334157660593478
  0.84186899612244048  0.85112763477249498  0.86062563601561515  0.87032827713277394
  0.87960709975525608  0.88904136186290861  0.89865341465125803  0.90864975226317035
  0.91896234542521282  0.92954725240159330  0.93963909505364707  0.94921339274626348
  0.95817122670756349  0.96634683436970659  0.97059579651350902  1.00000000000000000
  0.00931937666675962  0.01809492826182754  0.03008733239939303  0.04327356899638601
  0.05434395960192316  0.06468445127119463  0.07484922424260873  0.08540634445894237
  0.09624575445773410  0.10579454376607188  0.11442187605181002  0.12356642831265505
  0.13320313140399870  0.14243475430413910  0.15118310685391523  0.16037735171215370
  0.17050601258694395  0.18235956699300476  0.19259592617161575  0.20207080382038295
  0.21083485697546922  0.22014237160438344  0.22933181241149705  0.23984031055022850
  0.24962599847718439  0.26114091760307578  0.27333682820731875  0.28553714627790777
  0.29813478782851821  0.30962964377036445  0.32317227801152293  0.33524313877613121
  0.34671937680805337  0.35779362988122182  0.36818349584679333  0.37814056577078708
  0.38798946314511185  0.39825015505383393  0.40892141642011276  0.41918139218414269
  0.42884371913740976  0.43869035289323788  0.44955197832258059  0.46179708532077657
  0.47416980130913217  0.48684723937661034  0.49954816776513372  0.51224607852824411
  0.52445510969643505  0.53610211794447760  0.54722229353035934  0.55799491199735274
  0.56948182311143847  0.58086039812322587  0.59152082765441705  0.60138724869318438
  0.61089472334706085  0.62032156821609663  0.62963919999816875  0.63887091716075195
  0.64803354716140049  0.65784744992131861  0.66822703494689983  0.67916358156800505
  0.69078288546505995  0.70273266337146867  0.71281104880215596  0.72218592560506945
  0.73199594840811921  0.74225233509325927  0.75305060870076634  0.76280025529198037
  0.77231697809215050  0.78219093250046123  0.79204193853114535  0.80117678711355578
  0.81109904637450736  0.82124730974009796  0.83164717176906300  0.84159856334179073
  0.85126491012156247  0.86260457375641197  0.87422231691687291  0.88681351265689490
  0.89820114855686151  0.90876261547807169  0.91860167304240015  0.92790979610128821
  0.93654791473710230  0.94479324819724986  0.95289508627960240  0.96315334504058259
  0.97299112360232110  0.98265778225464162  0.99105746268202199  1.00000000000000000
 -0.00003203955324215  0.00037658967743389  0.00102352223729340  0.00199932185656643
  0.00321127266310899  0.00472393976069693  0.00652027925984699  0.00854329166322966
  0.01079817439371084  0.01329779523318199  0.01591150976605602  0.01916513079791092
  0.02262143357848576  0.02598737210445945  0.02942380788893351  0.03310995244381732
  0.03765400731764502  0.04255940054648329  0.04688101267112244  0.05106555821097195
  0.05537761724292110  0.05989989507459578  0.06465501465427893  0.06938598945182572
  0.07418942540496355  0.07910637052472319  0.08399178836509927  0.08902460164496721
  0.09451309635037668  0.10036774592901823  0.10666355295526103  0.11352815910093104
  0.12033114632911557  0.12716137933341420  0.13378192700718888  0.14028378223401738
  0.14672792771003793  0.15339061939653303  0.16029460803465850  0.16768523106358288
  0.17596408889786805  0.18485142552738165  0.19392297312110396  0.20305044030683780
  0.21263317189031192  0.22349888795443965  0.23448767907297927  0.24517590388043836
  0.25550373128425796  0.26552151385719930  0.27618305868862608  0.28756647602798163
  0.29913309592567139  0.31012581473974549  0.32234545678730481  0.33394909019028679
  0.34529613529745812  0.35676405692313229  0.36855922924173024  0.38095418606669929
  0.39307070380445924  0.40490125311658409  0.41660030350767141  0.42817220200166306
  0.43952134784170643  0.45081428319678224  0.46503757909426219  0.47972747244782465
  0.49462687025284841  0.50912894345850657  0.52246690608893187  0.53614162641974150
  0.54947009218553045  0.56330335839432066  0.57726823672693028  0.59179368716072323
  0.60728783543272591  0.62343786315044591  0.63944582024028895  0.65555775709518060
  0.67213187063163660  0.68909452469649057  0.70604262881411950  0.72230137043891529
  0.73892992589184392  0.75681306718537333  0.77579118619918119  0.79541381586207216
  0.81731206790258604  0.83955470033558088  0.86180760148894830  0.88456760344363272
  0.90924266958184441  0.93709710325586404  0.96744949125363489  1.00000000000000000
 -0.00225108472397629  0.01068585582315844  0.02008376724921241  0.02953623402812218
  0.03932430450416223  0.04994711245688827  0.06085697233585508  0.07210462583012499
  0.08300694972024461  0.09322154874260244  0.10332965002566241  0.11318661598654206
  0.12296798623118045  0.13272503398402688  0.14283267841769878  0.15416492616686536
  0.16668900173670342  0.17942601934766936  0.19131546103081060  0.20271271182065279
  0.21429263070025220  0.22603744044599022  0.23755133442897866  0.24844366448076566
  0.25888267266824710  0.26971671280271059  0.28043396566903689  0.29191187594533280
  0.30243913201539069  0.31347925082144690  0.32444085756523833  0.33514994806505244
  0.34472473218774075  0.35501902178300709  0.36449657103943628  0.37369253472360969
  0.38255204559616679  0.39172180907583654  0.40210517223244641  0.41175413193428850
  0.42192625102998893  0.43248653332467257  0.44278175790236973  0.45296517740808212
  0.46284741373393312  0.47355582999277790  0.48487995966305886  0.49574067501121166
  0.50636855816027571  0.51690752299179310  0.52723225977037136  0.53699896526242219
  0.54675356913669226  0.55688044323314079  0.56837682275855084  0.58036198249543569
  0.59179586967820430  0.60221223787999367  0.61219914810300158  0.62213772134970391
  0.63239584879080313  0.64342901758557258  0.65474229448991483  0.66707947756525077
  0.67856489934504749  0.68966837390094127  0.70007308721150197  0.71058478725803909
  0.72189809673224525  0.73300185850164989  0.74390649157811106  0.75569404392794814
  0.76754418439431726  0.77830015000141717  0.78821626758687602  0.79779912794985386
  0.80763844154656850  0.81767282221239346  0.82809623355180739  0.83979469773167059
  0.85202185902040806  0.86391591573829762  0.87531905693538581  0.88679928626264370
  0.89833032969357585  0.90999804245378657  0.92089532545730601  0.93145091995120288
  0.94090488178353138  0.94994358696453307  0.95816964638668123  0.96638750071941060
  0.97442338113895655  0.98307192246951491  0.99171125925072900  1.00000000000000000
 -0.00196496510130352  0.01025459560337095  0.02038194827321720  0.03041923039677675
  0.04035530232678465  0.04995586591135745  0.05975521797256514  0.06925997348055120
  0.07855396182409025  0.08778254136156668  0.09715795287650301  0.10676808844787943
  0.11669331584047296  0.12656513925891738  0.13680431560906922  0.14773811728033739
  0.15878199458123404  0.16887026043451431  0.17798337695530758  0.18677111626751436
  0.19578913578929222  0.20489343411148506  0.21453721237613932  0.22515592433248938
  0.23637623150567894  0.24835570906160154  0.26086145816138467  0.27270069583615753
  0.28270057804583915  0.29213736087329967  0.30104404272526814  0.30925387222226930
  0.31742063437630719  0.32564228846013521  0.33444763488429557  0.34395696962061306
  0.35421184905298486  0.36491136286624815  0.37691261927263625  0.38867017946876797
  0.39950157395140007  0.41142274672185253  0.42208652238543715  0.43388635474500364
  0.44577027002035713  0.45715016233482753  0.46762243807895643  0.47825517669821199
  0.48783229101738590  0.49719982792481776  0.50674487849210970  0.51717082547597282
  0.52822692847341535  0.53965573162542702  0.55016092687491025  0.56042015838621828
  0.57087021250285852  0.58133776915443403  0.59192272838081528  0.60275949302374288
  0.61362848854246654  0.62397246539949558  0.63353993446089862  0.64352765951059687
  0.65301346634264812  0.66251063011953071  0.67199338522580010  0.68229671416253324
  0.69270064042345203  0.70288419246131240  0.71295168060346792  0.72309507410104235
  0.73357914024113302  0.74426589787300756  0.75458744413541057  0.76409573291379140
  0.77314688352475847  0.78237644892529223  0.79203163476935246  0.80259518319092038
  0.81473734474254966  0.82837768204924822  0.84217767335110205  0.85669954821830951
  0.87237596669052087  0.88666185619773330  0.89937980000605922  0.91077664121078084
  0.92197774837048563  0.93338141521221474  0.94502353671082473  0.95714642359904356
  0.96719639857228978  0.97854460338059335  0.98952602122333866  1.00000000000000000
 -0.00269213436721916  0.01109938557836735  0.02296928658353099  0.03467893826184227
  0.04751214800775951  0.06050109283546800  0.07337927379590045  0.08441091502439890
  0.09362377059335182  0.10271931333604742  0.11194751443683476  0.12139698494051182
  0.13132230323503333  0.14157778090053677  0.15305258050681578  0.16472662903519256
  0.17655224006021300  0.18851472225946936  0.20172807169104645  0.21452690513240436
  0.22656182887886039  0.23784222843912695  0.24902293789130356  0.26016010323817151
  0.27055024065282535  0.28079367544156053  0.29063579531788525  0.29952083419297931
  0.30837599647815050  0.31764907862465636  0.32755206710712292  0.33736752535489140
  0.34687202705689407  0.35712547483968710  0.36970596528395977  0.38116999398907064
  0.39231407968449972  0.40344466726765144  0.41503096574369813  0.42693271299158836
  0.43887996955007724  0.45004433620746614  0.46052864414197647  0.47069502006481900
  0.48070202824964392  0.49090605599190468  0.50089460652751827  0.51121440860514888
  0.52238506319908440  0.53352239051101003  0.54394986519832322  0.55466935216348334
  0.56518163337410143  0.57630781446145685  0.58693065831405755  0.59785182313189300
  0.60905787726570959  0.62040467210134720  0.63137155033956793  0.64222629592874414
  0.65312570967332628  0.66329071856006772  0.67292925399078940  0.68244287751934940
  0.69227377691566228  0.70351690100260633  0.71426938117089112  0.72486199616094116
  0.73527956565716457  0.74494997038018951  0.75373621271925118  0.76233629390197133
  0.77113132521567773  0.77955888132060736  0.78781194624247608  0.79690490378562195
  0.80609476205285746  0.81656054345956064  0.82872109946155725  0.84037861909007550
  0.85195059044987609  0.86279437856525876  0.87347524804676080  0.88403977513692211
  0.89433757748821674  0.90374852846937292  0.91242791944138268  0.92169260935743769
  0.93088584883375314  0.94037744503945753  0.94993106119687831  0.95992482104601728
  0.96975089284817206  0.97971384429639330  0.98951329671725141  1.00000000000000000
 -0.00084131275206272  0.00326432057968327  0.00824314747264581  0.01277169532059796
  0.01793580837473395  0.02352771633404824  0.02938480504643153  0.03482926645018863
  0.04054868400765069  0.04634979736652334  0.05243132441494137  0.05823375962890523
  0.06386234745482706  0.06972109414367766  0.07587678857998990  0.08199160838918930
  0.08748198851404744  0.09257774080669816  0.09767688660280205  0.10297029959119514
  0.10847159704448862  0.11401348548872915  0.11932277157119923  0.12422800437613633
  0.12934322982158475  0.13461352827393333  0.14013891472302958  0.14581949648001227
  0.15157207371790268  0.15756227439873044  0.16369644218792553  0.16983277357566806
  0.17590706725470026  0.18177027733669496  0.18755094162287358  0.19315023581938146
  0.19850398482511120  0.20349180577398807  0.20861298037594164  0.21423547400409379
  0.22023237002390966  0.22632891260652721  0.23211809000996145  0.23734838887613588
  0.24271430892657858  0.24770335731947740  0.25312290668029519  0.25867401153357222
  0.26422799977444467  0.26938430390256862  0.27462033880591263  0.27992303042567152
  0.28537096126430123  0.29067258680476799  0.29660421600515130  0.30300032906846458
  0.30965649687376046  0.31584647754993200  0.32162051902607219  0.32742836539371933
  0.33326444316200826  0.33910337515763078  0.34501164765870074  0.35100884703210772
  0.35725575302602830  0.36334339747065508  0.36965693612117428  0.37603268306138554
  0.38379591814166991  0.39119642364138740  0.39899332376081070  0.40756550673636044
  0.41671362102209564  0.42590760452127158  0.43457714223569144  0.44319645519838835
  0.45267536727103369  0.46338033113175564  0.47427985108590304  0.48514772441950982
  0.49532741426339272  0.50529453173286432  0.51565079689394178  0.52708116514927295
  0.54018214487336935  0.55403816575288189  0.56926359384392655  0.58659506380831672
  0.60713320839829121  0.62776646809403325  0.64938687701454634  0.67662420083509656
  0.70887337742662826  0.75254432845339547  0.82718800757480859  1.00000000000000000
 -0.00171723326426524  0.00793368916838263  0.01691933480375636  0.02590673518256623
  0.03435587728987908  0.04481522940467366  0.05545904484577055  0.06672241890985606
  0.07689096812049680  0.08735245305471660  0.09804171834865820  0.10874583178204072
  0.12081515860006779  0.13252154216005743  0.14365412835397223  0.15450104224751229
  0.16538531940657797  0.17711439826658867  0.18879524777282469  0.19927290949848570
  0.20970301898815313  0.22002258798334709  0.23006666176846441  0.23971270401868350
  0.24935731808449474  0.26068031849886120  0.27248706312063031  0.28440164138944440
  0.29509104474573122  0.30460497446129947  0.31415739387601072  0.32339059493038919
  0.33276639103867456  0.34195103698996893  0.35105702011046558  0.36049859717785693
  0.37109802171059270  0.38209002918653739  0.39363467197125285  0.40574531786007656
  0.41749568730919079  0.42786459843545421  0.43724137543704578  0.44632737872976497
  0.45630826603992575  0.46701390925428543  0.47630098983547492  0.48504220272065368
  0.49428343542240710  0.50480232281041670  0.51667434433566584  0.52791188780573606
  0.53853406221243449  0.54857689547515098  0.55915136606578397  0.57001894779266893
  0.58106191736205082  0.59197730559130179  0.60285195292319715  0.61463425337687749
  0.62736947213540584  0.63896234521955475  0.64981863874092227  0.66151703163610298
  0.67256650782525262  0.68468359737960893  0.69530503701759372  0.70503518946153676
  0.71496220674050914  0.72480652463833806  0.73497599319434403  0.74452015578286501
  0.75606332293212986  0.76877211108475307  0.78162100016525171  0.79301060245203203
  0.80406424838963475  0.81361857592499554  0.82351949725377083  0.83357330885649794
  0.84503292554644116  0.85557399219651165  0.86526302357301887  0.87460774323560952
  0.88438478859976422  0.89437446466076143  0.90453028466096841  0.91469351653384656
  0.92587830544144201  0.93631648577963977  0.94670697248872404  0.95678438995484383
  0.96813686024804890  0.97951445544264915  0.98983284973327890  1.00000000000000000
  0.06471995176512779  0.10779453883197677  0.14262719473501484  0.16667792651510099
  0.18838008514648039  0.20592730102754669  0.22189257573432500  0.23763116805322931
  0.25256900738234178  0.26779099055160233  0.28144779458468039  0.29474894099201293
  0.30726775790431266  0.32029273547201276  0.33364354200576185  0.34716485424372562
  0.35989574242721123  0.37268556690555088  0.38359015126809620  0.39398414656876679
  0.40380338398086946  0.41398043639353788  0.42489379992910281  0.43517507595866572
  0.44510628702655941  0.45483075191231898  0.46401051955653361  0.47279822458279319
  0.48144788802430782  0.49015147940135739  0.49929822287158743  0.50905128957472856
  0.51896056460802309  0.52873135647753988  0.53851150707688022  0.54814675169195315
  0.55720029839486573  0.56536119612791247  0.57308264054009483  0.58105588989415324
  0.58958648560157667  0.59794001961519849  0.60599876562708332  0.61362953020304078
  0.62045913886431103  0.62666963284096899  0.63252352687170477  0.63839116040897403
  0.64471467130632309  0.65167045427981740  0.65853688328609350  0.66507739767044027
  0.67185365055737178  0.67847781042700650  0.68515797860423855  0.69218022777632726
  0.69958277729644669  0.70754411267816719  0.71512270278060985  0.72210351766727154
  0.72933252474234711  0.73650452708682879  0.74329087283219475  0.74923467270353605
  0.75500054880200251  0.76088637411522064  0.76705713444810031  0.77373376607849698
  0.78070536647156330  0.78728622532014780  0.79345964475976671  0.79987124221692674
  0.80625202037895205  0.81272396891439236  0.81949553267173103  0.82658041973716234
  0.83334527784214307  0.83991274759339485  0.84640498454891566  0.85262234793913205
  0.85833308151967402  0.86366952986069156  0.86903336154134381  0.87474533865136261
  0.88096009983218182  0.88750098744118466  0.89416473784203698  0.90109483293195802
  0.90839094613007021  0.91659241496937149  0.92586484297114102  0.93524708809214507
  0.94470138437772988  0.95585559897543704  0.97275805769258561  1.00000000000000000
 -0.02099041241149242  0.12106076707447749  0.15759126905884144  0.18307464026217840
  0.20378076478449406  0.22079793684766141  0.23594463895756107  0.25037559184815900
  0.26474008947701261  0.27909998325812402  0.29231998440473078  0.30388348823056976
  0.31484002596575300  0.32504579984271820  0.33490664059911163  0.34331748352180036
  0.35140520032374162  0.35971075066587938  0.36848747449348151  0.37756539889052099
  0.38658963113577743  0.39534761201257351  0.40344141627691743  0.41145370469501164
  0.41939970292068912  0.42711235767742739  0.43431508699560906  0.44122474453586186
  0.44798914700797798  0.45469213269546066  0.46160920716000153  0.46832643962476850
  0.47534286469838488  0.48123978551893465  0.48724419451851975  0.49307959597955087
  0.49907920434617131  0.50569430519558090  0.51272115318930500  0.51945375648614389
  0.52596999118569510  0.53196666816507066  0.53805739830192667  0.54365835256789785
  0.54942473639159017  0.55540819234068972  0.56187896665852799  0.56789677349994983
  0.57332342233858880  0.57818794797358664  0.58295093021609690  0.58836010805673011
  0.59411705942640947  0.60011484591895037  0.60683534072673317  0.61388522780071719
  0.62029467285234985  0.62682954740730157  0.63338545714454342  0.63990975192263155
  0.64676329677467115  0.65375596057579044  0.66057783843282702  0.66727410979330382
  0.67398556701530288  0.68096568116526623  0.68776418836924680  0.69441220872219123
  0.70122819205077047  0.70807270686855694  0.71449115155955512  0.72057797156460623
  0.72662818041809407  0.73216836151588982  0.73776015573979736  0.74352727933574214
  0.75015491011993807  0.75721023400475318  0.76387500339560876  0.76993866128952160
  0.77596098696660754  0.78195115370600932  0.78832868962069869  0.79511019895832635
  0.80256691402620628  0.81048727262587372  0.81947375930756117  0.82947461554784119
  0.84020613727182325  0.85123651834310776  0.86268314708544414  0.87496747487200743
  0.89068354493004953  0.90964456191493004  0.93624164200522442  1.00000000000000000
   3.2285289723871480E-010  -1.0000000000000000     
 F F F F F F F F F F F F F F F F F F F F F F F F F F F F F F F F F F F F F F F F F F F F F F F F F F F F F F F F F F F F F F F F F F F F F F F F F F F F F F F F F F F F F F F F F F F F F F F F F F F F F F F F F F F F F F F F F F F F F F F F F F F F F F F F
  <DiscreteSampler_grid>
  grouped_processes
  1 # 1 for a reference and 2 for a running grid.
  10 # Attribute 'min_bin_probing_points' of the grid.
  1 # Attribute 'grid_mode' of the grid. 1=='default',2=='initialization'
  0.0000000000000000 # Attribute 'small_contrib_threshold' of the grid.
  0.5000000000000000 # Attribute 'damping_power' of the grid.
 # binID   n_entries weight   weight_sqr   abs_weight
    34   10   4.998741846062101E+000   1.344560215581911E+002   4.998741846062101E+000
    35   10   4.998741846062076E+000   1.344560215581897E+002   4.998741846062076E+000
    37   10   3.084662677688997E+002   3.975053725951943E+005   3.084662677688997E+002
    38   10   3.084662677688997E+002   3.975053725951953E+005   3.084662677688997E+002
    40   10   3.084662677688995E+002   3.975053725951939E+005   3.084662677688995E+002
    41   10   3.084662677688996E+002   3.975053725951952E+005   3.084662677688996E+002
    43   10   1.449556560864219E+003   1.146999977454513E+007   1.449556560864219E+003
    44   10   1.449556560864212E+003   1.146999977454500E+007   1.449556560864212E+003
  </DiscreteSampler_grid>
