  0.00000046334812927  0.00000157151234245  0.00000236053216917  0.00000321004477334
  0.00000421835148768  0.00000558251512961  0.00000705514239285  0.00000855952571452
  0.00001012471449604  0.00001205508565091  0.00001417022844110  0.00001657824111112
  0.00001920048221905  0.00002202441365247  0.00002481793399451  0.00002763462790574
  0.00003015928391049  0.00003268747083595  0.00003467778147087  0.00003611672311430
  0.00003739741228106  0.00003857393475102  0.00003969833494433  0.00004065036730766
  0.00004145410840034  0.00004223552928164  0.00004295439473411  0.00004357264290972
  0.00004411379426733  0.00004458367519352  0.00004503008884878  0.00004545414005207
  0.00004585390359050  0.00004623313450963  0.00004660240869922  0.00004688065860293
  0.00004710532944629  0.00004729801369122  0.00004747777208940  0.00004764810483073
  0.00004781231250273  0.00004796818790690  0.00004812056097355  0.00004826649574260
  0.00004839550277615  0.00004851267394435  0.00004862586629018  0.00004873379594588
  0.00004884079212273  0.00004894101268812  0.00004904123325350  0.00004915432649014
  0.00004927164115128  0.00004939384123862  0.00004951784773047  0.00004964612707078
  0.00004977536838002  0.00004992933355770  0.00005008382726976  0.00005023843228879
  0.00005039570276331  0.00005055905493398  0.00005072576822894  0.00005089531376681
  0.00005110781419634  0.00005133786359034  0.00005157674878223  0.00005185695152972
  0.00005219493988639  0.00005258546406921  0.00005300055577484  0.00005345637280724
  0.00005396592114733  0.00005454398715829  0.00005520984791927  0.00005596339357182
  0.00005681913599197  0.00005790483897315  0.00005935357511588  0.00006101492431002
  0.00006296552952487  0.00006521258713126  0.00006774988722583  0.00007304487741614
  0.00007979361817162  0.00008998863206732  0.00010487511981214  0.00012646120049577
  0.00015980164852751  0.00020831807759387  0.00029286556328057  0.00040402826407461
  0.00057110160787511  0.00131919851549465  0.08600754574472158  1.00000000000000000
  0.00000214091257414  0.00000900285946457  0.00001255159663494  0.00001613417534404
  0.00001929984876183  0.00002195859360331  0.00002448966335289  0.00002707679780881
  0.00002947698224615  0.00003205200063652  0.00003493973573265  0.00003800781221784
  0.00004081359426328  0.00004340556679073  0.00004582955020157  0.00004822515043678
  0.00005072026682464  0.00005331632124523  0.00005595832044523  0.00005860000372858
  0.00006124409888565  0.00006396764576958  0.00006699979231133  0.00006965867434090
  0.00007286313890081  0.00007601428186097  0.00007903102739194  0.00008213253863412
  0.00008546940748433  0.00008915435175557  0.00009302919509027  0.00009671562061849
  0.00010029458188909  0.00010454599111058  0.00010933176385285  0.00011398524499038
  0.00011838086687082  0.00012234535540869  0.00012590030864184  0.00012926295689620
  0.00013390400723834  0.00013908768298735  0.00014468472040714  0.00015007520535740
  0.00015559303415238  0.00016115821342070  0.00016676962569741  0.00017215033227460
  0.00017761839762279  0.00018269672899921  0.00018829991153366  0.00019458522288776
  0.00020097808338544  0.00020754058973450  0.00021435472587063  0.00022173572030578
  0.00022958106295750  0.00023720357973279  0.00024523039292762  0.00025402836484594
  0.00026125798910005  0.00026858404018679  0.00027629631653589  0.00028436805685881
  0.00029140993561139  0.00029874912683538  0.00030591767920230  0.00031341435589433
  0.00032807050678556  0.00034204370731744  0.00035312712019043  0.00036578232456498
  0.00038089142212941  0.00039556201803646  0.00041234312377030  0.00043445184104974
  0.00045770941744860  0.00048573281710780  0.00051396761592358  0.00053954729121704
  0.00056366382584205  0.00058934283710625  0.00060912143285715  0.00062867175882849
  0.00065176213223244  0.00069035147938895  0.00074755582005085  0.00079337148934770
  0.00083652264477009  0.00088381627349011  0.00096099245053289  0.00106681278226951
  0.00117341251119264  0.00129118602557084  0.06999832886664072  1.00000000000000000
 -0.00128505366804045  0.00823466073029473  0.01525961842452900  0.02227182802800688
  0.03003599682594270  0.03933276949163064  0.04779308353777038  0.05689653635141347
  0.06662222063744482  0.07846201534469080  0.08895216071691242  0.09729895113839296
  0.10467926797592796  0.11225298231816644  0.12062891313245096  0.12937273176310032
  0.13962248593386165  0.15076912902743497  0.16070591970664749  0.16861125054755077
  0.17667577384424546  0.18531852878650540  0.19625721426570039  0.21118102759016114
  0.22603981240791954  0.23836652268392114  0.25182669662973522  0.26416563716164970
  0.27587253974708720  0.28789638490841535  0.29861800191109117  0.30827946805645617
  0.31825752012210112  0.33002531292236420  0.34114955901994648  0.35265901538096794
  0.36578105591573823  0.37662209241937222  0.38575351214869680  0.39436764723986789
  0.40276155616091369  0.41085824041845004  0.41831413914675136  0.42511541459412100
  0.43190313703501559  0.43887926919013276  0.44854001038330271  0.45820310486345128
  0.46846915069108142  0.48046328060783161  0.49209631998721781  0.50284745129674258
  0.51257405760698072  0.52270632686671537  0.53299734124117704  0.54793819781555209
  0.56343103792099913  0.57231719347308352  0.58141021930506087  0.59140302742373829
  0.60196551173528823  0.61136135033419647  0.62114773141677249  0.63288107249570935
  0.64240243153175081  0.65147334451047123  0.66061947321015591  0.67017473317904586
  0.68006075171564395  0.68887227308646126  0.69761048657835256  0.70701593922711137
  0.71853163364867112  0.72939056395040003  0.74006966481941372  0.75112203994813997
  0.76495061640589757  0.77945550801889552  0.79425864547533243  0.80770399551245664
  0.81977528886733120  0.82946175006383593  0.83937191174107817  0.84936293735901791
  0.85931715069106274  0.86965765652634319  0.88110849622983611  0.89488836567983410
  0.90896075608037818  0.92391452145750208  0.93759981886408328  0.95072915266745406
  0.96240774946010843  0.97439988156409452  0.98693598081680645  1.00000000000000000
 -0.00317339643268574  0.01182026537402342  0.02330067361549767  0.03242733499022866
  0.04072214029795941  0.04920897648019112  0.05749590014482514  0.06782566219207899
  0.07649675140345764  0.08610190762583499  0.09750042549570299  0.10910854332789469
  0.12144002579113065  0.13431774419869258  0.14734998610156461  0.16074482956315622
  0.17326614565005105  0.18456925593057277  0.19588171845590041  0.20542754093962071
  0.21474337871592125  0.22328192319864745  0.23380073163946694  0.24462830140617309
  0.25470006465151329  0.26483440530607655  0.27524355141975582  0.28539568969129986
  0.29628013260605746  0.30757952365113056  0.31879446477269868  0.32928310652734871
  0.33768544558468649  0.34588886463076962  0.35343781595540141  0.36196431898537751
  0.37149448269597424  0.38192117214580362  0.39274574900111703  0.40407213219152183
  0.41577167580741653  0.42793860858586508  0.44113648100522351  0.45655107898712644
  0.47171056269886991  0.48598362818249896  0.49933496265477662  0.51049712322898466
  0.52181920653068281  0.53119955557722043  0.54131476656407207  0.55049513822677421
  0.55802077284063545  0.56717042946057716  0.57673391492861237  0.58648578912220584
  0.59710609532000070  0.60859136669171254  0.61999067450591261  0.63102438231976976
  0.64293063497322445  0.65440768191622911  0.66607228406687213  0.67885238940205661
  0.69261912256317060  0.70513747414973105  0.71534397353257517  0.72569532873502207
  0.73678194490250570  0.74950359555731783  0.76157538828735050  0.77189032796612966
  0.78197439617741704  0.79283394129559626  0.80348796107866227  0.81251708654449273
  0.82153606576347449  0.83094711718162062  0.84225983708439389  0.85530021233206377
  0.86638721587816825  0.87649864533361610  0.88755342029626438  0.89845261073250404
  0.90603036924200131  0.91449235942992058  0.92205288511020156  0.92973377651635525
  0.93820439532346689  0.94661437048566821  0.95386291502005216  0.96105472714223128
  0.97067925685780998  0.98005524851754033  0.98978155221825193  1.00000000000000000
 -0.00222387331119247  0.00925661874017172  0.02109666729535419  0.03192834378081634
  0.04230059138084049  0.05219263975956855  0.06161729553151338  0.07264934424149375
  0.08539004178048856  0.09752871202669879  0.10804710303185405  0.11700314286788224
  0.12585418708839261  0.13612640407159785  0.14665343613648629  0.15704569432824972
  0.16936547983271064  0.18352130021330243  0.19754306196066487  0.20997952004803228
  0.22114881937565808  0.23284954804443803  0.24620779460834602  0.25862581567883347
  0.26964929972194646  0.28082421966700688  0.29044256286256454  0.30074293884065462
  0.31186643354117266  0.32347720331185364  0.33385175397224159  0.34421824495301107
  0.35285585565403510  0.36063948734251444  0.36996540313900456  0.37962051941067804
  0.38978682976537538  0.40102692540863616  0.41147665579285975  0.42330731496972890
  0.43559285649238705  0.44663654770083866  0.45766481513868973  0.46847891848847972
  0.48019380099117026  0.49183763288894511  0.50273346589531143  0.51344689066836890
  0.52463777379434395  0.53609270992366964  0.54661624311591162  0.55585321126730569
  0.56465425324000851  0.57297411404744303  0.58230072928532606  0.59266447447525805
  0.60286434813337664  0.61067764748290976  0.61825586437581970  0.62680714885217048
  0.63500311981379565  0.64228958431909688  0.65018787970519765  0.65890836437739697
  0.66748485171643346  0.67690176966293536  0.68641310982298442  0.69590859454641030
  0.70565615904417001  0.71617940688096315  0.72722590186960112  0.73785607550303101
  0.74814657646312177  0.75942491766038300  0.77096935414947942  0.78362743958228243
  0.79800192003341386  0.81037817798325040  0.81983630913380001  0.82789529125610983
  0.83572916267796682  0.84245016117555327  0.85370287721983951  0.86659490558431407
  0.88155944159719224  0.89516931325127924  0.90680274651393278  0.91729539164429330
  0.92785997760357031  0.93828247607099102  0.94918162601192257  0.96025647936217318
  0.97102280062496305  0.98092843093081306  0.99072351441396866  1.00000000000000000
  0.07286309478843647  0.15591639654690914  0.22917262271417960  0.28494458488005953
  0.32947142352801306  0.36741303997177993  0.39781486462244148  0.41418697574554808
  0.42484148866696242  0.43232013172671419  0.43908341404279511  0.44525419983091952
  0.45235154518944420  0.45995579267011250  0.46767812252754970  0.47516578561702622
  0.48187076888103975  0.48811983835836997  0.49426648247797400  0.50054804509737405
  0.50642121406417884  0.51176980979529052  0.51755929358343034  0.52270334562849041
  0.52813993565161610  0.53326814106726805  0.53832363365079672  0.54429435047133012
  0.55099373875302993  0.55810033482230359  0.56401030211616610  0.56943472443840182
  0.57462736519588964  0.57974716687904138  0.58575696860550053  0.59094409749054078
  0.59655718710585459  0.60111034114570294  0.60513707610491452  0.60918239571703681
  0.61314174966553525  0.61785151556848439  0.62370111054679245  0.63063099447416682
  0.63841818476066448  0.64548616021537475  0.65119653484087547  0.65587722535941440
  0.66042022429323155  0.66526651966909112  0.67008514827052568  0.67419240360171828
  0.67791429269964198  0.68142026964719149  0.68509390606978871  0.68874928732164242
  0.69225772232177585  0.69584994050116278  0.69978183776170377  0.70413748770169204
  0.70906631366387729  0.71451179592706215  0.71993676281492258  0.72551564198121588
  0.73099764022402325  0.73627985966059883  0.74143577968154128  0.74640082433278754
  0.75140751741837131  0.75680982966842858  0.76254117371898744  0.76818151217246433
  0.77381609229432036  0.77947798716459660  0.78483761161483956  0.78990638888187426
  0.79518960888666623  0.80098406182788928  0.80666298360801392  0.81279119050228921
  0.81937899383284318  0.82630530477228725  0.83324374288912795  0.84007863723566978
  0.84720190902683190  0.85487625795609867  0.86249553374999444  0.86902176881800697
  0.87488699364792810  0.88055601113772686  0.88766130570674062  0.89654028725551671
  0.90775791361220859  0.92736951409191870  0.95665552662853004  1.00000000000000000
 -0.01742717219633992  0.10049600455647020  0.12916055664935974  0.14943035433336707
  0.16819645776146341  0.18597450033662630  0.19871193319288105  0.20975006017158560
  0.21737313984775705  0.22411459120855926  0.23103300566255294  0.23895474392612623
  0.24631412133701605  0.25467580329699691  0.26428395151965706  0.27417911933342770
  0.28403383624113759  0.29441460872521541  0.30507630642222855  0.31529028501166678
  0.32473004183657334  0.33300461956533950  0.33936226625323335  0.34439346886363353
  0.34956118486444160  0.35514508755942320  0.36274065847309517  0.37124166192179309
  0.37790245119723548  0.38362606987130288  0.38904124522363598  0.39507141580241317
  0.40185227331058526  0.40811418960494794  0.41376409463161895  0.41876710411571000
  0.42382148556934418  0.42901766843856270  0.43446621595000839  0.44036923950066192
  0.44627590592398209  0.45211166282382576  0.45797103923794658  0.46428241259276892
  0.47175936029416038  0.47972944655575023  0.48741364204339582  0.49456499020959627
  0.50153092329384485  0.50760178072830076  0.51363943835187176  0.52003063401822447
  0.52581199499672382  0.53181096814340945  0.53874089194536146  0.54509511957974932
  0.55168198246437938  0.55934910136312110  0.56602989161405015  0.57232074220544227
  0.57914897957117140  0.58646357529130189  0.59374895511666292  0.60049994677281449
  0.60720880170446601  0.61379108010029348  0.62243899804619618  0.62967687068444544
  0.63679812751184517  0.64331475328478538  0.64996801783531921  0.65679402871458692
  0.66335531642313106  0.67009608981459368  0.67729965542971071  0.68487411152619138
  0.69244396823395249  0.69967647232186614  0.70641571246498458  0.71310261589216928
  0.71985493597459616  0.72676816696731317  0.73468433009360279  0.74292872787500541
  0.75235590099744065  0.76201982047729644  0.77117793910634136  0.78027529402870954
  0.79100410674393440  0.80178849480008940  0.81207328831473735  0.82199937543455992
  0.83528812150024256  0.85275803539486261  0.88374689730583056  1.00000000000000000
   2.3204302647364899E-008  -1.0000000000000000     
 F F F F F F F F F F F F F F F F F F F F F F F F F F F F F F F F
  <DiscreteSampler_grid>
  grouped_processes
  1 # 1 for a reference and 2 for a running grid.
  10 # Attribute 'min_bin_probing_points' of the grid.
  1 # Attribute 'grid_mode' of the grid. 1=='default',2=='initialization'
  0.0000000000000000 # Attribute 'small_contrib_threshold' of the grid.
  0.5000000000000000 # Attribute 'damping_power' of the grid.
 # binID   n_entries weight   weight_sqr   abs_weight
    22   10   4.867969227802870E+001   1.992947341024200E+004   4.867969227802870E+001
    23   10   4.867969227802867E+001   1.992947341024198E+004   4.867969227802867E+001
    25   10   6.092315641942237E+001   2.010388899123134E+004   6.092315641942237E+001
    26   10   6.092315641942232E+001   2.010388899123130E+004   6.092315641942232E+001
    28   10   5.185071612840433E+001   2.286061344649000E+004   5.185071612840433E+001
    29   10   5.185071612840426E+001   2.286061344648993E+004   5.185071612840426E+001
  </DiscreteSampler_grid>
