  0.00983646617931352  0.01538931793550199  0.02323454833097517  0.03240575277205729
  0.04223232303693249  0.05182344703350716  0.06087922968106897  0.06979478672578394
  0.07898083192975444  0.08872287003592430  0.09940538995247578  0.11081933078519225
  0.12292086588432130  0.13547718312086923  0.14705619535151451  0.15762095336195689
  0.16796181476167715  0.17861013189221989  0.18998217979163531  0.20192027081786312
  0.21450666769056270  0.22748965611039032  0.23889569373313149  0.25134810670161950
  0.26382183992086877  0.27490555801325495  0.28404350395800471  0.29301679712341266
  0.30224209368754373  0.31045830961768356  0.31868322899546553  0.32664404326004448
  0.33717982112497635  0.35347266571352104  0.36825528849557865  0.38118429588887165
  0.39273974900388248  0.40453469182461810  0.41647769003279517  0.42782461732056565
  0.43840232773776777  0.44897084473851451  0.45984236755842506  0.47022493236139024
  0.47983894807705474  0.48958797783516289  0.49818807351564587  0.50762629584513552
  0.51680501934888878  0.52698695052430677  0.53741951713465175  0.54922282339964534
  0.56005481088021658  0.57062900984342368  0.58197692196889850  0.59409520471931110
  0.60550583910787681  0.61647430703455186  0.62781578073323574  0.63891645400793351
  0.64983459779324371  0.66117390148175148  0.67236723022550104  0.68344702293505988
  0.69363332263536026  0.70305740160861285  0.71331870494804617  0.72234362559628740
  0.73127724167926145  0.74040216986005702  0.74884744325962171  0.75714262299353363
  0.76556084110574996  0.77464191460769505  0.78381107128115435  0.79277882063241178
  0.80113973100958269  0.81028015297786371  0.82055293476127855  0.83143370212500833
  0.84104865542366036  0.84779266376534679  0.85452448737167574  0.86125876400644408
  0.86883340146655930  0.87927668615359822  0.88968997127763572  0.90023411653925056
  0.91051530439200545  0.92145901941217279  0.93325868310943760  0.94581578117250376
  0.95846312427040470  0.97155351167992110  0.98510989942796812  1.00000000000000000
  0.00000291237085807  0.00000296625801508  0.00000306938447209  0.00000316598111844
  0.00000327015796864  0.00000339660322970  0.00000353395468565  0.00000370583751311
  0.00000391796759597  0.00000414700635951  0.00000438107689450  0.00000463962041614
  0.00000491372427317  0.00000518187583513  0.00000549002155846  0.00000579256479639
  0.00000609431372635  0.00000645330295629  0.00000682087819068  0.00000719538868908
  0.00000764690932314  0.00000815872842707  0.00000870711343358  0.00000931511647635
  0.00000993501332704  0.00001055223209911  0.00001122345474862  0.00001196075002533
  0.00001272526769591  0.00001358179025910  0.00001433845041228  0.00001507882831614
  0.00001575149660371  0.00001643355612960  0.00001717240000712  0.00001798180256902
  0.00001888070435304  0.00001985761759582  0.00002087976097629  0.00002185723635011
  0.00002293649985317  0.00002418913796687  0.00002547560839168  0.00002674863285360
  0.00002797495693235  0.00002909387267860  0.00003027598861530  0.00003154351480230
  0.00003297181451190  0.00003454856274867  0.00003638583237571  0.00003842612169264
  0.00004042857545719  0.00004246332784581  0.00004472389251810  0.00004723210935084
  0.00005000900569044  0.00005302957630487  0.00005616173376612  0.00005908946438731
  0.00006192680582374  0.00006476082819470  0.00006763592512076  0.00007094911964364
  0.00007434254633545  0.00007796578506546  0.00008227797411209  0.00008666004019585
  0.00009155990581248  0.00009663025996560  0.00010185462643448  0.00010788516493346
  0.00011425525124608  0.00012098953334043  0.00012841862186794  0.00013666108070565
  0.00014654490618284  0.00015874671277157  0.00017213960146863  0.00018782851991617
  0.00020457126690863  0.00022157880590100  0.00024110008497275  0.00026274726673416
  0.00028610926429500  0.00031256892559195  0.00035070135192989  0.00040444387744149
  0.00047445159989056  0.00056237121567355  0.00065395684850732  0.00079073073799960
  0.00116996890879918  0.00191675018428036  0.04898599608047793  1.00000000000000000
  0.00000241021518158  0.00000271745183509  0.00000305447033636  0.00000342063956201
  0.00000377428976058  0.00000413386884393  0.00000453612106564  0.00000498970984776
  0.00000548221905599  0.00000597507818655  0.00000656069832705  0.00000713318510042
  0.00000772773281648  0.00000831302400168  0.00000888881084637  0.00000950047428989
  0.00001013799046824  0.00001081498051761  0.00001153048086790  0.00001223491547324
  0.00001293058247583  0.00001365193213275  0.00001439280683967  0.00001514624618728
  0.00001589944154605  0.00001664228307258  0.00001747255240795  0.00001833590260640
  0.00001923612557909  0.00002015597413137  0.00002106400943080  0.00002193941199780
  0.00002286290509364  0.00002395396886278  0.00002520092705639  0.00002648897084508
  0.00002769211534862  0.00002886295932073  0.00003005634457984  0.00003132575101185
  0.00003264756991515  0.00003387976323486  0.00003508054697819  0.00003636944172110
  0.00003775988387001  0.00003926635580817  0.00004090868214432  0.00004267303239199
  0.00004453862224567  0.00004638974658931  0.00004805135363376  0.00004980525452679
  0.00005166729042079  0.00005360836060827  0.00005580483066565  0.00005825016362875
  0.00006077813157331  0.00006339426666571  0.00006648607776499  0.00007009730781318
  0.00007370983737460  0.00007713347565548  0.00008054942675813  0.00008424902607904
  0.00008828011555321  0.00009310024622152  0.00009837218271828  0.00010313997258633
  0.00010833981396531  0.00011355280126805  0.00011902895759390  0.00012559610359950
  0.00013298907202173  0.00014142329140674  0.00015074643555325  0.00016000402797577
  0.00016996632527313  0.00018115273190482  0.00019482064507580  0.00021177580308707
  0.00022966679647164  0.00024924562872124  0.00027241993822196  0.00030066091489245
  0.00033765259640091  0.00037783512736293  0.00042263481760762  0.00047515682143470
  0.00055803187911629  0.00068869701095234  0.00088821276700973  0.00112303047521250
  0.00141327339698317  0.00263653504620368  0.03772266176238146  1.00000000000000000
 -0.00204936458747718  0.00967938580132026  0.02013747744127879  0.03138105678567905
  0.04269875202384254  0.05188586737184717  0.06046277915850970  0.06921760446186445
  0.07885736841709726  0.08900328527344369  0.09949139051988376  0.11121261339266043
  0.12434034631752020  0.13758330583416245  0.15045630195992424  0.16268089708412298
  0.17257547514810098  0.18036904374273016  0.18817880928421801  0.19673475793757991
  0.20730675302570412  0.21601110284652689  0.22351076093394040  0.23215975562715813
  0.24241588662647295  0.25286203556382841  0.26377071256421802  0.27444258367515734
  0.28513235434846584  0.29559890184209897  0.30624380624168518  0.31661459538720504
  0.32470768466177502  0.33296139825077470  0.34136465031304492  0.34985993046934072
  0.35901864939347766  0.36918012190349309  0.38072212243190345  0.39354402685504586
  0.40573714675006695  0.41736377648215212  0.42759446909891519  0.43849063178513026
  0.44944734809214071  0.46152546756981955  0.47282470901668205  0.48331270520313568
  0.49350634685793626  0.50436404626455944  0.51628879893317126  0.52653602826408541
  0.53602206078560244  0.54515375815167411  0.55405182664337060  0.56524834887830910
  0.57798626235391715  0.59141887166710128  0.60504041204839976  0.61884977898535665
  0.63028749071279822  0.64101360620467840  0.65181079853889712  0.66250951983821882
  0.67222449782954130  0.68204458142046143  0.69293202159528544  0.70519769559461098
  0.71506107455990819  0.72328279525220651  0.73152529174356817  0.74020676073540814
  0.74956726328127954  0.76008241871270787  0.77022316220674281  0.77929273525193032
  0.78864941674862943  0.79708331557607093  0.80721537602298776  0.81907920447292426
  0.83195710043233018  0.84579251424472857  0.85931929399118290  0.87157079298769236
  0.88238391334862643  0.89283954431345058  0.90396230299384650  0.91563652927950623
  0.92711183464647462  0.93866759447991754  0.94893116454652593  0.95786251675485590
  0.96657765093611847  0.97574789899036929  0.98746769022915426  1.00000000000000000
 -0.00212208080271748  0.01111869799172000  0.02200982380792703  0.03250693157348722
  0.04342874726582973  0.05456409003634177  0.06464347212453191  0.07414204751542613
  0.08391062857912278  0.09424552809532678  0.10582593047744536  0.11713291542904843
  0.12591369146492590  0.13469372052133158  0.14298820696250419  0.15126790399620504
  0.16171797194014714  0.17336617422752035  0.18546134602370662  0.19747710372666225
  0.20752155313022819  0.21660791450669123  0.22556169065573869  0.23526276088960651
  0.24614467589892436  0.25751153461418569  0.26935838491830122  0.28190666825760263
  0.29340793589866360  0.30406755405736469  0.31324277210888790  0.32169057690467023
  0.33047176478092960  0.33949760988085420  0.34936828524521196  0.36007223351044565
  0.37087475484020804  0.38128043130633194  0.39034931938656758  0.40063494328240745
  0.41022786358962443  0.41989877208775189  0.43017498050352942  0.44036318336993779
  0.44965131779700035  0.45810632907149995  0.46672543886179291  0.47501435086040028
  0.48325711981428987  0.49136322316172742  0.50041274330528751  0.51120519583691315
  0.52293199240792754  0.53627435030745485  0.55172892308861965  0.56804722358168536
  0.58094209395653473  0.59163646991034224  0.60165878034192921  0.61201350735366589
  0.62328494180517413  0.63374809778221330  0.64363768836381086  0.65282130783364600
  0.66265131858982185  0.67413239648875256  0.68670511370218468  0.69893476119342357
  0.70949960736965323  0.72044320818041574  0.73211535400564531  0.74450190180356857
  0.75706976252787606  0.76922460480951194  0.78095466521410195  0.79303044302725956
  0.80506128336021765  0.81591940283512476  0.82606603034803872  0.83666841130924863
  0.84755497290686421  0.85773896956097517  0.86814282386270114  0.87870547059800808
  0.88977847362432883  0.90035463356634582  0.90972579537406617  0.91979894607873769
  0.93000257534847230  0.93989900819705019  0.94857638705192682  0.95749042289008013
  0.96752076430522593  0.97757395508230704  0.98838235855974466  1.00000000000000000
 -0.00153987808118539  0.00922164897349721  0.01875436258143166  0.02976306510708196
  0.04103564910294635  0.05174655231553112  0.06204177479721135  0.07173388913499970
  0.08185602496030969  0.09258430533762135  0.10379253148828405  0.11541824176043625
  0.12709987131026315  0.13860995822994635  0.15045012636036104  0.16276532015419420
  0.17552271564449037  0.18655009028117689  0.19697192298837241  0.20667640550299418
  0.21726274679424248  0.22870102081109800  0.24147635198092440  0.25423838062286319
  0.26664084195648807  0.27902843958917212  0.29100822102190482  0.30218277589980974
  0.31316533660973861  0.32430664173399448  0.33433736791105623  0.34357377311528958
  0.35356182431715866  0.36303061489282223  0.37152278748021367  0.37966326014929375
  0.38762088759238600  0.39454045808997923  0.40440739376057883  0.41496249293572235
  0.42751478624505812  0.43906361003236416  0.44870390585990905  0.45840053204362796
  0.46780408565671799  0.47756566086040386  0.48775684573550121  0.49952213303808413
  0.51295172401603517  0.52609891429978517  0.53770183767013180  0.54806501221883652
  0.55817928266529571  0.56768870529647419  0.57755635294501495  0.58852278668587310
  0.60128661225811197  0.61474939264179140  0.62643431326574783  0.63705123254314711
  0.64616509997865434  0.65445504107912011  0.66173017521870259  0.66894175225030783
  0.67712185441489992  0.68639937458560385  0.69875448089761538  0.71164246917651752
  0.72572827592221456  0.73905056677177072  0.75140342234761870  0.76262155497422801
  0.77337728126217664  0.78446985303216787  0.79646983691079587  0.80903237681063633
  0.82023055662232947  0.83131726072915724  0.84234410373204016  0.85242703748729265
  0.86137975800562872  0.87008499518678606  0.87889356690281240  0.88815237459002427
  0.89793954425902633  0.90841319751762373  0.91721320964132336  0.92598469627070812
  0.93460454046149188  0.94312709491950597  0.95305010209252827  0.96416094203171898
  0.97414473578360972  0.98347425941308331  0.99195232479256457  1.00000000000000000
 -0.00000231711358426  0.00018520128987132  0.00037190318005605  0.00055453342247213
  0.00071696038045323  0.00084875618393765  0.00098607635898290  0.00112575289178508
  0.00126625586320976  0.00140580737736207  0.00154425861203508  0.00168283468210548
  0.00182237332599635  0.00196521321788569  0.00211109564893277  0.00225812441290077
  0.00240244272759085  0.00255167375812284  0.00270518203905028  0.00286651455616724
  0.00303128188265153  0.00319902944996939  0.00336086222974265  0.00351892783482689
  0.00367270484885838  0.00383155149402219  0.00399211949058434  0.00415462793908017
  0.00432736098537548  0.00450076245058306  0.00467054364421810  0.00484962130965427
  0.00502603482920511  0.00520980398709144  0.00539567748502539  0.00557341864108900
  0.00576384883247498  0.00595466502716368  0.00614732062561347  0.00638118230254091
  0.00660518155527271  0.00681942553373326  0.00703458500485652  0.00724658059015029
  0.00745007863093381  0.00768086964234375  0.00793560210313880  0.00821064053315471
  0.00848685814068606  0.00876235782777859  0.00903736891151768  0.00931478068776066
  0.00960277778528988  0.00988809692158565  0.01017886356932007  0.01046935617970767
  0.01075503346145965  0.01105177716480186  0.01139324447529075  0.01178906606186213
  0.01218502751975372  0.01253710093191093  0.01289494659888853  0.01323796707464660
  0.01356271173884554  0.01391803669590567  0.01432894651658066  0.01475619508163683
  0.01521182602788721  0.01563881809961947  0.01604863407728499  0.01646959747264568
  0.01695961158079681  0.01758523622484972  0.01814355738024315  0.01863064151558005
  0.01905927477797060  0.01945786551961282  0.01986671932584091  0.02047052323372058
  0.02140341521140494  0.02231492666070603  0.02324403601422927  0.02389342382213977
  0.02445390677539410  0.02500081831410433  0.02561093480418284  0.02677454775655927
  0.02783686603329108  0.02953482215680958  0.03072082064462796  0.03239584979384971
  0.03754464847284519  0.03917973395077402  0.10501574231983658  1.00000000000000000
 -0.00210131541312384  0.00843433203368185  0.01828453160274569  0.02784785687695887
  0.03811846030616058  0.04777962901372444  0.05739043460971584  0.06763453432445903
  0.07787926180596721  0.08858215059525885  0.10019618202341951  0.11153138153288954
  0.12291587166629483  0.13465783390291097  0.14692848438556014  0.15899103487661678
  0.17090395607218553  0.18266237042245140  0.19430321027320563  0.20524082735080940
  0.21437852295295967  0.22262398439899730  0.23136121266287415  0.24042257424474134
  0.25012550424285251  0.26006362999540666  0.27017878275173801  0.28184997224708963
  0.29433498209597186  0.30662984551857381  0.31893863460789512  0.33049671604944370
  0.34009565716591467  0.34835694226576375  0.35681645554463048  0.36528173223543958
  0.37662908741420209  0.39274792284185206  0.40863320391444358  0.42280020060197471
  0.43533839919546896  0.44483033837712710  0.45254123622319770  0.46004203568052465
  0.46769586364040222  0.47619525543382724  0.48726799672163629  0.49910740886848265
  0.50947937290960377  0.52023637661011868  0.53161725812287586  0.54263132963046556
  0.55275627000184957  0.56280384229319824  0.57167560550057572  0.58129199859628100
  0.59038255143041374  0.59884506473667354  0.60938517611334841  0.62008087573576010
  0.63082882150115394  0.64170966970711607  0.65382655111266508  0.66687751742175649
  0.67922916059867544  0.69112182110831810  0.70270973516485336  0.71403149206128647
  0.72575857017530476  0.73906001315226300  0.75107398619961629  0.76245734669163812
  0.77277346774606781  0.78325789964276693  0.79336356693483057  0.80304308365837773
  0.81275462877523141  0.82212299309628245  0.83112482323010117  0.84000348172336103
  0.84913134931402645  0.85900122793914535  0.86959797960926977  0.87989476957231949
  0.88932321278536075  0.89891150957548449  0.90812152293490933  0.91835191099474767
  0.92837919510668487  0.93847559563160055  0.94808060437746489  0.95774192171543582
  0.96771739196382134  0.97814810852994560  0.98905671411808505  1.00000000000000000
  0.09564523543404133  0.21098245304792027  0.27593403347253187  0.33502350118506136
  0.37985639139373040  0.41229606523437684  0.43209517802925151  0.44609851739233558
  0.45618603278331832  0.46712639830740338  0.47953497396979433  0.49219360638978732
  0.50390221394668266  0.51346246622961256  0.52336643089130752  0.53359604052482235
  0.54414882239134421  0.55298166034614049  0.56014835503632998  0.56814955296996872
  0.57713884232251167  0.58602667577289913  0.59368018942690826  0.60140635616808447
  0.61027496072237342  0.61742423066753871  0.62483603108397656  0.63230681560538093
  0.64222546718312878  0.65316452116680035  0.66422670046637444  0.67352423261878380
  0.68172633259059168  0.69020904842751252  0.69852720140230651  0.70748047073116271
  0.71596494908898656  0.72331473064616569  0.72798521829679386  0.73303672444133250
  0.73853449960563300  0.74492171231162874  0.75275700027774406  0.75973784558405388
  0.76590390659334251  0.77167236141024143  0.77759542552608762  0.78343202465411144
  0.79045828535892093  0.79741216838963302  0.80403450550724920  0.80989208857646133
  0.81600579008861884  0.82248687805467779  0.82890330853358496  0.83530021548346156
  0.84174760040406360  0.84822741823939440  0.85392870797736931  0.85919250003386061
  0.86452047643201291  0.86964843102723643  0.87498452949933025  0.88031892426225644
  0.88542140338454267  0.89063203858445761  0.89605076324255595  0.90119480443758238
  0.90580540832836742  0.91029788251640031  0.91443858687690494  0.91852172695605150
  0.92256900156137933  0.92686559156053094  0.93139372139672616  0.93581060789583803
  0.93990811867562807  0.94382248588477269  0.94762855977815930  0.95120992185707964
  0.95441937864780024  0.95721999435035177  0.95982961299355674  0.96249332802267751
  0.96519209125782923  0.96803573350073280  0.97104153072421873  0.97413774256665131
  0.97722172719076672  0.98028448436687943  0.98330616934968684  0.98617836506049306
  0.98910419714248266  0.99223298630544710  0.99576427142321766  1.00000000000000000
 -0.01959392882408363  0.11582388337586996  0.15186858134389999  0.17668691238459025
  0.19506402912631712  0.20951665798658972  0.22177984087206787  0.23426300114765325
  0.24618034154006604  0.25726648163208438  0.26722861457190450  0.27645242563864125
  0.28610849347091810  0.29378918144387217  0.30096576103970907  0.30690018700711386
  0.31256836231174795  0.31818137800736901  0.32417157138345909  0.33104427696786487
  0.33868809387459681  0.34622638740768447  0.35336745282301824  0.36027434924115670
  0.36673850622965815  0.37314183923076732  0.37953992408819121  0.38629915584315838
  0.39261365221285638  0.39838981705179094  0.40417127291363275  0.40983242395750996
  0.41559238596910514  0.42116056044681827  0.42706714027480785  0.43302344583552582
  0.43954270605726908  0.44593859794205154  0.45200329682622781  0.45755841576292211
  0.46280227849492922  0.46774544466162127  0.47243028307419932  0.47751708650466995
  0.48272236572466531  0.48800913835844906  0.49374282610245485  0.49917276236749497
  0.50546226017959373  0.51167934831123696  0.51749496893650371  0.52331849999231084
  0.52913217428361536  0.53556193129898877  0.54253674400846152  0.54900619027833630
  0.55451002366358504  0.56018412014312535  0.56448740357416516  0.56790329342878509
  0.57169230158078232  0.57554708705944224  0.58022124464587788  0.58682261700815608
  0.59411430749368532  0.60060330101903492  0.60642991387814116  0.61253676941740309
  0.61914378538772896  0.62621316003945759  0.63278751091673580  0.63929081320250936
  0.64582839598755271  0.65286801506281733  0.66076769729572837  0.66871157425310912
  0.67706178535879591  0.68527939225876089  0.69365088692414567  0.70229285930671792
  0.71045846960932590  0.71726267309638680  0.72430911396507236  0.73174493308650035
  0.74038480435250209  0.74972226100355011  0.75777966385380802  0.76551879172728465
  0.77511970619803927  0.78684435558220700  0.79905283153196516  0.81116940645576496
  0.82680677520284129  0.84756397838389563  0.88637382264301068  1.00000000000000000
   2.6826226716476140E-009  -1.0000000000000000     
 F F F F F F F F F F F F F F F F F F F F F F F F F F F F F F F F F F F F F F F F F F F F F F F F F F F F F F F F F F F F F F F F F F F F F F F F F F F F F F F F F F F F F F F F F F F F F F F F F F F F F F F F F F F F F F F F F F F F F F F F F F F F F F F F
  <DiscreteSampler_grid>
  grouped_processes
  1 # 1 for a reference and 2 for a running grid.
  10 # Attribute 'min_bin_probing_points' of the grid.
  1 # Attribute 'grid_mode' of the grid. 1=='default',2=='initialization'
  0.0000000000000000 # Attribute 'small_contrib_threshold' of the grid.
  0.5000000000000000 # Attribute 'damping_power' of the grid.
 # binID   n_entries weight   weight_sqr   abs_weight
    16   10   7.497014565001163E+002   1.570140663294876E+006   7.497014565001163E+002
    19   10   1.593118485844818E+003   6.872016097894289E+006   1.593118485844818E+003
    20   10   1.593118485844821E+003   6.872016097894311E+006   1.593118485844821E+003
    22   10   7.497014565001163E+002   1.570140663294876E+006   7.497014565001163E+002
    28   10   7.497014565001163E+002   1.570140663294876E+006   7.497014565001163E+002
    34   10   7.497014565001163E+002   1.570140663294876E+006   7.497014565001163E+002
  </DiscreteSampler_grid>
