  0.00000293509704555  0.00000321241371935  0.00000337093457905  0.00000351809283903
  0.00000363489785309  0.00000376835843781  0.00000390545544905  0.00000407057173785
  0.00000427174496422  0.00000462018966369  0.00000503078001661  0.00000540126361463
  0.00000573330298187  0.00000603905362099  0.00000632853320686  0.00000662003594418
  0.00000691576187405  0.00000728388562534  0.00000770017089413  0.00000822445520801
  0.00000866931254176  0.00000914708305720  0.00000965687851444  0.00001016246347219
  0.00001062492465332  0.00001103760572577  0.00001150015304269  0.00001199022190400
  0.00001253376923202  0.00001313032862406  0.00001378646266837  0.00001440001826861
  0.00001502473547316  0.00001570370493129  0.00001641077818767  0.00001729317709425
  0.00001812576899213  0.00001898364161405  0.00001971649243482  0.00002040873554759
  0.00002111929747321  0.00002187085598513  0.00002273655193111  0.00002360170948261
  0.00002438657416363  0.00002518461821671  0.00002593197550172  0.00002686429177165
  0.00002778071173053  0.00002849305951244  0.00002924743915742  0.00003002024359002
  0.00003092908647473  0.00003183779777888  0.00003321200277227  0.00003466472659409
  0.00003599459831226  0.00003727255092146  0.00003841489837268  0.00003953475111762
  0.00004073169841911  0.00004207907784539  0.00004362201220679  0.00004522628905384
  0.00004701706405735  0.00004934786817392  0.00005212626991677  0.00005493577058928
  0.00005814883513064  0.00006159751834719  0.00006488929679242  0.00006853890104349
  0.00007206454466148  0.00007661513761287  0.00008053266572707  0.00008464544868152
  0.00008927186030154  0.00009435158767572  0.00009998778796196  0.00010876290785778
  0.00012139838397302  0.00013911680518512  0.00016235850499056  0.00018347862414177
  0.00020533166483511  0.00022456618453701  0.00025114468067284  0.00028998299918467
  0.00036848127962283  0.00044900848745561  0.00051666081584528  0.00060637418037795
  0.00072987640109303  0.00110687889703922  0.03254613689973088  1.00000000000000000
  0.00000015271586505  0.00000345443571497  0.00000644310497763  0.00000886351482361
  0.00001076894365320  0.00001223278665088  0.00001353212517525  0.00001490030119372
  0.00001649472392827  0.00001843094280140  0.00002008544380124  0.00002141855101941
  0.00002275655478629  0.00002430733987057  0.00002591901552716  0.00002751887958519
  0.00002906602570750  0.00003070184899966  0.00003256064456752  0.00003465858911538
  0.00003671713791912  0.00003851359116302  0.00004001264383355  0.00004112429478437
  0.00004217212964483  0.00004323896626448  0.00004431158626088  0.00004541675103935
  0.00004666055271397  0.00004842481965178  0.00004996080008736  0.00005141069005974
  0.00005288253907969  0.00005448312186356  0.00005603174679722  0.00005774405028612
  0.00005960716629940  0.00006154224560351  0.00006368096787368  0.00006577193569637
  0.00006787870987006  0.00006996696832317  0.00007196566194789  0.00007422458952567
  0.00007667281988491  0.00007981167879558  0.00008302056164422  0.00008679787049657
  0.00009165168032422  0.00009649823219919  0.00010101900908404  0.00010558423192518
  0.00011012295737245  0.00011432984761817  0.00011875930654926  0.00012334212655811
  0.00012903492970071  0.00013418752339371  0.00013881492762023  0.00014381910350574
  0.00014907857410745  0.00015438986698240  0.00016019982629317  0.00016825191446095
  0.00017659887792493  0.00018307937624136  0.00018973679455830  0.00019747870908217
  0.00020781764327457  0.00021915602259457  0.00023005253902076  0.00024122209345538
  0.00025359047490487  0.00026921339167245  0.00028756286690616  0.00030718562077167
  0.00032854464026538  0.00034995292033956  0.00036781047408294  0.00038438302815307
  0.00040535520166995  0.00043242672924863  0.00045161199407151  0.00048198145683012
  0.00051708677613266  0.00055829284557115  0.00062608595325847  0.00071813144386313
  0.00083789452822117  0.00098411287470706  0.00117269871890851  0.00136954116027655
  0.00159430940219523  0.00198436811700872  0.01374714182164534  1.00000000000000000
 -0.00346208978969811  0.01072585877840473  0.02347292308650161  0.03557592436544801
  0.04729568589790616  0.05909853298584145  0.07156285249954604  0.08609919796106759
  0.09961101724353999  0.11027162368860235  0.12008015445170213  0.13019437767105843
  0.13876940914503916  0.14815884681527053  0.15650001347177922  0.16588095597546676
  0.17783095573878765  0.19075554300084366  0.20335369321274110  0.21440052318540886
  0.22402881137632738  0.23319499451028394  0.24297929898029519  0.25484269366389772
  0.26827899311303899  0.28146237827941789  0.29389087071259590  0.30467072483346508
  0.31465094198886762  0.32584395668998006  0.33554307071688017  0.34456530266440982
  0.35446621085326574  0.36305913391167155  0.37162116651856614  0.37970138477944226
  0.38769865047002883  0.39718727506720430  0.40715553966632867  0.41508389970871895
  0.42143535665373782  0.42777894101759045  0.43357320698994062  0.44605946197233326
  0.46144520018343327  0.47571774196276323  0.48749522658908195  0.49756842599687251
  0.50573842328267227  0.51279780259194163  0.52117675988904177  0.53261453781709134
  0.54326018542896459  0.55306238527869112  0.56309722941736906  0.57336552038042921
  0.58373591248684564  0.59370896800896045  0.60533169334508974  0.61635517781341154
  0.62905182063786214  0.64168565315856885  0.65579283229180596  0.66881440540451575
  0.68273356042184541  0.69678259051778568  0.70965117383060183  0.72082397540831411
  0.73318002013183503  0.74301029792984996  0.74989574202309728  0.75662368600904106
  0.76341764907344123  0.77058194851698958  0.78158457523090352  0.79580400255636474
  0.80756900623115424  0.81760562832394801  0.82707693905860513  0.83817906864663083
  0.84961693956976569  0.86038405390844086  0.87088878021238258  0.88211470088977140
  0.89331380757403767  0.90216542268354172  0.91158210447222909  0.92056800675166339
  0.92812047704467571  0.93628136317851163  0.94507152227794156  0.95385954754146551
  0.96359396825966781  0.97427382697344411  0.98627733329987710  1.00000000000000000
  0.00008578710544422  0.00010683622337658  0.00012788534130893  0.00016377489877642
  0.00020546131807704  0.00024714773737767  0.00028449318756907  0.00032155998745220
  0.00035862678733533  0.00039780219942395  0.00043745989056101  0.00047711758169807
  0.00049950107383614  0.00051991994080601  0.00054279412911594  0.00056757079040255
  0.00059182844090742  0.00061579360537064  0.00063990533518910  0.00066409578815975
  0.00068872803473145  0.00071356810159937  0.00074000954249840  0.00076695353225245
  0.00079556445948105  0.00082523805874362  0.00085707341051261  0.00088460726044943
  0.00091119190618286  0.00093625117235776  0.00096267786527401  0.00099759852034927
  0.00103251917542454  0.00106901068984620  0.00110558692618342  0.00114093800374511
  0.00117594810810358  0.00121237792004056  0.00125012442796179  0.00128886769664734
  0.00132899055933383  0.00136695090323984  0.00140220778691399  0.00143864501086684
  0.00147989961340898  0.00152137504108522  0.00156729150664899  0.00161528268099489
  0.00168790738448727  0.00176323876112943  0.00182603551803216  0.00188154906459372
  0.00194347907210068  0.00200700752517019  0.00207839391869665  0.00215344010293574
  0.00223825508542638  0.00232691010766159  0.00240863539738429  0.00245048316049608
  0.00249233092360786  0.00253413922060910  0.00257585282353599  0.00261756642646287
  0.00266005194667239  0.00270365110830500  0.00274725026993761  0.00284550728262668
  0.00300969742662171  0.00320141105327358  0.00344135997621336  0.00364279237125977
  0.00379515894363373  0.00394774610664857  0.00411580316686385  0.00429490505186899
  0.00448237681403156  0.00467004081510439  0.00491216914694761  0.00525779194735388
  0.00568943111825989  0.00612740696961757  0.00656947819950381  0.00699116349858390
  0.00755086786874944  0.00853235866615683  0.00916176075519118  0.00988654773851056
  0.01142100617818035  0.01305819233430570  0.01505112716660034  0.01797498487125443
  0.02220635834238453  0.03249038224240729  0.07154782140064486  1.00000000000000000
 -0.00077155760008369  0.00336651727929748  0.00796613191510558  0.01204763809441912
  0.01694758347281039  0.02331227966439223  0.02929953717608722  0.03499165245856622
  0.04080863371646168  0.04697524638160543  0.05345436713910867  0.06041457604283642
  0.06840112324009852  0.07775597056253207  0.08745519880502484  0.09856452051169455
  0.10874517053287268  0.11717163126891467  0.12348793161385407  0.13046142203252606
  0.13764707144222121  0.14589632381528336  0.15276597151524257  0.15916492320927933
  0.16541203741197744  0.17165147690863822  0.18109895593631342  0.18970621249555217
  0.19885756390285236  0.20846195808754492  0.21812667093624138  0.22734421881946387
  0.23740807955542023  0.24776874269027835  0.25857856620721581  0.26994624043964621
  0.28062848827035652  0.28903318678422757  0.29463832658541450  0.30034775462423252
  0.30613123240486106  0.31243873563801222  0.32002407440825703  0.33084359704298777
  0.34123927048451619  0.35173051376993014  0.36241904357725901  0.37591962783644872
  0.38814916233347202  0.40269087764587064  0.41850640513616860  0.43739176888288922
  0.45882627691817918  0.48128014044670997  0.50572885246872590  0.53627028443576463
  0.57402693671051586  0.60310260234009028  0.62619925052675462  0.64386139806168474
  0.65918944688337444  0.67334183853235341  0.68594009258381949  0.70032255793730636
  0.71463085350941191  0.72700320906702942  0.73851507022208840  0.75111405251584007
  0.76394240511341882  0.77589267900960035  0.78667181553340082  0.79662422753885220
  0.80627199468454314  0.81518705934848468  0.82495516638748378  0.83469502222387215
  0.84373807527563160  0.85103300715486796  0.85799295680820553  0.86660427315729138
  0.87500840095739718  0.88325260608808320  0.89143956439673644  0.89921820717711176
  0.90822975670704875  0.91867376392411992  0.93054810594766679  0.94157720606975537
  0.95028527757801984  0.95778360298801557  0.96501240100553243  0.97236200919171800
  0.97909117415236269  0.98531708958537945  0.99131300254935917  1.00000000000000000
  0.09242403151766905  0.22268508454716121  0.28523570215514882  0.31954490198815683
  0.35783109113507322  0.38971031711458354  0.40899449867333815  0.42312391214374462
  0.43361893960914999  0.44229614644175169  0.45006900975852343  0.45539694255236751
  0.45985588788910381  0.46440093643130348  0.46869256189324737  0.47358620664272361
  0.48063367840961224  0.48917867480290111  0.49689535475935370  0.50262010911692212
  0.50703037993517508  0.51183658622033157  0.51754272707617632  0.52371301617391763
  0.52978677293562471  0.53438882282770139  0.53823132955080255  0.54234453317903242
  0.54650329358814598  0.55125441928721697  0.55620791768372646  0.55989233961335361
  0.56352263272041681  0.56768457333844102  0.57296764358367280  0.57917376880398930
  0.58480506904103036  0.58975620517447958  0.59437792309362358  0.59923221665795301
  0.60460470351378948  0.61076797501636715  0.61770274124792246  0.62535213237049581
  0.63280553196451061  0.64068287735932739  0.64895157988695285  0.65679377802647143
  0.66508680781296248  0.67197925415692772  0.67855316932902632  0.68480540220405028
  0.69118908973628013  0.69786934833998171  0.70417742943498685  0.70977104549870851
  0.71549869056352167  0.72024756391306322  0.72459478085671269  0.72893978853497943
  0.73361202406370185  0.73831922875303135  0.74423687996319532  0.75202110599394245
  0.75913292986047209  0.76542883520762206  0.77144988391923375  0.77616920382599630
  0.78215413258238753  0.78848580841975746  0.79558406714316987  0.80328142477101339
  0.81074160098287107  0.81803079117189503  0.82625067557353771  0.83455705480047160
  0.84288341369078967  0.85145169091056350  0.85996684984404925  0.86841070939329401
  0.87623051720063827  0.88495525093472838  0.89229346224036343  0.90026368536004853
  0.90797462759187153  0.91583000197588083  0.92181242169293065  0.92698629884444306
  0.93260239673979750  0.93840884346179676  0.94437977556490904  0.95470260906245197
  0.96577485465616841  0.97559398613918369  0.98661071187079585  1.00000000000000000
 -0.01826421913903269  0.11098889623845869  0.13966845234574446  0.15502464670257377
  0.16857879989631028  0.18232609980758685  0.19770861413647761  0.21583098977142606
  0.23273500100092315  0.24611276307336089  0.25729656355214314  0.26842400279066558
  0.27988602106775995  0.28970500737511412  0.29912257818600507  0.30812213792384385
  0.31793148541289573  0.32860586735006930  0.33813473389588572  0.34628496375271839
  0.35410634162166543  0.36150641245979820  0.36827683534656586  0.37523006175634466
  0.38152870019783486  0.38763314844921298  0.39349053612832224  0.39859518167366137
  0.40226768066675961  0.40630372244765994  0.41049557088773120  0.41502719516777287
  0.42014263210173014  0.42575846848655496  0.43160866057754771  0.43710417421416198
  0.44255996048302115  0.44894555462315650  0.45632487946713590  0.46241512533713275
  0.46787463959301717  0.47324966348080721  0.47873059817532204  0.48435408022912707
  0.48989527350151330  0.49589147279545270  0.50132598600615375  0.50648953145814513
  0.51281774293811222  0.51940978564112528  0.52478245786776101  0.52874626452441786
  0.53227622395630569  0.53608252469581263  0.54089811310395608  0.54764384126131904
  0.55374241295206461  0.55875646166200366  0.56466003316592661  0.57122765189669134
  0.57832203701313267  0.58471978027039406  0.58892436265007653  0.59315904367236660
  0.59740922966634602  0.60190259113261202  0.60683948110721786  0.61301822141545947
  0.61925824514264827  0.62529773409194789  0.63257334475950922  0.63937443866363786
  0.64673548529127378  0.65589481450995890  0.66654982884360325  0.67650789612079787
  0.68529553288733203  0.69288496044957848  0.70002988156173696  0.70743702621975824
  0.71311089259927862  0.71937920726412563  0.72664287473153577  0.73640420619799307
  0.74784243781130988  0.75820914249575166  0.76816513897129590  0.77585432077057981
  0.78425519546783073  0.79289071017776591  0.80268084302004272  0.81348200844413576
  0.82836650558071245  0.84940280481832409  0.88620889454151108  1.00000000000000000
   4.7582440372083263E-009  -1.0000000000000000     
 F F F F F F F F F F F F F F F F F F F F F F F F F F F F F F F F
  <DiscreteSampler_grid>
  grouped_processes
  1 # 1 for a reference and 2 for a running grid.
  10 # Attribute 'min_bin_probing_points' of the grid.
  1 # Attribute 'grid_mode' of the grid. 1=='default',2=='initialization'
  0.0000000000000000 # Attribute 'small_contrib_threshold' of the grid.
  0.5000000000000000 # Attribute 'damping_power' of the grid.
 # binID   n_entries weight   weight_sqr   abs_weight
    16   10   9.538104834510571E+000   3.291352996072810E+002   9.538104834510571E+000
    19   10   3.051065183763660E+002   6.296531233184168E+005   3.051065183763660E+002
    20   10   3.051065183763658E+002   6.296531233184160E+005   3.051065183763658E+002
    22   10   9.538104834510573E+000   3.291352996072812E+002   9.538104834510573E+000
    28   10   9.538104834510568E+000   3.291352996072807E+002   9.538104834510568E+000
    34   10   9.538104834510571E+000   3.291352996072811E+002   9.538104834510571E+000
  </DiscreteSampler_grid>
