  0.00750009359243378  0.02558510916078899  0.03568693907500516  0.04551249109386697
  0.05521002267091762  0.06520403709534731  0.07486463843424024  0.08538081405469254
  0.09668848311543927  0.10888996632257288  0.12169067849796027  0.13486139205275427
  0.14967155535823626  0.16312760563714418  0.17558394125214558  0.18806198865123300
  0.20035565071721687  0.21284638351866975  0.22568856714993710  0.24176283151165909
  0.25199218990766747  0.26083173823921135  0.26933294211483277  0.27721850750176330
  0.28494825855167610  0.29362066585887003  0.30369937514168299  0.31443645796393921
  0.32738788758127940  0.33993948441517285  0.35238124562163492  0.36330899677385492
  0.37420197482435097  0.38400106468655543  0.39415235356319234  0.40499319631280167
  0.41561494323656323  0.42622338777281693  0.43646607283204653  0.44570362521518159
  0.45459708204153276  0.46461599092886530  0.47348470311733293  0.48141179844609810
  0.48948932103753889  0.49783890323805041  0.50778149195040900  0.51866740774305375
  0.52949983478364882  0.54048470641775315  0.55138271764151703  0.56306910589496062
  0.57464823115291674  0.58541245103004469  0.59503596320050700  0.60410580439285100
  0.61305686606109377  0.62181417567126041  0.63110819465379453  0.64154178398019590
  0.65296015604455415  0.66406230008321698  0.67511421291632345  0.68723389078133312
  0.69903501349931907  0.71116866661804334  0.72410762036242005  0.73750749082008715
  0.74976877479185056  0.75973529397078821  0.76861770570073551  0.77589014136761514
  0.78338503031306550  0.79099800447549073  0.79740922781217760  0.80425918127060669
  0.81153484828011313  0.81902732346114626  0.82764461326454164  0.83379276544514758
  0.84107771696098566  0.84890582239513290  0.85833892534426826  0.86727187608443224
  0.87573978839933930  0.88379314912666385  0.89258438355221170  0.90249717047931299
  0.91285790849999415  0.92481210550289294  0.93635209379140738  0.94756709587825638
  0.95995743794964628  0.97325456382489628  0.98696523649523904  1.00000000000000000
  0.00010542169094878  0.00010826610742940  0.00011062940770952  0.00011249650301935
  0.00011419141120281  0.00011585758621086  0.00011772867028609  0.00011957036270661
  0.00012144000388224  0.00012337591421108  0.00012538143514597  0.00012741133353882
  0.00012931882418459  0.00013123209763754  0.00013307621740675  0.00013474510198954
  0.00013624955026268  0.00013777368303501  0.00013931672802703  0.00014095452749696
  0.00014262105260656  0.00014468356440690  0.00014677767391764  0.00014891145443087
  0.00015089595277294  0.00015276489960201  0.00015453324497101  0.00015635482202760
  0.00015829282543505  0.00016022926894813  0.00016214028205808  0.00016389191392088
  0.00016560773951636  0.00016735320110001  0.00016902132176487  0.00017139889912653
  0.00017396112946691  0.00017632839150776  0.00017866955681551  0.00018113682564747
  0.00018380597880732  0.00018650967334700  0.00018925761407455  0.00019223898591960
  0.00019562131719475  0.00019948559124479  0.00020320306840821  0.00020639053637635
  0.00020929013456392  0.00021216999174846  0.00021506757623980  0.00021805959303994
  0.00022162111493466  0.00022567169383371  0.00022965474157177  0.00023372562922762
  0.00023771462734098  0.00024163417457074  0.00024570773537101  0.00024982413799571
  0.00025437718805992  0.00025909286763553  0.00026381239399028  0.00026880768833282
  0.00027389787272813  0.00027959522850332  0.00028546580510598  0.00029228120510861
  0.00029951547433031  0.00030863420214117  0.00032069521629685  0.00033213974390165
  0.00034443940747872  0.00035846678326537  0.00037317697802162  0.00039062208576885
  0.00040880918265862  0.00042596532963565  0.00044296843628041  0.00046191665591833
  0.00048476257255466  0.00050696179411194  0.00053083360850922  0.00055698722592859
  0.00058633492324493  0.00063090248506179  0.00068111439520649  0.00073452806685188
  0.00079729227674608  0.00088478617645485  0.00100750213615299  0.00119867602552297
  0.00153611935688304  0.00328803195542769  0.03554864023692592  1.00000000000000000
 -0.00002167141377231  0.00031562336455220  0.00100406560641345  0.00202058148223819
  0.00367063781922722  0.00591292014851863  0.00882843920773510  0.01221429012241583
  0.01710297970224136  0.02230895755597189  0.02657108216130670  0.03136382230863087
  0.03728687090357032  0.04438506007130414  0.05089068234274387  0.05754857425833419
  0.06490803839302341  0.07297372214701220  0.08292571740616476  0.09364833222766956
  0.10446944689518715  0.11531991101604647  0.12699287354270539  0.13767668959913698
  0.14732687704420980  0.15562085912582563  0.16257660251487296  0.16803318875056494
  0.17347538559202413  0.17951348087541760  0.18634274164465647  0.19331666389064242
  0.20038313211257303  0.20840449842857087  0.21622892664060445  0.22430771875081337
  0.23458279773614601  0.24462548361105985  0.25299290578040567  0.26077110847955703
  0.26845750148485559  0.27745395176233872  0.28772734900482649  0.29817565138214691
  0.30825884090837519  0.31922835257560289  0.32991721250834422  0.34085630709491394
  0.35159141690920737  0.36218535980896449  0.37287405106784932  0.38362865755018111
  0.39476997600097857  0.40736818338658753  0.42054094260455688  0.43261941105601187
  0.44428516485333475  0.45557991249366303  0.46605699253521171  0.47766131092488012
  0.48991102576098194  0.50232420046421533  0.51448670235595040  0.52651320496878673
  0.53894842098392881  0.55268349476363499  0.56372607901459260  0.57325725094783697
  0.58259927562951030  0.59231224314201647  0.60316626266159390  0.61375414105391612
  0.62437466286226140  0.63559719355780253  0.64858224218042415  0.66133910056277356
  0.67408842048708428  0.68604203469798830  0.69803869572350896  0.70981346576569881
  0.72266563567770770  0.73831778643079460  0.75774983124171624  0.77616073099551730
  0.79413226225739098  0.81319580438317662  0.83135522489378000  0.84816159320642071
  0.86374202872113526  0.87894535813513797  0.89779377987465914  0.91886770015891817
  0.93914413941671104  0.95988354170994217  0.98020603230153869  1.00000000000000000
 -0.00229267346364661  0.01147404465200467  0.02167217275403934  0.03250482965045982
  0.04390759294987168  0.05632985911118016  0.07097639940701132  0.08450724073627296
  0.09467071188510154  0.10505792343937326  0.11548381629861840  0.12495136530740533
  0.13410657340605917  0.14283506303776952  0.15304215886578088  0.16404134629940917
  0.17629898242486450  0.19095694445245276  0.20579508340844313  0.21721073820498596
  0.22595211294760409  0.23417393345625848  0.24229857001143640  0.25091705888002069
  0.25950023987021131  0.26879213960097642  0.27556857070573598  0.28142210253046906
  0.28833534432596469  0.29620053454625606  0.30455294999216098  0.31233016315746021
  0.31943199017998730  0.32694453286203246  0.33392501839430455  0.34386689784590846
  0.35478769811648830  0.36752359442392879  0.38186257327725792  0.39432861922826845
  0.40479549590027797  0.41509539195620943  0.42466124478808698  0.43580676234686416
  0.44998764444428246  0.46372995261558564  0.47669132275074716  0.48940636071405386
  0.50272117935298910  0.51589949505975752  0.52824887400142140  0.53894138195088526
  0.55016581994582026  0.56139497451210307  0.57142757499298646  0.58020728731768967
  0.58840608341314593  0.59685403768481127  0.60451687270594801  0.61142968312919543
  0.61931772642293892  0.62873874736202884  0.63777481153353055  0.64774861519847915
  0.66020733197377723  0.67392432834289595  0.68408631767001271  0.69351081885912569
  0.70302901103013082  0.71356737814571691  0.72384888326106611  0.73379685835634212
  0.74405735654650240  0.75459335827466345  0.76438416662302699  0.77437843053192235
  0.78327148565964733  0.79240418815172253  0.80385019162275007  0.81521945932723450
  0.82587934933304730  0.83776825504592523  0.85075271491369731  0.86345600895629582
  0.87514862759787693  0.88585741166972087  0.89754545819046483  0.91222416566933306
  0.92708304933295682  0.94181411010989780  0.95269373501848009  0.96476875143897500
  0.97483551289108294  0.98412452706923603  0.99248593760502468  1.00000000000000000
 -0.00129215770702938  0.01783902254874267  0.02961428961350091  0.04195043621592105
  0.05427128868984619  0.06703333222296147  0.07960951456111429  0.09264431797463621
  0.10457293948530848  0.11365677584216788  0.12147519621316756  0.13010423042907190
  0.13920601816222272  0.15025839423324777  0.16421134949485652  0.17851760138008790
  0.19047767779872019  0.20066888305393310  0.21004823198394687  0.21950036571663134
  0.23029975949184955  0.24255616473357722  0.25495346343642195  0.26466894753006009
  0.27258616382299866  0.28132635542773987  0.28974421591080274  0.29850061106935405
  0.30854736022907830  0.31968333689006606  0.33083712351425520  0.34088936383218771
  0.35075538345740093  0.36106741947343296  0.36962337886189028  0.37847406851590454
  0.39016334678178471  0.39997316781534165  0.40808901211199222  0.41810000492561000
  0.43010292054363763  0.44142421285078942  0.45255649768512229  0.46282281939447417
  0.47344911601928702  0.48296654917233300  0.49091230162578575  0.49913605426322150
  0.50723398961776622  0.51543802873237765  0.52319339261419373  0.53095756231898639
  0.53882172730457079  0.54662088829413713  0.55431812021659899  0.56210653033516789
  0.56970446700600641  0.57661759521549305  0.58336593597491704  0.59090575288820324
  0.59958743031644823  0.60924080982477724  0.62197768322662572  0.63314131986937006
  0.64311358861400414  0.65129507059989533  0.65893367143130943  0.66609979398971686
  0.67260956160635421  0.67917477869615084  0.68579200778116700  0.69208326946034793
  0.69887579788341614  0.70575357729277310  0.71340166869818222  0.72247011035408937
  0.73276510010780471  0.74629613470416523  0.76006123573366435  0.77259498246220260
  0.78469835595618942  0.79929431149724850  0.81475166366753382  0.82855661252866419
  0.84086108069636734  0.85260990666171577  0.86464842858305657  0.87621012547885468
  0.88691736894038298  0.89840207995866805  0.91052119453813163  0.92399214479837988
  0.93923034130536043  0.95848426042661694  0.98083361323670348  1.00000000000000000
 -0.00114195511273914  0.00528253972416580  0.01092296420686528  0.01750372629054233
  0.02336952751408299  0.02832067698842959  0.03337558016261714  0.03987413937689150
  0.04724706860811637  0.05462679718468344  0.06258452456739368  0.07332286507179177
  0.08396433398592941  0.09300093077665879  0.10155390723373081  0.11091174891343579
  0.12223728360306954  0.13368592782670768  0.14592888471233872  0.15952583847093432
  0.17267835485515151  0.18506477959244638  0.19685496531428212  0.20659118517161990
  0.21533273387839166  0.22476437263686111  0.23538545711077041  0.24712504582245487
  0.25721521819733739  0.26683733617837424  0.27657852177997233  0.28639968436670166
  0.29586756644103235  0.30450234654181008  0.31387494576792219  0.32514605427548793
  0.33530744717007516  0.34582632869515506  0.35609610790620211  0.36796350345129025
  0.37945744800826825  0.38964784582728240  0.39931676958821410  0.40952159331921895
  0.41946523848301420  0.42968529114960402  0.44135654544303698  0.45528987936878695
  0.46910904453969443  0.48142285159971260  0.49262573624478029  0.50087513517894633
  0.50748818139087160  0.51420445983711061  0.52233333479586852  0.53171299365058122
  0.54443803451150286  0.55694416058454366  0.56986651498107765  0.58399598393426244
  0.59916887839340649  0.61494451935749672  0.63010078965351324  0.64257942902016818
  0.65352798529328271  0.66573475400003090  0.67780841675825021  0.69165900892854493
  0.70591589523234544  0.71796418412919816  0.72840269258059676  0.73731450495280215
  0.74527892651880578  0.75305157035871328  0.76314494536455468  0.77290969508055074
  0.78421418322579484  0.79530609241363526  0.80451650870736502  0.81340082071375619
  0.82288564996074087  0.83250563251732990  0.84191485332824179  0.85086126723736744
  0.86335983630152946  0.87741161058429396  0.88717250354409483  0.89791789799501143
  0.90892420325042600  0.92115612625630416  0.93555686266251781  0.94963429151790502
  0.96328664097242667  0.97647357500380494  0.98832779847956098  1.00000000000000000
 -0.01100556770674077  0.08441976932461225  0.12932875126716320  0.15527261776383330
  0.17112757808419171  0.18713914366367423  0.20398890410776530  0.22036512325039614
  0.23324063308865808  0.24563035328788937  0.25669301336633588  0.26836193238173034
  0.27798125948295749  0.28720416047361697  0.29658146411355657  0.30619871429893275
  0.31617352805859456  0.32661448103762469  0.33656108955259090  0.34537632725068940
  0.35291294251216676  0.35995364208634806  0.36693778310207292  0.37384995454830444
  0.38163622861862762  0.38909603697912371  0.39727876770508841  0.40623554893054403
  0.41523820457711197  0.42167284469777544  0.42587130506574011  0.42990491189017915
  0.43405203085973809  0.43852010162033178  0.44204467638993150  0.44525503140757067
  0.44861300205634824  0.45227975103196733  0.45623162830692804  0.46057085202572323
  0.46462071805679273  0.46881845297854602  0.47304262039941952  0.47779169005227862
  0.48332800011321170  0.48951367106432053  0.49512273237134907  0.50038337181112513
  0.50589984877513028  0.51128034317257454  0.51637647876041259  0.52140155441983915
  0.52617918526975294  0.53108259511643618  0.53639995108635674  0.54267544488340858
  0.54941433185523658  0.55547398826498584  0.56076397888107576  0.56573324343650133
  0.57102960814443016  0.57719891934672485  0.58462035967766501  0.59159976278932858
  0.59647820848630895  0.60135368999863736  0.60644647011787589  0.61259742764855596
  0.61975183012389223  0.62553834566324529  0.62994889800964915  0.63442290858313333
  0.63866945186390489  0.64310281800884039  0.64941456874499026  0.65609020099445770
  0.66300001854607227  0.67066288362358761  0.67877486530170150  0.68667256356206186
  0.69494328977836317  0.70378695959103421  0.71331868188207537  0.72230883436864068
  0.73071397474115130  0.74030765193055903  0.75151150650633392  0.76649408091994808
  0.78335397345462987  0.80235096574891895  0.82159437618809184  0.84449822907237282
  0.87448815318253681  0.90583640880647431  0.93954937373160730  1.00000000000000000
 -0.00309832697301173  0.01433496620442563  0.02857125421673807  0.04157952402749713
  0.05328853071559247  0.06530830793114444  0.07750354983522843  0.08833693207594430
  0.09729195113016735  0.10669052328632980  0.11489615593058834  0.12255742496239234
  0.13137041601006713  0.14038227022426480  0.15140662963485949  0.16251895914097311
  0.17386310272766795  0.18674639541664723  0.19757543337659006  0.20865987936371103
  0.21972661769004898  0.22914189349770220  0.23542917595426655  0.24248731968928555
  0.25060652123542154  0.25931264696453271  0.26683302594527225  0.27449640585085455
  0.28326808020199573  0.29181725113585583  0.30029572527771842  0.30904588153150298
  0.31773720014339091  0.32727913511029338  0.33831803227612162  0.34850232708781381
  0.35860865469804698  0.36929472480344666  0.37842941174873046  0.38839910101371700
  0.39948527258752758  0.41371203451215832  0.42801595989701657  0.44113369082690168
  0.45318824727467016  0.46411673677342896  0.47401894885155182  0.48571806377997973
  0.49901019801790375  0.51379866552580944  0.53172801097818778  0.54440252226021224
  0.55446382060659194  0.56491698334757023  0.57460809784067934  0.58280072597331767
  0.59020909370707109  0.59782265014870972  0.60640053469163946  0.61561898811279669
  0.62495461937994523  0.63534507837408660  0.64735056686369175  0.65950100799179445
  0.67122671642997067  0.68129073005592489  0.69124803362547194  0.70145278529363175
  0.71166689402238603  0.72081022684206830  0.73195950503026563  0.74466320135899911
  0.75640494497960109  0.76848620865285977  0.78390528568711459  0.79780217794226005
  0.80751880417287814  0.81735149510440785  0.82658109684262149  0.83547272502629455
  0.84463185937860552  0.85467721601537994  0.86481505669901271  0.87445656686033280
  0.88384802803725326  0.89387165383950851  0.90699104996270841  0.91900130434154370
  0.93034415380155844  0.94106802906493947  0.95191241698157880  0.96371073170116839
  0.97495893337871964  0.98422229361349378  0.99219262324184154  1.00000000000000000
  0.03872429034576992  0.38571699138351517  0.41578138480907501  0.43607673131702890
  0.45135501502303499  0.46862150299981731  0.47993830205689125  0.48862727256174626
  0.49690675358094027  0.50537203901832051  0.51394696161960662  0.52120064481962214
  0.52889106488524817  0.53769476837262342  0.54789945700088638  0.56078053876020462
  0.57281166344342871  0.58424953096492205  0.59436709608356486  0.60468676285172818
  0.61215908006656206  0.61917223616875505  0.62622814284769868  0.63298695821013018
  0.63929007687894979  0.64517798499985557  0.65137080967767491  0.65888467584486099
  0.66767200848261765  0.67856436649529372  0.68791719938200369  0.69536216139158180
  0.70272738098993526  0.71052964336476221  0.71858738025226487  0.72646933823095794
  0.73242228930771702  0.73955863788847065  0.74776494059268483  0.75682189468586991
  0.76533990296520715  0.77327742050700632  0.78032597372366108  0.78635602115615288
  0.79206060962655189  0.79806993397349602  0.80437423458627222  0.81039613817480671
  0.81631971287563532  0.82235963869465056  0.82817589792613067  0.83323577011839478
  0.83747928725782361  0.84128614750379316  0.84506704605932803  0.84916460545624939
  0.85328803968290334  0.85721498876565050  0.86116174076133689  0.86528887246064889
  0.86965307681884485  0.87361045661668701  0.87724446957688484  0.88057845754377895
  0.88364610010055034  0.88594311356004651  0.88849236953202282  0.89120907454513654
  0.89396733536222051  0.89696219258865784  0.90005978682765286  0.90411439282529515
  0.90857158679894223  0.91247285226955299  0.91593946305887963  0.91905534618490070
  0.92182006381285952  0.92437503364815077  0.92708305370339128  0.92982886342038706
  0.93275325872554038  0.93570615340196828  0.93863871248982211  0.94160270334894314
  0.94401656738811068  0.94657311718820325  0.94926977793774880  0.95197975317189309
  0.95454732758669114  0.95748422281251866  0.96068848030167875  0.96480799958911401
  0.96993835657222638  0.97568873456354110  0.98434735623061576  1.00000000000000000
 -0.02003691302973969  0.11294011793089734  0.15978139893972565  0.18255746027735159
  0.19736843246124464  0.20946049137627010  0.22031583526655041  0.23368849917973980
  0.24868278373142330  0.26210408717285366  0.27373384956839070  0.28461120752858826
  0.29410301768359992  0.30237326478251003  0.31018111656802311  0.31755698325650089
  0.32560106415898010  0.33384124649100094  0.34204963297590224  0.35041760204979266
  0.35824003849916242  0.36570222742687619  0.37336584864720890  0.37791779989447449
  0.38290271161956135  0.38761136301611565  0.39295640667211562  0.39747612199875387
  0.40296024074506254  0.40692019868508184  0.41082637503347363  0.41455691175020454
  0.41844878932461477  0.42223457562657407  0.42600549710218338  0.43023769224684294
  0.43532400035158614  0.44039769346983432  0.44529078563753477  0.45036617338312385
  0.45519135885390166  0.46100025610987966  0.46720002333534782  0.47259906367399657
  0.47782094526180580  0.48269419160561561  0.48830048952406024  0.49356048884527270
  0.49910233717300395  0.50512362373707342  0.51069390450952712  0.51629827845134779
  0.52171343702770911  0.52705491630005841  0.53269110137903997  0.53826277618735330
  0.54294433407330378  0.54892724131156578  0.55466251505557651  0.56031612834755917
  0.56576116419365663  0.57094912701545186  0.57604907574673547  0.58050725121796232
  0.58572720670453937  0.59102491083412778  0.59628485097940642  0.60261630020752688
  0.60961721878324981  0.61865633131848474  0.62833670921561424  0.63848566324649969
  0.64685992533326031  0.65364336862815797  0.65983590597012043  0.66589358625919404
  0.67196988638937827  0.67929270825277377  0.68790191933915223  0.69667161080334727
  0.70544084811635954  0.71302622948767624  0.72158841367168913  0.72830177732673229
  0.73437125214141730  0.74056972891299533  0.74744393675010989  0.75504225784995627
  0.76250922135421439  0.77268765671040807  0.78768648747132186  0.80356439331681084
  0.82094214954697886  0.84447879117939373  0.88223845285860925  1.00000000000000000
   1.7664132242947123E-014  -1.0000000000000000     
 F F F F F F F F F F F F F F F F F F F F F F F F F F F F F F F F F F F F F F F F F F F F F F F F F F F F F F F F F F F F F F F F F F F F F F F F F F F F F F F F F F F F F F F F F F F F F F F F F F F F F F F F F F F F F F F F F F F F F F F F F F F F F F F F
  <DiscreteSampler_grid>
  grouped_processes
  1 # 1 for a reference and 2 for a running grid.
  10 # Attribute 'min_bin_probing_points' of the grid.
  1 # Attribute 'grid_mode' of the grid. 1=='default',2=='initialization'
  0.0000000000000000 # Attribute 'small_contrib_threshold' of the grid.
  0.5000000000000000 # Attribute 'damping_power' of the grid.
 # binID   n_entries weight   weight_sqr   abs_weight
    19   10   1.034409335798546E-002   7.062943637432398E-004   1.034409335798546E-002
    20   10   1.034409335798545E-002   7.062943637432394E-004   1.034409335798545E-002
    31   10   1.873847746951905E-002   1.969864571965568E-003   1.873847746951905E-002
    32   10   1.873847746951905E-002   1.969864571965567E-003   1.873847746951905E-002
  </DiscreteSampler_grid>
