  0.02321138020459335  0.03571229032532670  0.04816980028896666  0.05984098768666809
  0.07098109685337625  0.08174665788246745  0.09178803911962537  0.10148587074462352
  0.11239506228435786  0.12328035152371566  0.13435863455522704  0.14527382112576873
  0.15638576901805734  0.16754804915630600  0.17827551554895243  0.18847986354160137
  0.19880380766989220  0.20928521062440786  0.22004909388730551  0.23031840107337412
  0.23973136520901675  0.24896021735589477  0.25842054493674110  0.26821315166469317
  0.27776575278044802  0.28729233898889350  0.29714745957155042  0.30746018113486728
  0.31791422232139704  0.32799895593607092  0.33799418421930194  0.34804207274334037
  0.35794679312380723  0.36722913617574043  0.37678872664695873  0.38645294396962043
  0.39584498773603444  0.40389170653585338  0.41210624757399406  0.42064554686589828
  0.42928750546433792  0.43787191645237017  0.44641311106385606  0.45514166854117355
  0.46472579063268321  0.47520264970526482  0.48565544240574071  0.49596771428615088
  0.50613186967593349  0.51628461775731938  0.52653965429700844  0.53723601382474906
  0.54783146906744973  0.55822270765352322  0.56892820084627904  0.58006579040712469
  0.59132907232598209  0.60214092027310195  0.61235762609967825  0.62221450805006984
  0.63146377535374343  0.64060612538412065  0.64970588704159427  0.65834457078303954
  0.66694924501657149  0.67586484583832851  0.68447308347015512  0.69465567582295396
  0.70562796923025883  0.71619890893607263  0.72605806937535577  0.73601455461424048
  0.74632945653733973  0.75694450518173151  0.76824219654456127  0.77976820535047242
  0.79138469165039649  0.80171942063094259  0.81240600640302152  0.82324870318627086
  0.83422505922342238  0.84421952973795011  0.85393513917313568  0.86374586333699366
  0.87385338206671603  0.88446496129078245  0.89512890216804752  0.90651511553054820
  0.91743873566028256  0.92806612159729784  0.93827622928389798  0.94809617819638048
  0.95772524411713378  0.96655458351783419  0.97071771370800886  1.00000000000000000
 -0.00003717911439312  0.00037535962284648  0.00088595117679325  0.00165054252056643
  0.00269471778180852  0.00398385282567589  0.00546640196674824  0.00717305993691658
  0.00931604952591243  0.01160159749727736  0.01406651547869410  0.01687040020073462
  0.01970324758143944  0.02255704970698739  0.02568489947523371  0.02919222602176772
  0.03309160810791789  0.03712330947718121  0.04105097462888388  0.04500573992279882
  0.04920712790196078  0.05365990249344249  0.05831067645640420  0.06311772490617197
  0.06820278538044212  0.07353721534240726  0.07922849835429040  0.08531373613772013
  0.09155663256036423  0.09805167287361383  0.10481899408229230  0.11159575126513496
  0.11846079474951030  0.12558506423407492  0.13298982106111687  0.14076204707860804
  0.14870256140605295  0.15665798330322325  0.16446017551238709  0.17272740309621312
  0.18131097690777168  0.19017423329146954  0.19924166103430807  0.20856037427265400
  0.21809837394329998  0.22783491185361077  0.23800215946879352  0.24863315485822782
  0.25942263498346868  0.27004458047000401  0.28050908205049535  0.29114963794795257
  0.30214714786436098  0.31366989812799823  0.32518219306649987  0.33666430457377067
  0.34862286483867333  0.36138770625116318  0.37475557056635256  0.38835909381177924
  0.40215313607690123  0.41584240480888135  0.43062585169201878  0.44623256134082556
  0.46216437000069044  0.47833120950461222  0.49402471374351065  0.50965807723842782
  0.52556452859812031  0.54158783293164992  0.55797967026846240  0.57659638440525707
  0.59573272681251288  0.61547130367187453  0.63562358141222741  0.65578696632399236
  0.67573725399311668  0.69577335838372079  0.71645036554484631  0.73805580726551234
  0.75935152728615574  0.77978811622565869  0.79974155868624541  0.81833370227588098
  0.83535511269152440  0.85151683855229687  0.86683356229122910  0.88238328624715012
  0.89802639555432340  0.91348256705236941  0.92851923953653526  0.94291390857463242
  0.95681831912862980  0.97078886769586892  0.98511003712326950  1.00000000000000000
 -0.00251945316556076  0.01081649990102702  0.02254925390798387  0.03439473243049931
  0.04690140346435612  0.05961568525741361  0.07089396368948922  0.08136168382123415
  0.09186856601047542  0.10204417092710723  0.11211919092697262  0.12155888029740669
  0.13219716291302799  0.14309306720597781  0.15366783097985140  0.16425455292750465
  0.17532850254834878  0.18694537100114894  0.19711807875296830  0.20757986891303679
  0.21879639739100398  0.23046452449334293  0.24226541527468970  0.25457949362382998
  0.26766108942435307  0.28007944901707843  0.29154720353127839  0.30218865363391589
  0.31261185790941459  0.32351649359234974  0.33442786577161676  0.34497907053675403
  0.35509618130221404  0.36506243235370056  0.37526629080329826  0.38552723602003114
  0.39531526475102974  0.40477028723120045  0.41446868848363971  0.42496056532134013
  0.43587340065715668  0.44639256621227008  0.45673753413875523  0.46722317337665320
  0.47815475240327415  0.48914853797498303  0.49990498757823731  0.51096519772894899
  0.52173718478411579  0.53220305100323806  0.54234779524993459  0.55214949127441382
  0.56216788395212969  0.57215444144923944  0.58193800834482923  0.59197980615498635
  0.60251589461307398  0.61324865174043219  0.62390592017798685  0.63490966522394843
  0.64614872269407297  0.65723121466818035  0.66773911659752605  0.67793006386533539
  0.68782541227691629  0.69713308373304339  0.70634328976005856  0.71597277653805402
  0.72627895156045585  0.73683245847022905  0.74756161600695636  0.75855781609331996
  0.76939292599285602  0.78058103676154400  0.79130667771848340  0.80156599136552009
  0.81125628652807191  0.82125211112698782  0.83156208131878329  0.84136779290271191
  0.85093275811204694  0.86090269476414305  0.87118865956387126  0.88169181381515394
  0.89232510373930118  0.90289914596846532  0.91316029111624442  0.92355351211266690
  0.93387966607530848  0.94363571949832392  0.95286366885440676  0.96241800174004033
  0.97225325361027071  0.98199498636915461  0.99101108522301173  1.00000000000000000
 -0.00190225379395631  0.00977754522219497  0.02027557444080039  0.03063673923447583
  0.04078569722271592  0.05101595635475436  0.06165778556393903  0.07233297740626027
  0.08278363725121965  0.09335650134346787  0.10399251754352876  0.11505524586774285
  0.12663429693344713  0.13877010685934582  0.15079742543914496  0.16272464592320382
  0.17330015248038555  0.18343390766113210  0.19343342437265643  0.20305016069367754
  0.21232020094744361  0.22207417821045949  0.23257540044605240  0.24375103990118047
  0.25491323759949147  0.26616609811196362  0.27747152059477176  0.28847058836321487
  0.29867692642469368  0.30837594740114455  0.31825743108833643  0.32792270710004512
  0.33713276331425895  0.34602317138608246  0.35580445284433537  0.36743958732014687
  0.37949192929595349  0.39132331754917749  0.40300359936275187  0.41447110638267270
  0.42475732159796636  0.43458551142362789  0.44468363062615779  0.45507161586874950
  0.46547387441007526  0.47598421209392738  0.48689192697249906  0.49797833250105356
  0.50865787679585850  0.51891147285783001  0.52915891263023385  0.53936491735502068
  0.54965647008201446  0.55987272445123226  0.57067065443764287  0.58214751468086656
  0.59484860116705229  0.60640468871222486  0.61703092936442305  0.62703669861836264
  0.63730500175402760  0.64781248680189230  0.65817034091206272  0.66815736248454682
  0.67786247148321011  0.68787580705683982  0.69835845786785655  0.70890684529247427
  0.71908445809297317  0.72870694766767785  0.73923834948303935  0.74995700528886122
  0.76102619173623953  0.77147327359542506  0.78190098733910873  0.79209811714732048
  0.80386217590580156  0.81500136591967698  0.82490779772227785  0.83436539693984269
  0.84414318295607704  0.85389135958813067  0.86369096235485276  0.87341655025009135
  0.88349761641072189  0.89382543171834106  0.90409092545245417  0.91439986030906850
  0.92463884986914024  0.93477415616408932  0.94517548588577538  0.95591444854554219
  0.96694889017592378  0.97811151979463784  0.98911571017731981  1.00000000000000000
 -0.00235972205761361  0.01021294275080687  0.02102814109090728  0.03286986653922647
  0.04415973004111969  0.05489817098305812  0.06568870284348954  0.07704258069860875
  0.08810245093232458  0.09882330595598644  0.10940315181346669  0.12000581413451654
  0.12967974196516890  0.13937929501150326  0.14932140793865384  0.16056781255031524
  0.17174854017714514  0.18301246347494662  0.19472421544219481  0.20605652767157004
  0.21658840927561865  0.22666857723914458  0.23708932637924826  0.24765609245160009
  0.25812148675214530  0.26813619511709585  0.27900362045847699  0.29024788932803447
  0.30143093642767665  0.31242225474205731  0.32363098367155901  0.33484033347265513
  0.34604079580034569  0.35708290978231255  0.36803827605505385  0.37863923808070360
  0.38890814703824100  0.39869462344388995  0.40804686377381733  0.41777464003463216
  0.42789105801454258  0.43843823029320361  0.44842363644676464  0.45815029426638681
  0.46832918339924801  0.47913651906654536  0.49001750700969948  0.50120588077234962
  0.51235481785483883  0.52308920458462016  0.53399893720266756  0.54480477143511119
  0.55517602305100167  0.56515932169815342  0.57449248337822578  0.58418034469129265
  0.59390020208622318  0.60350386773375853  0.61371853892038575  0.62444323227035081
  0.63602073864833597  0.64721516021896475  0.65729873360681856  0.66715893638132640
  0.67686887582600674  0.68632362525003843  0.69537673616617257  0.70408791424074557
  0.71331717303218956  0.72381273329649198  0.73534457267750519  0.74754587195028477
  0.76060587304858773  0.77325622840679931  0.78482712338134397  0.79601833267705446
  0.80733710931838787  0.81937786148819214  0.83068299313974558  0.84131699520909442
  0.85156650738391759  0.86159299536523570  0.87194701697214838  0.88182262943004086
  0.89133579946200470  0.90170461683920722  0.91264643748316365  0.92275506024814258
  0.93212101702646966  0.94199962855359554  0.95115649771691468  0.95999260984940671
  0.96878422961242860  0.97776131618764006  0.98868070655958495  1.00000000000000000
  0.00290599819125780  0.08060103331801503  0.11185572155492002  0.12776440841594364
  0.13902500237649604  0.14885174605422755  0.15738244948468652  0.16578507503497097
  0.17399831973991331  0.18194267706474351  0.18955537203579476  0.19696101948082509
  0.20432683515313332  0.21156714966496601  0.21857380422743369  0.22544980539982976
  0.23235971226553848  0.23935617720743063  0.24634229609030880  0.25326406779940414
  0.26000756096673333  0.26661263733090868  0.27347310559291638  0.28049497650726951
  0.28735670467659991  0.29408492474238274  0.30084699979664214  0.30763530053476706
  0.31483996152094246  0.32303405013494008  0.33109045109576829  0.33902496559492706
  0.34707617764015553  0.35502909463313514  0.36270243504163630  0.37044435443249235
  0.37840057671642696  0.38625208683934176  0.39391859227375131  0.40169206809625385
  0.40954170423203012  0.41792294064473290  0.42688386396963784  0.43579970293491482
  0.44445181563591291  0.45255806958109712  0.46016119385996990  0.46752494117763033
  0.47469644260903293  0.48252629842125960  0.49074955972487722  0.49921170938562337
  0.50753318566296635  0.51540502446107095  0.52348685866603784  0.53198189867590162
  0.54059348831419252  0.54927185536425749  0.55790369806113460  0.56676412662564934
  0.57599791248391607  0.58530546518262261  0.59478184200046136  0.60470673637991590
  0.61526703827203211  0.62632787448299154  0.63563502498957858  0.64519879181837236
  0.65441393835502959  0.66349907645985251  0.67284793368262952  0.68256213425167034
  0.69302444254757811  0.70423885960446087  0.71380408348378732  0.72236177799970103
  0.73100629962119723  0.73999252095563384  0.74965166129124627  0.75963725281673744
  0.76894481166997597  0.78075449939061470  0.79237567452789215  0.80400207689883985
  0.81649940431491763  0.83042505353714058  0.84250016414283468  0.85421442833345440
  0.86577929983281077  0.87877699657061858  0.89190923333428862  0.90494862894972095
  0.91934020320062571  0.93561005116691831  0.95821704748789860  1.00000000000000000
 -0.02091573436181061  0.13793445983620620  0.18773832076250496  0.22158224192290876
  0.24990777505161785  0.27320420880307167  0.29382080575759290  0.31199851031297937
  0.32762972755191000  0.34182447941195415  0.35615215846024906  0.37049961472234555
  0.38446355460214660  0.39753457219043892  0.40996178613560441  0.42160331090712816
  0.43237342945397789  0.44205366733624463  0.45123815281857838  0.46026628887820403
  0.46953488087338613  0.47886997903866707  0.48823280221676468  0.49748378152941680
  0.50668844482211683  0.51556607553380573  0.52444809814223114  0.53333275214869535
  0.54208099181750435  0.54926974976206611  0.55649666802880848  0.56321592804053811
  0.56983443933297317  0.57640235413466601  0.58300863642085310  0.58982953061177568
  0.59624855499599272  0.60262862536648087  0.60891345511219064  0.61524039090460114
  0.62172152870986053  0.62764610794972653  0.63307686258246565  0.63851090976710434
  0.64378412015469944  0.64902069447579058  0.65407259710613952  0.65908088789942276
  0.66437878945306528  0.66987555177858948  0.67543790431466344  0.68080187486821819
  0.68598227975702231  0.69150722192364678  0.69698628957520437  0.70234682306038798
  0.70774564206040291  0.71334182787714306  0.71898251016179504  0.72427326859909935
  0.72937218402474124  0.73421911855718069  0.73912321833388095  0.74430330183783033
  0.74941535742670684  0.75450145237883626  0.75968126114926515  0.76492363210965808
  0.77016827173240154  0.77535159837753698  0.78036540176991831  0.78521399087238697
  0.79019430504481181  0.79487421845589201  0.79947970813659608  0.80425394863096833
  0.80906398423866688  0.81400693195868179  0.81895346143617953  0.82388158077403673
  0.82902097333554048  0.83455548048918538  0.84042596748292031  0.84620976962612016
  0.85197221133364176  0.85760222383658113  0.86386657956451840  0.87012544104816258
  0.87721346746208806  0.88523455698061781  0.89352459793632377  0.90275088263488457
  0.91318832268461858  0.92717078064401193  0.94912280036618468  1.00000000000000000
   6.8808388480370828E-007  -1.0000000000000000     
 F F F F F F F F F F F F F F F F F F F F F F F F F F F F F F F F
  <DiscreteSampler_grid>
  grouped_processes
  1 # 1 for a reference and 2 for a running grid.
  10 # Attribute 'min_bin_probing_points' of the grid.
  1 # Attribute 'grid_mode' of the grid. 1=='default',2=='initialization'
  0.0000000000000000 # Attribute 'small_contrib_threshold' of the grid.
  0.5000000000000000 # Attribute 'damping_power' of the grid.
 # binID   n_entries weight   weight_sqr   abs_weight
    22   10   8.596498971057283E+002   6.626653218999811E+006   8.596498971057283E+002
    23   10   8.596498971057279E+002   6.626653218999808E+006   8.596498971057279E+002
    25   10   8.479519229267631E+002   6.402017983691028E+006   8.479519229267631E+002
    26   10   8.479519229267623E+002   6.402017983691019E+006   8.479519229267623E+002
    28   10   7.446468479766394E+003   8.996507370769127E+007   7.446468479766394E+003
    29   10   7.446468479766391E+003   8.996507370769125E+007   7.446468479766391E+003
  </DiscreteSampler_grid>
