  0.00864954535898550  0.01878181460849231  0.02871934711141479  0.03896202366909103
  0.04903285298719907  0.05929720248066252  0.06993470124021828  0.08053972431196420
  0.09058172205633429  0.10017048552298992  0.10998810443334392  0.12011082826065689
  0.13047801669633299  0.14055585196738313  0.15036068343028461  0.16032623510089347
  0.17096006281646267  0.18198972612409584  0.19222515161152551  0.20178916868965616
  0.21112405398004044  0.22067057691933176  0.23049959228088876  0.24125211587480208
  0.25170004705603888  0.26240136210416720  0.27335776741104517  0.28422691437058462
  0.29425084492232950  0.30406571747617639  0.31382826795806573  0.32402689263780238
  0.33445184398680744  0.34457295453312342  0.35460989448751806  0.36485798861873059
  0.37521990242396352  0.38572900650746045  0.39637369135454514  0.40715160278286072
  0.41763265061982857  0.42794514370076125  0.43821344994288841  0.44846072103265916
  0.45902272985331172  0.46951316396035836  0.48016992754787796  0.49087159896877197
  0.50155683508404947  0.51222880655267689  0.52301854219792454  0.53428966777925802
  0.54543684255942071  0.55628866166400237  0.56697819877180355  0.57817045895615082
  0.58924703601746764  0.60008124831129350  0.61093904773071783  0.62149038610895579
  0.63219189207624538  0.64273068582678550  0.65350628259429311  0.66366689454089578
  0.67412465015266343  0.68497792466008955  0.69541224286351433  0.70498698557556461
  0.71464526996895339  0.72491960116582099  0.73578019366324710  0.74646979184400064
  0.75728655885945295  0.76802384581330574  0.77856272642719371  0.78897038370042549
  0.79923590536191969  0.80933698189546188  0.81931766494739655  0.82948867353848688
  0.83987301273040804  0.85037601857173695  0.86097367315682616  0.87215961215719418
  0.88409212535296122  0.89553934377298661  0.90570333626205701  0.91547505321201228
  0.92492555751385463  0.93494982017650519  0.94535172782317678  0.95592356965322811
  0.96639452640631029  0.97683680139468421  0.98763252058023621  1.00000000000000000
  0.00000270029703554  0.00000298275946713  0.00000317601831674  0.00000341246927242
  0.00000366839954448  0.00000394778877294  0.00000425677866972  0.00000460189943421
  0.00000497896688989  0.00000538859335780  0.00000583083869382  0.00000630253567845
  0.00000680222049860  0.00000732807068217  0.00000786975817657  0.00000842909219710
  0.00000901784260046  0.00000964084476792  0.00001029942625805  0.00001099516358393
  0.00001171993321109  0.00001247358467292  0.00001326343693305  0.00001408082560165
  0.00001492196395263  0.00001577651400462  0.00001664344655719  0.00001755558982615
  0.00001850950880551  0.00001949256422710  0.00002051584169665  0.00002156832782679
  0.00002266253519554  0.00002378958121723  0.00002497263927434  0.00002619733286478
  0.00002746539521096  0.00002872735869334  0.00003006587002945  0.00003146978861492
  0.00003300254615172  0.00003459686534181  0.00003622280835789  0.00003788117204214
  0.00003955522909034  0.00004126365962028  0.00004303736223069  0.00004489013442166
  0.00004682718283992  0.00004883172806497  0.00005088961345221  0.00005300865995138
  0.00005517417855795  0.00005743424152547  0.00005983850589999  0.00006240651420754
  0.00006518437969342  0.00006808517545962  0.00007107286428244  0.00007421006890136
  0.00007750889420157  0.00008092538087204  0.00008446126928294  0.00008797547761608
  0.00009152871283233  0.00009530823473757  0.00009953889401421  0.00010435589386082
  0.00010947008840430  0.00011481929721023  0.00012058273420931  0.00012685073956287
  0.00013358744225359  0.00014090484338016  0.00014892205396343  0.00015765499934163
  0.00016706373402702  0.00017745786359470  0.00018886029922725  0.00020144177614024
  0.00021558417735108  0.00023194224934494  0.00025093729595819  0.00027251885877244
  0.00029747915530002  0.00032890522837277  0.00037050917743186  0.00042304008401126
  0.00048994724758061  0.00058742053297448  0.00073710218596906  0.00099419565585389
  0.00171407593429684  0.03693128080488408  0.51131367312346032  1.00000000000000000
  0.00000227580661457  0.00000284390564410  0.00000329880988654  0.00000374899536489
  0.00000422079954325  0.00000471707400454  0.00000524702095595  0.00000579876802324
  0.00000637501832468  0.00000698298617700  0.00000760842152544  0.00000823167939582
  0.00000886294915993  0.00000952066125874  0.00001021364256108  0.00001094021359224
  0.00001168432828018  0.00001245314498491  0.00001325546925851  0.00001409411663153
  0.00001496109428921  0.00001584253942471  0.00001674324871787  0.00001765716664856
  0.00001860125475050  0.00001958775931735  0.00002058698254354  0.00002161247601334
  0.00002266624945030  0.00002375129521891  0.00002488247965691  0.00002600344116972
  0.00002723116256318  0.00002846181591809  0.00002976414129940  0.00003114347673509
  0.00003258107228592  0.00003409095164700  0.00003564623046216  0.00003723883461561
  0.00003885231834368  0.00004049468615993  0.00004216843844195  0.00004388531778294
  0.00004570291312638  0.00004760059439228  0.00004953623744328  0.00005153094241811
  0.00005356254337030  0.00005569259377775  0.00005795181210423  0.00006034457860926
  0.00006280362188659  0.00006524287876435  0.00006769960134324  0.00007031971585290
  0.00007308336468609  0.00007608374887140  0.00007926171175603  0.00008255662797534
  0.00008585335768415  0.00008920936098336  0.00009281013985416  0.00009672143410712
  0.00010088415541454  0.00010521826737230  0.00010985611514486  0.00011489648651083
  0.00012045011572602  0.00012644389091650  0.00013278843819573  0.00013919323468701
  0.00014613864331414  0.00015332093664325  0.00016092616638178  0.00016951281035658
  0.00017837551322732  0.00018848087239655  0.00019952382946801  0.00021206235527028
  0.00022635471426511  0.00024265656093581  0.00026130120239326  0.00028232157093594
  0.00030664641376381  0.00033638911710191  0.00037509918382736  0.00042564871258095
  0.00048871174111704  0.00056984614203880  0.00069170286173168  0.00090040311770589
  0.00142164972256298  0.00366072504575877  0.06047225973793678  1.00000000000000000
 -0.00252654065980965  0.00966828120773839  0.02050580800037360  0.03140544319526859
  0.04190791067952622  0.05204341453032874  0.06258274720302670  0.07337670225802731
  0.08424569886591600  0.09478838350942013  0.10489139784749892  0.11479662560997300
  0.12495712471969117  0.13552570069078718  0.14639782644661048  0.15702244806639479
  0.16723667785361546  0.17681381675458382  0.18680521738800029  0.19718121710903849
  0.20797769656500761  0.21904177008414463  0.22943155231294074  0.23962608711204159
  0.24943396191945236  0.25955439190867713  0.26985287686925308  0.28009700363868051
  0.29042749930657613  0.30086152079898293  0.31141406048433667  0.32174153793234861
  0.33231590004225003  0.34290593170204237  0.35341920246702691  0.36375616808718098
  0.37373396753689225  0.38347699799292390  0.39363339624652049  0.40394690468113204
  0.41415822775312316  0.42410777259287202  0.43431382265960000  0.44516371867774296
  0.45601532091598135  0.46648223468310046  0.47625312315967300  0.48593786399058347
  0.49634231818601920  0.50750972601926880  0.51908828046538413  0.53045931392847379
  0.54151911075266224  0.55216695357101253  0.56248034902619093  0.57315968383002958
  0.58412130312191424  0.59536189043762022  0.60607044109025798  0.61630078784552855
  0.62641510321476157  0.63679649984518583  0.64748913809334763  0.65833552333518586
  0.66926988471244009  0.68013836980867237  0.69117702325711139  0.70221627787806851
  0.71325756930740336  0.72311271924054554  0.73239771958730671  0.74189521118414159
  0.75218851209410753  0.76312270847765118  0.77400801207156400  0.78460566747086957
  0.79542022640586862  0.80608883916217022  0.81719243321799617  0.82830975325534717
  0.83923309849805805  0.85008043723705917  0.86050474992468062  0.87111913584668665
  0.88183372323299380  0.89283262903639693  0.90399861148706728  0.91502426880247267
  0.92596422817709279  0.93700847892120864  0.94795484433591903  0.95828013149430269
  0.96877459077385530  0.97890643342181571  0.98957903466498287  1.00000000000000000
 -0.00261032824436073  0.00941031619478726  0.02045750045842648  0.03197702026801646
  0.04282835351523290  0.05376367350198425  0.06379652288092080  0.07415296397876617
  0.08425690800688890  0.09471898894492460  0.10486281872466964  0.11530822641827068
  0.12520098299100763  0.13540220905936345  0.14569636670965616  0.15604299575989461
  0.16631421736781135  0.17657806645087806  0.18671419643612111  0.19710672438802226
  0.20798505433108544  0.21921286485348954  0.23042819386505836  0.24125169364490123
  0.25214750978728706  0.26270163964142978  0.27282735165831418  0.28288739724273443
  0.29345914789515848  0.30463373542735539  0.31548333738545042  0.32654634788745734
  0.33699059049249708  0.34730067728249014  0.35735580903255859  0.36762356767351162
  0.37820257379285938  0.38899462337124707  0.39983440599365905  0.41060448403684047
  0.42090792803964894  0.43143133458143129  0.44227375714373446  0.45259289337338898
  0.46299103904458183  0.47342006913261592  0.48433631602043548  0.49546452911967220
  0.50628350875730110  0.51686650785007582  0.52777728262665613  0.53861440153059892
  0.54945080698187687  0.56004014091009791  0.57069192042254169  0.58145304174910550
  0.59203519642689528  0.60205481797238580  0.61164755788732850  0.62139758526120437
  0.63111365508582939  0.64064803043375040  0.65031379085811813  0.66041372091493011
  0.67115371751269914  0.68177715082431767  0.69205106034846220  0.70200358694562015
  0.71237002843579500  0.72332472696743311  0.73410715273248583  0.74454729355148530
  0.75512844660556389  0.76575633564545487  0.77636998197203799  0.78693802236886434
  0.79800917499387458  0.80918502282329841  0.82047325186485609  0.83148276480128691
  0.84243195040483709  0.85331505396012752  0.86400359311436958  0.87442653411989335
  0.88468478015070873  0.89502376193937028  0.90593021511727989  0.91677047665097477
  0.92756595152078203  0.93830792012687869  0.94881764015741510  0.95897334537316770
  0.96902792554559081  0.97910962503466992  0.98971938868651588  1.00000000000000000
 -0.00219371272789922  0.00903794483826185  0.01957485870441180  0.03078689804312061
  0.04179322258950125  0.05246639740085716  0.06334708581049117  0.07467721716846039
  0.08551113089234029  0.09614994508217493  0.10651240011801567  0.11669398822052535
  0.12682825962183969  0.13669803317581083  0.14667381671327104  0.15680976149709711
  0.16741016862159022  0.17838367449687270  0.18982380775071434  0.20053079861142514
  0.21099402511317270  0.22148618958191105  0.23262384215745435  0.24350868225498334
  0.25333800204993795  0.26294248857784708  0.27300658614697670  0.28377180220904530
  0.29440035825355321  0.30482874119856940  0.31524689848385284  0.32595597241671043
  0.33635058114322974  0.34649059885739508  0.35660053161387212  0.36699163313430977
  0.37729541762947016  0.38771107651594156  0.39849908220717639  0.40926274419076875
  0.41945360958662414  0.42940111893024452  0.43932058167003668  0.44962040813969767
  0.46030803902259065  0.47124061027566427  0.48207212912571112  0.49256546859059025
  0.50311083501117004  0.51375731411925918  0.52467715949270632  0.53567740083679249
  0.54635994944677813  0.55689738417259660  0.56728997181687935  0.57761791614276914
  0.58832085486490870  0.59900608802826782  0.60965766913638686  0.62019686589207623
  0.63073057838078972  0.64165866641790748  0.65228999922143804  0.66296867301498463
  0.67382365887937723  0.68475303270185695  0.69612330236508757  0.70695972658198214
  0.71771281927484842  0.72800073547181965  0.73849303356231011  0.74894500500247785
  0.75990515278186577  0.77076200884740775  0.78179112291297115  0.79259206243096059
  0.80305584666694230  0.81329603282630059  0.82351393621731772  0.83397871100512144
  0.84446558750258127  0.85480297437928410  0.86499426946988933  0.87519298447056082
  0.88536640473536221  0.89595055919366307  0.90621459563583662  0.91677990965790601
  0.92725180648842209  0.93805548092373880  0.94874680708896153  0.95926323793899015
  0.96975321026953043  0.97974381901639551  0.99006951532782739  1.00000000000000000
  0.00007051348888483  0.00017442712246486  0.00027159529952365  0.00036837482546212
  0.00046814047739921  0.00057082018255557  0.00069529713284708  0.00083010462306932
  0.00097124452324524  0.00111865932576059  0.00127063744546313  0.00142640025717466
  0.00158434876532967  0.00174093749842018  0.00190638047777689  0.00208375804048485
  0.00227148053172387  0.00246730862997515  0.00267056711379597  0.00288183010864591
  0.00310495468844406  0.00333992979140360  0.00358557011215935  0.00384026895970844
  0.00410341379424693  0.00437421091836723  0.00465200626126735  0.00493871611341967
  0.00523454940325130  0.00553815263871710  0.00585120132445730  0.00617822410910683
  0.00651808872790287  0.00686949257796158  0.00723125758365247  0.00760367040564092
  0.00798829725470518  0.00838639698532374  0.00879949660543962  0.00922567666220900
  0.00966884704492718  0.01012818228225035  0.01060401900196500  0.01109753984127131
  0.01160675179749355  0.01213146898050954  0.01267117795299978  0.01322625413569774
  0.01379525363844018  0.01437973950159825  0.01498853853662293  0.01561117085934503
  0.01624619760487861  0.01691900402752987  0.01761944101473187  0.01834271437654973
  0.01908914419257958  0.01989086252430889  0.02073311163919906  0.02158578519470625
  0.02244499847972594  0.02333752988911623  0.02426450613373357  0.02522699972633682
  0.02622630575969195  0.02727413725141544  0.02838482230449329  0.02950520136195566
  0.03071327949501003  0.03203617210524618  0.03337465580905630  0.03469512299083509
  0.03607749376032993  0.03760357471476077  0.03917583542373530  0.04086911769415121
  0.04275616143465093  0.04462674620564575  0.04662027404720054  0.04881636897941979
  0.05104836266692854  0.05362765232192755  0.05618295001780423  0.05899313678168019
  0.06223683872656243  0.06595576486014378  0.06983339881923135  0.07438554421944389
  0.07949040353191890  0.08524566277571956  0.09194166055785644  0.09992257192953991
  0.11509725308218602  0.15471177212786558  0.57019879400218432  1.00000000000000000
 -0.00212388933783456  0.00864583566309289  0.01844378747865863  0.02884370316225387
  0.03926170790893366  0.04955533095169468  0.05976242779017203  0.07017174358309679
  0.08046872710965004  0.09055458211146708  0.10040231174436509  0.11030170004903410
  0.12033904125526312  0.13051961878451396  0.14094293103101249  0.15127315272949288
  0.16133020294722752  0.17146315635588125  0.18220775152794802  0.19303933151269689
  0.20368259075070780  0.21398804770515367  0.22441333530722965  0.23478580072713723
  0.24493800556259029  0.25496977841844970  0.26518255272371583  0.27568093432642715
  0.28634063945715271  0.29694347816352007  0.30815630012768858  0.31865436055317620
  0.32897487713774975  0.33810067719817649  0.34776781405460117  0.35757874604961137
  0.36796855858395477  0.37887886839708645  0.38974789298152884  0.40016356799733360
  0.41023927411976524  0.42138758467148779  0.43377314261353400  0.44633038316449830
  0.45850245135341999  0.47042885577970539  0.48236116343509317  0.49457643594860556
  0.50681645494914596  0.51848020064469313  0.52976851319473905  0.54146902349312220
  0.55366539714185969  0.56578630597786128  0.57738949581615073  0.58837715917269928
  0.59895924915892507  0.60975486107552190  0.62046769958795334  0.63137774181380202
  0.64238494142690350  0.65339056927616379  0.66388235099782522  0.67381909269746099
  0.68337544368225189  0.69346216853219789  0.70394717565566900  0.71441026565723942
  0.72487991161296761  0.73512724347330916  0.74543277761192328  0.75558497157838944
  0.76544829242297052  0.77517880603043987  0.78515570540406121  0.79537014366164771
  0.80573535644256189  0.81608632145405624  0.82657350694131682  0.83682262640977445
  0.84709433648415067  0.85713793207267386  0.86744793244537843  0.87796574739784006
  0.88873912067214933  0.89909076828865664  0.90944626216257374  0.91932859794857691
  0.93018388274855535  0.94001045978541287  0.94997659487250941  0.96039212870331592
  0.97109096113883764  0.98122863868082588  0.99085067957686979  1.00000000000000000
 -0.04442999398130609  0.28996309268174775  0.35970637367230557  0.38474102089729573
  0.39929928679777837  0.41232872170389206  0.42438179245873942  0.43551306170764525
  0.44569202908261596  0.45539410894192073  0.46455422024411858  0.47312930299332745
  0.48169651588223222  0.49041525330243585  0.49958399162009681  0.50889160406489786
  0.51797120866416480  0.52697500813234111  0.53626279447674141  0.54626836140697055
  0.55669940208993041  0.56742340833479954  0.57781991367983077  0.58763671459008948
  0.59776275700128567  0.60842545734766207  0.61941441515554296  0.63075636191466955
  0.64231784690672999  0.65417455707765326  0.66555702057806931  0.67681502243834901
  0.68815778722180476  0.70009923693156573  0.71161155239215856  0.72189155445226971
  0.73210263128654551  0.74271571640240053  0.75360880446542489  0.76446076745266756
  0.77513385851058170  0.78534304422520229  0.79586689908874408  0.80694658954963849
  0.81802066901735138  0.82810704435496651  0.83771936054639251  0.84694913198285093
  0.85608687277695761  0.86463846826201596  0.87295436254379855  0.88080373488419661
  0.88832471470009100  0.89546986557642150  0.90219021489589135  0.90841179446234133
  0.91416037944744466  0.91945013674910081  0.92438156274670946  0.92904923424748653
  0.93347647073161744  0.93763512924336312  0.94155392833459284  0.94525986920424498
  0.94876327371373992  0.95204878443563634  0.95512251977653828  0.95799848088846962
  0.96070075257895726  0.96326268856184460  0.96567350811582098  0.96794602354993553
  0.97009738289984726  0.97214577027284110  0.97409201696050585  0.97594362204424256
  0.97770005330495702  0.97936691925461294  0.98096292797067119  0.98249423666164404
  0.98394796620384839  0.98533262809786337  0.98665196924809828  0.98789892293294745
  0.98906674933970962  0.99016482623092161  0.99120862330455983  0.99220416088650265
  0.99315312062843464  0.99405906491738061  0.99493400216429018  0.99578077651820063
  0.99661296577430369  0.99744825067338005  0.99857093294348809  1.00000000000000000
 -0.03350181865375576  0.14041078501312437  0.18844312194152818  0.21555324315212132
  0.23652429932300281  0.25505101316264561  0.27173990069950138  0.28681930180921655
  0.30034186540297297  0.31302381734698526  0.32511276488869972  0.33664357716481169
  0.34783776948927503  0.35856970392602383  0.36891410606624930  0.37872998677529485
  0.38818649859638016  0.39702521955261527  0.40523120498847831  0.41311346871392213
  0.42091055240567166  0.42870218575627989  0.43654763742281233  0.44429595784402165
  0.45175996229931620  0.45888081345411025  0.46584387922122894  0.47274904555759639
  0.47978043036116619  0.48687525481144778  0.49402968200323200  0.50115050690652363
  0.50807003448663823  0.51460036099506168  0.52073090156230473  0.52656458500446468
  0.53242936831254783  0.53856137787031644  0.54478429576367904  0.55093874190132497
  0.55700029853554522  0.56288234887818378  0.56863768851729257  0.57441800785625852
  0.58027388809452152  0.58613552384240308  0.59193828788456193  0.59773230844011238
  0.60347540353206675  0.60932490257070115  0.61513217406851095  0.62090915684901904
  0.62653601189283614  0.63205908831641189  0.63757352041009119  0.64301346676405036
  0.64835959762221962  0.65359384612544358  0.65881055084378848  0.66395963525664170
  0.66908595735942245  0.67440761446777719  0.67991933523975634  0.68552858836980479
  0.69106148423794422  0.69653493549018175  0.70188539654169924  0.70734495058237556
  0.71270270031812966  0.71801670013100483  0.72329425617082665  0.72853177441580053
  0.73382468822505909  0.73936511539666261  0.74513360148117391  0.75114705935831028
  0.75721819419912739  0.76346366769476726  0.76959212868917015  0.77560389011752306
  0.78149204378135118  0.78766888246642752  0.79411117886423144  0.80095895560360675
  0.80813622519421513  0.81538090357485415  0.82283996014487626  0.83085267604878055
  0.83958232803688870  0.84903826110794189  0.85888131322929739  0.86956020583093030
  0.88144970067627726  0.89647437214899461  0.92364226517647030  1.00000000000000000
   7.0090064448266550E-009  -1.0000000000000000     
 F F F F F F F F F F F F F F F F F F F F F F F F F F F F F F F F F F F F F F F F F F F F F F F F F F F F F F F F F F F F F F F F F F F F F F F F F F F F F F F F F F F F F F F F F F F F F F F F F F F F F F F F F F F F F F F F F F F F F F F F F F F F F F F F
  <DiscreteSampler_grid>
  grouped_processes
  1 # 1 for a reference and 2 for a running grid.
  10 # Attribute 'min_bin_probing_points' of the grid.
  1 # Attribute 'grid_mode' of the grid. 1=='default',2=='initialization'
  0.0000000000000000 # Attribute 'small_contrib_threshold' of the grid.
  0.5000000000000000 # Attribute 'damping_power' of the grid.
 # binID   n_entries weight   weight_sqr   abs_weight
    109   10   1.433181901567347E+004   1.482701386842558E+009   1.433181901567347E+004
    112   10   3.667764353501440E+004   9.717004711270821E+009   3.667764353501440E+004
    113   10   3.667764353501477E+004   9.717004711271069E+009   3.667764353501477E+004
    121   10   3.673536362561540E+004   9.743713524767086E+009   3.673536362561540E+004
    122   10   3.673536362561578E+004   9.743713524767336E+009   3.673536362561578E+004
    124   10   2.917299655329509E+004   5.916217359140051E+009   2.917299655329509E+004
    125   10   2.917299655329539E+004   5.916217359140203E+009   2.917299655329539E+004
    139   10   4.320580138542363E+004   1.011769019892422E+010   4.320580138542363E+004
    140   10   4.320580138542402E+004   1.011769019892447E+010   4.320580138542402E+004
    148   10   3.650407159856111E+004   9.702307565684464E+009   3.650407159856111E+004
    149   10   3.650407159856150E+004   9.702307565684719E+009   3.650407159856150E+004
    151   10   2.362122334325365E+004   4.016314091144614E+009   2.362122334325365E+004
    154   10   4.716696186582570E+004   1.603771221980373E+010   4.716696186582570E+004
    155   10   4.716696186582619E+004   1.603771221980414E+010   4.716696186582619E+004
    157   10   4.320580138542363E+004   1.011769019892422E+010   4.320580138542363E+004
    158   10   4.320580138542402E+004   1.011769019892447E+010   4.320580138542402E+004
    166   10   4.817284329797429E+004   1.598991477915854E+010   4.817284329797429E+004
    167   10   4.817284329797477E+004   1.598991477915894E+010   4.817284329797477E+004
    175   10   4.676566787516214E+004   1.594632745443881E+010   4.676566787516214E+004
    176   10   4.676566787516262E+004   1.594632745443923E+010   4.676566787516262E+004
    181   10   3.650407159856112E+004   9.702307565684467E+009   3.650407159856112E+004
    182   10   3.650407159856150E+004   9.702307565684719E+009   3.650407159856150E+004
    190   10   1.433181901567347E+004   1.482701386842558E+009   1.433181901567347E+004
    193   10   3.667764353501440E+004   9.717004711270821E+009   3.667764353501440E+004
    194   10   3.667764353501477E+004   9.717004711271069E+009   3.667764353501477E+004
    202   10   3.673536362561540E+004   9.743713524767086E+009   3.673536362561540E+004
    203   10   3.673536362561578E+004   9.743713524767336E+009   3.673536362561578E+004
    205   10   2.362122334325365E+004   4.016314091144614E+009   2.362122334325365E+004
    208   10   4.716696186582570E+004   1.603771221980373E+010   4.716696186582570E+004
    209   10   4.716696186582618E+004   1.603771221980414E+010   4.716696186582618E+004
    214   10   1.433181901567347E+004   1.482701386842558E+009   1.433181901567347E+004
    256   10   2.362122334325365E+004   4.016314091144614E+009   2.362122334325365E+004
    295   10   1.433181901567347E+004   1.482701386842558E+009   1.433181901567347E+004
    310   10   2.362122334325365E+004   4.016314091144615E+009   2.362122334325365E+004
  </DiscreteSampler_grid>
