  0.00000276735983203  0.00000284370001499  0.00000291029494230  0.00000298901655962
  0.00000308025057633  0.00000318921951825  0.00000332000304850  0.00000346603371368
  0.00000362287466318  0.00000379126597708  0.00000396781657465  0.00000414334156958
  0.00000432570248895  0.00000453475721002  0.00000476286962811  0.00000500149442384
  0.00000525728356790  0.00000552160493733  0.00000579246452222  0.00000608878265293
  0.00000640741049897  0.00000674184367090  0.00000712902745209  0.00000758111428712
  0.00000806248773059  0.00000855408421442  0.00000906086833523  0.00000960315167065
  0.00001015988128014  0.00001075408117396  0.00001139324221246  0.00001204760855916
  0.00001271668191546  0.00001341554124726  0.00001414837922135  0.00001491126356616
  0.00001571133544344  0.00001652439774610  0.00001751307147447  0.00001851946905316
  0.00001954533378290  0.00002060568065759  0.00002170464923840  0.00002285434081294
  0.00002410547404284  0.00002546016241213  0.00002689163260082  0.00002833680275770
  0.00002981223233829  0.00003135011278921  0.00003295383765799  0.00003462006436388
  0.00003637809847308  0.00003825316203185  0.00004018754303508  0.00004223787601600
  0.00004444923669456  0.00004681291048126  0.00004931949406264  0.00005194591222372
  0.00005468309777763  0.00005761417735695  0.00006087570041369  0.00006424721193817
  0.00006779628190969  0.00007154548529736  0.00007567365083457  0.00008015781551665
  0.00008469294305297  0.00008960426796034  0.00009490978339520  0.00010075130582382
  0.00010748205224653  0.00011501477453112  0.00012313604395003  0.00013180269637586
  0.00014111412424293  0.00015156344073111  0.00016370449261630  0.00017795785760144
  0.00019388163773074  0.00021122009470577  0.00023087024399602  0.00025509448678137
  0.00028396554569332  0.00032010782540889  0.00036226197497727  0.00042094215833460
  0.00050304639262860  0.00061534090612670  0.00075568280085622  0.00094875083158592
  0.00135172599062966  0.00220741569013731  0.00603718531133284  1.00000000000000000
  0.00000238564732111  0.00000268881819411  0.00000298037872666  0.00000327224350206
  0.00000356477328485  0.00000386336061223  0.00000416731057972  0.00000449934147993
  0.00000483101251939  0.00000520083718428  0.00000558765718951  0.00000598011256001
  0.00000638469616343  0.00000681260253552  0.00000726210098565  0.00000772275314198
  0.00000818462714741  0.00000865114328967  0.00000915554613165  0.00000970324797125
  0.00001028526450720  0.00001089330851619  0.00001151236819457  0.00001215213324827
  0.00001283725610744  0.00001356557027835  0.00001430303367933  0.00001504106108596
  0.00001578406277470  0.00001649978225069  0.00001730381217612  0.00001818204376945
  0.00001906692118552  0.00001999395155554  0.00002095896984509  0.00002194124541153
  0.00002297269231420  0.00002412164249528  0.00002529631726771  0.00002656940147077
  0.00002790800869471  0.00002929184163592  0.00003070659589615  0.00003218486385149
  0.00003371443891498  0.00003526064826795  0.00003687056286276  0.00003855271012267
  0.00004028061031297  0.00004208567059684  0.00004396745169872  0.00004591308881501
  0.00004796687548907  0.00004999707549692  0.00005217152583130  0.00005447160712200
  0.00005695436645471  0.00005969574800605  0.00006262043784462  0.00006561327586461
  0.00006873842731809  0.00007209359802852  0.00007563263170379  0.00007939320618505
  0.00008348535735992  0.00008772531655513  0.00009243317949982  0.00009779116404230
  0.00010359395142689  0.00010953970585954  0.00011557027545777  0.00012196026719167
  0.00012898094381063  0.00013679455186726  0.00014547042094834  0.00015495782846209
  0.00016554733068242  0.00017757485271967  0.00019139588848839  0.00020726271312228
  0.00022583209502383  0.00024847104947439  0.00027563126654337  0.00030742183202214
  0.00034398207111033  0.00038768819022459  0.00044114754611353  0.00051755719249730
  0.00062442939725828  0.00078430117862656  0.00100568981009642  0.00137290121347497
  0.00235690356969680  0.00623525293686929  0.14915215207851659  1.00000000000000000
 -0.00268747827963704  0.01047554171592816  0.02153772561512435  0.03152085833469697
  0.04117630179210097  0.05072914961327590  0.06088460644029840  0.07113909359245091
  0.08124820705893909  0.09201296280201246  0.10269104621750332  0.11327228591486403
  0.12295829422497165  0.13247521666586867  0.14210885716152041  0.15215586567691194
  0.16322556187483084  0.17409110873929082  0.18487542682263053  0.19591070970849483
  0.20736165954303210  0.21827293017513280  0.22904688212114774  0.23932099426596531
  0.24932210461249110  0.25964657647637096  0.27038973892537244  0.28150598613891437
  0.29287061844498735  0.30360780841365526  0.31433081765635790  0.32452802758961413
  0.33504205514799595  0.34570183637701568  0.35650662745110639  0.36791703824124233
  0.37793488702208267  0.38781238226063658  0.39805815246762122  0.40902706210330392
  0.41988423596734586  0.43043252031480866  0.44127806562534988  0.45190741007304919
  0.46240345434842939  0.47238484955193905  0.48206558120868087  0.49182675780629026
  0.50129141969605329  0.51094789030033649  0.52102376888649649  0.53182228992544933
  0.54272961657899199  0.55401408002048069  0.56523334354958921  0.57698807305420607
  0.58845606438508347  0.59993081190937880  0.61137069435540159  0.62281030731168696
  0.63390419687395227  0.64436610358004365  0.65464979852340832  0.66520803503307191
  0.67656890305186235  0.68829358354129200  0.69963851343825345  0.71083442383530693
  0.72181886744631085  0.73197740407964129  0.74145086174858688  0.75060372918094420
  0.76053598610695650  0.77106664911261635  0.78194973857961969  0.79230217830563832
  0.80315539352614485  0.81347441166564938  0.82377082719859951  0.83371722458111441
  0.84359862108230499  0.85340017046727434  0.86331967124886100  0.87367366170454053
  0.88537473096736541  0.89728760827817755  0.90872609973308904  0.92015314063109033
  0.93060790077798128  0.94054623293442452  0.95003305603241306  0.95968426179268673
  0.96899434979104337  0.97823310962271726  0.98866018874687045  1.00000000000000000
  0.00003988861822063  0.00015367569207227  0.00045603374905698  0.00084233342802217
  0.00124882732258585  0.00156256172120886  0.00189601799154572  0.00224604489975388
  0.00260348132362648  0.00296541875108774  0.00333457874108175  0.00372659119358986
  0.00413218170373065  0.00454457842522893  0.00496256567861885  0.00538687081757940
  0.00582342325785376  0.00626447455946805  0.00671431626821832  0.00716843500811172
  0.00762475563097250  0.00808250019016307  0.00854883522315325  0.00903141638146241
  0.00951909967212772  0.01000137824907151  0.01048947682667818  0.01098403141410271
  0.01147478403693927  0.01197419734834899  0.01248753990225282  0.01300445704853346
  0.01351108050470002  0.01401101957062351  0.01450225871474637  0.01502273047614130
  0.01555268671570832  0.01609493601781124  0.01664502513761946  0.01721676399350128
  0.01781578342332199  0.01842171519551146  0.01908621791322338  0.01974551000164492
  0.02037226624803039  0.02101589329764811  0.02165367349621229  0.02228734440472533
  0.02296395552543919  0.02368980610554476  0.02442450302555368  0.02513462697808087
  0.02586158535571964  0.02660317766928360  0.02736078277361681  0.02816782220747483
  0.02906129494587496  0.02993359496551071  0.03070223126575140  0.03142668694908704
  0.03219360794351557  0.03299360125417839  0.03382181905739613  0.03466425590542397
  0.03558485236588181  0.03659420349033673  0.03758909982755204  0.03869879468594403
  0.03987275385328909  0.04108528398085046  0.04221985043026047  0.04348121331812999
  0.04480487612394085  0.04617012035121489  0.04752939146795102  0.04894732111812298
  0.05041066147920405  0.05189816731398961  0.05355763922490011  0.05539305729879477
  0.05725267253608995  0.05917480570088970  0.06151195296079744  0.06427879809424482
  0.06757901806461275  0.07141122318862457  0.07491445007768209  0.07810100599217963
  0.08155477981065944  0.08523830588905171  0.09143590229475269  0.10326438488014038
  0.12003898651232969  0.14500455872792359  0.68622581087375156  1.00000000000000000
 -0.00291292288707526  0.01106074144794519  0.02284570042538254  0.03458962523888753
  0.04647161182131983  0.05801685347929956  0.06974768252249730  0.08177558801617330
  0.09373864194920536  0.10523550318761102  0.11613465825145382  0.12724983843807675
  0.13933094069831092  0.14952858694619847  0.15956059916766749  0.16929598114243530
  0.17951947630039991  0.18999814943116072  0.19968432424117069  0.20876650640988934
  0.21739885275923090  0.22644524923501805  0.23592022534608983  0.24555684105191380
  0.25527082778927529  0.26516894756549664  0.27518493190109899  0.28544251273704474
  0.29573300682212361  0.30621838076056407  0.31684761884270418  0.32752394523672046
  0.33821563239093100  0.34892091856836838  0.35980716045483391  0.37080699760211427
  0.38124108545792412  0.39137649867508512  0.40143331068840143  0.41176597266136855
  0.42191124153605075  0.43222484558245355  0.44270002326682995  0.45338430624261145
  0.46337209861617024  0.47275810541330399  0.48230967514713807  0.49224967929751862
  0.50249774765506061  0.51243600473949535  0.52279356392116927  0.53402628325923929
  0.54510136203810011  0.55532688643013584  0.56511964230703582  0.57515318223751177
  0.58485469502899468  0.59451128873228887  0.60414190619668706  0.61400566494274822
  0.62436799814986288  0.63477008895932352  0.64510970283569957  0.65544153726131638
  0.66587284597107665  0.67639028628847941  0.68681330003406171  0.69693549561909796
  0.70693635064386484  0.71711423363497773  0.72739043104462531  0.73748819872977278
  0.74739074329474831  0.75757454720477357  0.76796151678262559  0.77771649737844273
  0.78701820435690883  0.79702800199821255  0.80778382708619001  0.81782182234737433
  0.82691407886083634  0.83633607695193857  0.84684929207909443  0.85815229530519077
  0.86932708984280083  0.88100158677628104  0.89282381628791285  0.90458231845647785
  0.91644242967901446  0.92853800866298664  0.94134941141006767  0.95374727238093637
  0.96594407707193763  0.97707541279570331  0.98871270396636901  1.00000000000000000
  0.05221945570982640  0.18630828206331393  0.30223268779150592  0.38277649952974258
  0.43052731956639401  0.46007516782378832  0.48365986408659623  0.50728261265626984
  0.53103473046470651  0.55214202175656169  0.57231208661596877  0.59199958225341887
  0.61038438220489499  0.62991350813423919  0.64943339417017543  0.66686166397211311
  0.68203897103786504  0.69705610333907031  0.71180882343230534  0.72683755944011363
  0.74094613065064807  0.75463489774838455  0.76704785140052845  0.77831083269107693
  0.78871918905812588  0.79872256849156875  0.80834195946076870  0.81763234413651054
  0.82632061681342039  0.83432796355938832  0.84169078532963371  0.84858068034523726
  0.85527980660797398  0.86143414374225191  0.86758245524354982  0.87345767743460445
  0.87901635137541445  0.88421561125388914  0.88912540475982738  0.89401479559919561
  0.89859311613212312  0.90306837376176596  0.90720547616648128  0.91119265130570970
  0.91504265463349255  0.91864466810431045  0.92201991161753805  0.92529923891696331
  0.92856200049167570  0.93176748381958630  0.93486909664124795  0.93785461194840147
  0.94048191691487015  0.94304412255569681  0.94556251236883826  0.94800452952653713
  0.95035075505574396  0.95261015388805714  0.95481207078638974  0.95696276065247965
  0.95900081054079356  0.96084917651238322  0.96263830706383047  0.96443488608010330
  0.96623406918790811  0.96795641852677894  0.96957068937336766  0.97114607212505200
  0.97271185824833306  0.97422701129253331  0.97566159339951630  0.97705367938950205
  0.97840922773555650  0.97974917763061553  0.98094142991075572  0.98207342725503710
  0.98318158411716272  0.98425264911297627  0.98528621983785436  0.98623353647603740
  0.98714030537863295  0.98802085721624477  0.98889996312841855  0.98976677639291011
  0.99060924543026463  0.99145445899602724  0.99226073231144374  0.99303111928151855
  0.99378743592363927  0.99454279466292106  0.99530153020125745  0.99608538460265805
  0.99691144999087200  0.99780971941505159  0.99883355774565785  1.00000000000000000
 -0.02320867648601943  0.11643338972664788  0.15930625545142607  0.18730569640327546
  0.21002529115944735  0.22812596942321636  0.24416223687105831  0.25885219792702469
  0.27261724206794297  0.28537050574582029  0.29759731636332409  0.30955643301638885
  0.32087111071250590  0.33148943776000822  0.34150413943957397  0.35151015594220564
  0.36125509048052690  0.37120675275085274  0.38083273747990704  0.39033246061571270
  0.39939035181350302  0.40800802875810632  0.41633288730212858  0.42461968209873407
  0.43276437969729387  0.44069807707385367  0.44825401877978244  0.45543537495187081
  0.46240108729383617  0.46940910613891618  0.47649235104769810  0.48345138618608430
  0.49012061796512818  0.49666461334044770  0.50310372381120461  0.50943398057290878
  0.51567428165510754  0.52164007689604996  0.52737184867394682  0.53310613549892727
  0.53889754203099960  0.54464739790969141  0.55030066805719868  0.55638527645237645
  0.56266715784055332  0.56857193766508896  0.57436158993296904  0.58023012179341704
  0.58622892249521730  0.59240517789334435  0.59863919136384547  0.60485954336738124
  0.61105489203102625  0.61698972710681910  0.62260521761302035  0.62815463863599841
  0.63388369428438474  0.63970942213169035  0.64524486815853233  0.65047129624422184
  0.65551337571027435  0.66074131434409689  0.66621392328376061  0.67176481324810344
  0.67739025652189222  0.68315599689547890  0.68894532003123277  0.69464595436580356
  0.70020165834636217  0.70566914088419286  0.71132978948240733  0.71719550467401016
  0.72310532025399721  0.72914419824727317  0.73534277048517815  0.74143656080900988
  0.74748863706302671  0.75355843417051271  0.75977474024564351  0.76616117476888057
  0.77262145408023508  0.77938084333573232  0.78659887712318344  0.79376524750888733
  0.80113072798326934  0.80877180105817525  0.81675333961501639  0.82554508463374032
  0.83487577066100183  0.84462715031850288  0.85495746735954559  0.86650813069735244
  0.88023184501984542  0.89776231094841707  0.92609710439129611  1.00000000000000000
   1.5113082978982748E-006  -1.0000000000000000     
 F F F F F F F F F F F F T F F F F F F F F F F F F F F F T F F F
  <DiscreteSampler_grid>
  grouped_processes
  1 # 1 for a reference and 2 for a running grid.
  10 # Attribute 'min_bin_probing_points' of the grid.
  1 # Attribute 'grid_mode' of the grid. 1=='default',2=='initialization'
  0.0000000000000000 # Attribute 'small_contrib_threshold' of the grid.
  0.5000000000000000 # Attribute 'damping_power' of the grid.
 # binID   n_entries weight   weight_sqr   abs_weight
    112   10   2.674343622207525E+004   2.361969913669395E+009   2.674343622207525E+004
    113   10   2.674343622207575E+004   2.361969913669513E+009   2.674343622207575E+004
    115   10   7.875250533124962E+001   1.836389575628606E+004   7.875250533124962E+001
    116   10   7.875250533125102E+001   1.836389575628699E+004   7.875250533125102E+001
    154   10   2.674343622207525E+004   2.361969913669395E+009   2.674343622207525E+004
    155   10   2.674343622207575E+004   2.361969913669513E+009   2.674343622207575E+004
    157   10   7.875250533124961E+001   1.836389575628606E+004   7.875250533124961E+001
    158   10   7.875250533125102E+001   1.836389575628699E+004   7.875250533125102E+001
    163   10   1.433358664203677E+003   6.766418129720030E+006   1.433358664203677E+003
    164   10   1.433358664203704E+003   6.766418129720369E+006   1.433358664203704E+003
    166   10   1.433358664203676E+003   6.766418129720029E+006   1.433358664203676E+003
    167   10   1.433358664203704E+003   6.766418129720367E+006   1.433358664203704E+003
    202   10   1.433358664203677E+003   6.766418129720028E+006   1.433358664203677E+003
    203   10   1.433358664203704E+003   6.766418129720369E+006   1.433358664203704E+003
    205   10   1.433358664203676E+003   6.766418129720027E+006   1.433358664203676E+003
    206   10   1.433358664203704E+003   6.766418129720367E+006   1.433358664203704E+003
    226   10   2.605371795369992E+004   2.240370098222976E+009   2.605371795369992E+004
    227   10   2.605371795370042E+004   2.240370098223092E+009   2.605371795370042E+004
    229   10   1.238418244632143E+002   2.910873795854046E+004   1.238418244632143E+002
    230   10   1.238418244632158E+002   2.910873795854141E+004   1.238418244632158E+002
    244   10   2.605371795369992E+004   2.240370098222976E+009   2.605371795369992E+004
    245   10   2.605371795370042E+004   2.240370098223091E+009   2.605371795370042E+004
    253   10   1.238418244632143E+002   2.910873795854046E+004   1.238418244632143E+002
    254   10   1.238418244632158E+002   2.910873795854141E+004   1.238418244632158E+002
    274   10   1.392201387503129E+003   6.423200366031373E+006   1.392201387503129E+003
    275   10   1.392201387503156E+003   6.423200366031701E+006   1.392201387503156E+003
    277   10   1.392201387503129E+003   6.423200366031374E+006   1.392201387503129E+003
    278   10   1.392201387503155E+003   6.423200366031701E+006   1.392201387503155E+003
    295   10   1.392201387503129E+003   6.423200366031373E+006   1.392201387503129E+003
    296   10   1.392201387503156E+003   6.423200366031701E+006   1.392201387503156E+003
    304   10   1.392201387503129E+003   6.423200366031374E+006   1.392201387503129E+003
    305   10   1.392201387503155E+003   6.423200366031701E+006   1.392201387503155E+003
  </DiscreteSampler_grid>
