  0.00952883741247794  0.01583214018806852  0.02261856741613914  0.02902652895969783
  0.03512185834438329  0.04127021886779557  0.04839463301242412  0.05681370023914047
  0.06579891955482499  0.07577780525642379  0.08761046743682735  0.10106901050019164
  0.11378748602443756  0.12477357141251925  0.13446371823726583  0.14318100829652378
  0.15359708815363846  0.16680990457139469  0.17681342551431639  0.18499822297930990
  0.19350532375398119  0.20243795304404455  0.21345952096424353  0.22515416347486436
  0.23628468335342404  0.24712454444846269  0.25825098135754837  0.27137486821723122
  0.28243622781079614  0.29280580594810396  0.30240216130677000  0.31047181971887167
  0.31842618686586793  0.32657759514255080  0.33686722231814953  0.34942927774282739
  0.36011867460418601  0.36965579862587861  0.37867887737548017  0.38610745535209073
  0.39188420868232404  0.39738346855925033  0.40299790416943870  0.40817484147042332
  0.41504437402782518  0.42484354639917910  0.43540213697452074  0.44438833720917270
  0.45199093562731502  0.45931504662229045  0.46767401664977731  0.47782372300688930
  0.48889794240615536  0.50118400561016552  0.51661252633894661  0.53217312146479867
  0.54525646274652051  0.55543519745046777  0.56738819297827114  0.58120251583277094
  0.59355941296017012  0.60463817051187074  0.61545545634772836  0.62659213227876065
  0.63746543938050648  0.64765367637962423  0.65861471131076510  0.66877219792074827
  0.68146989968713323  0.69253576143026052  0.70390828494295121  0.71706574324471728
  0.73074920291826084  0.74377644876397520  0.75504976474226870  0.76495584854830734
  0.77450443763391885  0.78222888262897361  0.79242639200396181  0.80442389177303197
  0.81718262105717143  0.83026634536353794  0.84460333274347699  0.85990285977027836
  0.87541650368861124  0.89197744237806209  0.90916304178093643  0.91727189190778191
  0.92473970512023318  0.93188186703803910  0.93881127399349174  0.94991621993139286
  0.96298937686602326  0.97329167275188544  0.98576886555620857  1.00000000000000000
  0.00009622587818262  0.00011058324801122  0.00011225177134648  0.00011380716110638
  0.00011522869861767  0.00011636189457132  0.00011721723165163  0.00011802339042140
  0.00011875773720195  0.00011943363853825  0.00012028026688934  0.00012110971521584
  0.00012192942204739  0.00012277595036104  0.00012355001839975  0.00012427837105153
  0.00012501846985455  0.00012579791560742  0.00012660747263411  0.00012747188664577
  0.00012850907420923  0.00012958433504216  0.00013059092878016  0.00013168075043016
  0.00013273856182549  0.00013387458119112  0.00013508282202464  0.00013632607245008
  0.00013760817225688  0.00013897984485884  0.00014027340301908  0.00014144523478952
  0.00014251864476288  0.00014365963645897  0.00014498741974133  0.00014648972665870
  0.00014795173939493  0.00014915266868514  0.00015039563927542  0.00015154230158435
  0.00015274260857075  0.00015381653860048  0.00015471970440330  0.00015565914942398
  0.00015675048625308  0.00015802605023458  0.00015999779127240  0.00016221358293216
  0.00016450546044988  0.00016688718475011  0.00016923808977167  0.00017149962273256
  0.00017359681874644  0.00017538683101030  0.00017729749819140  0.00017921630330698
  0.00018115474760593  0.00018341926020886  0.00018562932656749  0.00018782869773369
  0.00019027203897592  0.00019256809873211  0.00019474878773535  0.00019711160881311
  0.00020043758478224  0.00020442003989659  0.00020948409643678  0.00021445912607781
  0.00022006558390139  0.00022682720977283  0.00023429895706944  0.00024024412266349
  0.00024617266653427  0.00025214497591222  0.00025864833402290  0.00026527756363560
  0.00027207152447889  0.00028039780184946  0.00028835559856522  0.00029575462235460
  0.00030298861615470  0.00031083178884401  0.00032013656762456  0.00033156291827709
  0.00034430604527208  0.00036242592118961  0.00038577168121729  0.00041151312330647
  0.00043873059692347  0.00047485980340664  0.00053259216615138  0.00062492807504212
  0.00076388703633237  0.00097003785733396  0.08626002003581963  1.00000000000000000
 -0.00002991896810607  0.00063645526136214  0.00242241897719675  0.00473675938659910
  0.00699026268766784  0.01091022204263009  0.01610060150744505  0.02157448686301131
  0.02568965338975321  0.02927359654483356  0.03331233503225615  0.04009781283488544
  0.04660758205128685  0.05263911870806448  0.05866108286054684  0.06518527033785933
  0.07225692983573102  0.07934145381411434  0.08771494493824637  0.09642655540870484
  0.10445271612317129  0.11277399139471066  0.12150071879890448  0.13007948107715669
  0.14061626855232118  0.15288062293509444  0.16137184718358086  0.16881393236806860
  0.17668490026104525  0.18440668702728730  0.19221485175844841  0.20091657739883195
  0.21321093027457597  0.22631220971897439  0.23887249156621701  0.25118447312527314
  0.26362127133363927  0.27594379364208049  0.28526966134979964  0.29374178774835874
  0.30251321849813206  0.31228780522836747  0.32321663026738978  0.33273694368794682
  0.34365282920811985  0.35600705919795939  0.36915834958221366  0.38368976835759910
  0.39652890139586466  0.41000700253750522  0.42377076629329352  0.43710193364818217
  0.45052115577673718  0.46386501568743133  0.47614352093937518  0.48715100260342536
  0.49717653404026785  0.50707432377512274  0.51726939875846989  0.52861157982966056
  0.54012230295646235  0.55250932357113203  0.56696455719679739  0.58310214094078816
  0.59815397314773866  0.61075496293677978  0.62183439930210505  0.63384463128318191
  0.64368271283686085  0.65370039040966887  0.66515335657929142  0.67720869026625230
  0.68847999383809666  0.69979286180793820  0.71389186358094048  0.73016623414648651
  0.74681091816274625  0.76202615665445805  0.77494636282811236  0.78989395009053032
  0.80563336669207597  0.82044432710964255  0.83305566075578041  0.84541230177127025
  0.85824147158894448  0.87125626374757770  0.88385603425213966  0.89604962171484070
  0.90679448841466515  0.91729067663017849  0.92901340930446996  0.94291338530885327
  0.95793020606008628  0.97136607544043452  0.98550137681829508  1.00000000000000000
 -0.00145156024749491  0.00645136488109892  0.01292206471297338  0.01878213631304794
  0.02505196214943527  0.03403627328891977  0.04435081213392680  0.05648095711332651
  0.06990181542041031  0.08349478499359410  0.09687262689397137  0.10807695357782128
  0.11980184449843870  0.13396984770986559  0.14692290784126208  0.15691186576769098
  0.16490036883978765  0.17465299887318417  0.18556198699193527  0.19365120425428287
  0.20006833659321893  0.20601834433852526  0.21236230167851211  0.22045386258212857
  0.23039722133996551  0.24210886420689853  0.25519401998792618  0.26674247517888700
  0.27631952664374432  0.28414826284860811  0.29133037760384117  0.29929616675214676
  0.31004850518226695  0.32123238888053596  0.33113833248362357  0.34210237586545900
  0.35492309230139113  0.36761619084929065  0.37995747373901390  0.39193338110339143
  0.40406080120408050  0.41310819503160445  0.41946612976185510  0.42724266362139046
  0.43489736671675006  0.44433433868590222  0.45751668637166515  0.46980841432746795
  0.47996437202103592  0.48843476818693854  0.49669617553188672  0.50515280504004834
  0.51444326302812526  0.52592180931113197  0.53975474380628752  0.55582846207021663
  0.57119757676650018  0.58328736687823612  0.59369437646153922  0.60519852725272694
  0.61531243181882200  0.62436713148236722  0.63350584716889213  0.64352174267206519
  0.65430681083240172  0.66530228880993458  0.67713365295608552  0.68993544342372337
  0.70328399983673984  0.71712515942973432  0.72643986024628593  0.73518019882266605
  0.74424301956137762  0.75435154866848142  0.76634508785007027  0.78144965820524881
  0.79479899702120815  0.80445078066532516  0.81320951743531034  0.82135372488460134
  0.82945382069125839  0.83783508953974484  0.84649668332404271  0.85562791868513655
  0.86469742722042209  0.87306227698882599  0.88037922624359699  0.88736452083366957
  0.89421610530599238  0.90415574669875165  0.91816888863079915  0.93576030832230317
  0.95300285056765111  0.96957825996267888  0.98571394651005362  1.00000000000000000
 -0.00345650297309549  0.01397606518846853  0.02786536619144718  0.04199806458650903
  0.05534729515583675  0.06635471381362054  0.07500627738485519  0.08226549920565361
  0.08931074007004393  0.09806709485718204  0.10932995614856930  0.12403721095717925
  0.13569456104815958  0.14722418232773218  0.15891980134946301  0.17246159868469760
  0.18687544379063081  0.20102346877081725  0.21223867590319587  0.22048298139055414
  0.22884548561109430  0.23873031247629500  0.25147002340701985  0.26353518835047485
  0.27679277067057689  0.28885414295136952  0.29928523979579302  0.30964976546694983
  0.31756439241311296  0.32444624842775338  0.33175478511600470  0.34023036804634876
  0.35090146857295995  0.36028896649045561  0.36937218507506442  0.38097429328560967
  0.39355950965452541  0.40698280034700396  0.41969759613480528  0.43181552738797557
  0.44403167472975225  0.45840249750402351  0.47288612280914610  0.48712842373303861
  0.49839331060944958  0.50746185956899126  0.51639563502575625  0.52623822047080671
  0.53671959258895829  0.54631805028843816  0.55499756580343584  0.56333197793938605
  0.57135092007248922  0.57988049882777892  0.58982616392391130  0.60021358526786517
  0.60913600716213279  0.61814769434179584  0.62784112612971743  0.63720234390570074
  0.64617400136932879  0.65545197048136261  0.66652378705243309  0.67870898575234839
  0.68971042077817613  0.70085223535215291  0.71183609465056841  0.72279067980554079
  0.73431044025189851  0.74536251476183912  0.75456029302863914  0.76168814741250090
  0.76994448152121708  0.77850648660431288  0.78234844287828331  0.78562035890083259
  0.78880100028331834  0.79381850438591761  0.80003745726858866  0.80536600426087623
  0.80995895842240129  0.81461046946980464  0.82380520202805152  0.83363667919467765
  0.84370325852852046  0.85513596469466158  0.86824418897891931  0.88223703516590524
  0.89600445105496063  0.90875382695996976  0.92374666941878270  0.93744022662833226
  0.95113311201070094  0.96732246454986837  0.98388561484006753  1.00000000000000000
 -0.00247972741102084  0.01101300993720240  0.02207150760579484  0.03041085393774229
  0.03858419532301510  0.04715988596227599  0.05613402923741350  0.06640195209113629
  0.07824290477337975  0.09085076565791775  0.10364453082118179  0.11584822690938189
  0.12993947933201416  0.14334745523950018  0.15425061216221678  0.16331820590588064
  0.17233667788140372  0.18170259968431715  0.19062223703221032  0.19967227216171637
  0.20854181496158911  0.22063277972210255  0.23350398704468758  0.24383416914050760
  0.25412202527948635  0.26324912750335933  0.27009331099666262  0.27623506324842495
  0.28254974266937144  0.29029658066254910  0.30199882325519878  0.31551886674617852
  0.32852603157650584  0.34115581831744018  0.35554532722035381  0.36838669508204330
  0.37954130654622098  0.38945684801124636  0.39919645407112070  0.40932895714895240
  0.41972306874941145  0.43203715738087267  0.44262796479897698  0.45309633825788981
  0.46334453533955128  0.47507896978049097  0.48778749926793663  0.49952424698507231
  0.50975004980199101  0.51888558436455157  0.52776489257836023  0.53947960287382979
  0.55255028537893724  0.56736584637110765  0.58147114581942960  0.59270484272547797
  0.60217516727289710  0.61050121259771373  0.61965627486876262  0.62919778305124741
  0.63739613779435778  0.64550428491610423  0.65365148806867623  0.66173285470637055
  0.67205907426775591  0.68327138688204458  0.69455347993960093  0.70601715698714151
  0.71675143084337534  0.72760960842235245  0.73916164771679116  0.74938557711402487
  0.75813504656465847  0.76667279886591555  0.77597959428984842  0.78790829186851696
  0.79977862292681046  0.81101194712639690  0.82030077799867962  0.83124323969814062
  0.84026340932845500  0.84854843119234835  0.85873223257444631  0.87113660810099958
  0.88333176878433439  0.89585296452818775  0.90734417722938576  0.91738642817343463
  0.92902492036786244  0.93956360017897800  0.94964227762281417  0.96029225359515002
  0.97131921949642408  0.98070309511469722  0.99038343479272384  1.00000000000000000
  0.00510870697562776  0.01482834470406676  0.02168140521615364  0.03436717018110942
  0.04778755472288131  0.05963861365679889  0.06842378274747847  0.07461950583127012
  0.08183375448543032  0.09024592920807947  0.09939170314464775  0.10655041870280169
  0.11312407311821270  0.12119473817034133  0.13110832696761490  0.14244436688329715
  0.15383816305496620  0.16632908026007034  0.17865837015787811  0.18887233129987857
  0.19880794678254862  0.20996457860432186  0.22361083360735493  0.23803845225143308
  0.25045202343293688  0.26094291411162179  0.26953718772604174  0.27630530658153513
  0.28271568459553065  0.28943180641049143  0.29611619149626078  0.30430800765268556
  0.31521665432627244  0.32949291314503965  0.34337274599890949  0.35542130396127253
  0.36392709316776156  0.37311395660962804  0.38211884350348846  0.39076163394502089
  0.39957967676960549  0.40906644306201240  0.41790451477428264  0.42553299609691969
  0.43262367749352459  0.44064993281409226  0.44990759134214070  0.46160987398925418
  0.47331050568585675  0.48502674066029844  0.49756287740548300  0.51097849173289589
  0.52499531328983007  0.53776941082560148  0.55025251883538639  0.56246960251448364
  0.57319297406708025  0.58369684361243324  0.59479405375719507  0.60838529382278528
  0.61918146890557846  0.62769738617572512  0.63479886063490709  0.64277630807255670
  0.65219995226246474  0.66201599285849999  0.67215699627602743  0.68182660464310618
  0.69053962517789069  0.70015757086248986  0.71061866898615400  0.72207153900477472
  0.73185956686396114  0.74175459297344093  0.75223833199790802  0.76469736320459081
  0.77930615448211338  0.79399116184466778  0.80873251544205083  0.82305765796499641
  0.83598347005396922  0.84796240082871899  0.85947103749901888  0.87046797749752702
  0.87885914067073390  0.88595953471741584  0.89313413625365634  0.90092805712390744
  0.91029380552813810  0.91946672734632551  0.92814300275811545  0.93804817921317596
  0.94903121040608251  0.96167488438487092  0.97820054680595159  1.00000000000000000
 -0.00358520684402004  0.01232259702142927  0.02549350647349105  0.04000535331068188
  0.05262555058960860  0.06507086615802669  0.07740439672751952  0.09036671565049698
  0.10132888981403053  0.11050709503625825  0.11893878465721998  0.12735517560128845
  0.13658703238749398  0.14708532878487779  0.15696174856123080  0.16696451208296498
  0.17552707307918039  0.18441913186936001  0.19376019151335838  0.20438379052716957
  0.21775576522486875  0.23231468153003895  0.24361750073584659  0.25171807460708134
  0.25783257027681811  0.26341427791630156  0.26928711363968383  0.27695609222255824
  0.28659927103531613  0.29460482010513939  0.30245176185004408  0.31116784994158186
  0.32096029964431333  0.32956171883296953  0.33820732102454704  0.34730841433842513
  0.35766931588695544  0.36829789710919153  0.37614623169302053  0.38296899726999328
  0.38960487815093231  0.39821728690338298  0.41227327698985888  0.42910214730692831
  0.44388596691699411  0.45666803756692609  0.46993752961275753  0.48421273795589598
  0.49802083699167493  0.50980224369004390  0.52096806958026409  0.53298944782442648
  0.54442389108441969  0.55715069469684908  0.57271846220591993  0.58744030325770147
  0.60023935649299476  0.61065256866428552  0.61834712744056664  0.62779515285729359
  0.63769040674541044  0.64575938703896529  0.65342627175411250  0.66004904926676411
  0.66870370586531314  0.67904679413462454  0.68904183665964158  0.69879837583633020
  0.70813081277467305  0.71616669604564065  0.72630246663385023  0.73991711765148671
  0.75522331323506797  0.77062165243676595  0.78581747732433582  0.79893029400618976
  0.81192624397476687  0.82584289729006233  0.84077512617520611  0.85453959463248408
  0.86443861801550037  0.87333130982720708  0.88242169689027250  0.89150649344597199
  0.89957233148677662  0.90699888578958598  0.91446231899634900  0.92100105323147530
  0.92662610564987380  0.93372691485244252  0.94346280617946332  0.95309292695276926
  0.96368347506457341  0.97580305825234115  0.98821148928892721  1.00000000000000000
  0.01171353387834589  0.37723691319249331  0.42586282893339356  0.43882629990795402
  0.44570021410734956  0.45143530245769309  0.45713461462661792  0.46188277927110893
  0.46638170840303583  0.47097655662653071  0.47520771497592290  0.47902373775570822
  0.48155701028180581  0.48428709995225649  0.48664435547458385  0.48874316128593781
  0.49063351464736477  0.49264443557083326  0.49481464056348978  0.49743815058652535
  0.50031852263173027  0.50261476697318075  0.50523933886075834  0.50765792822742661
  0.51010913182229667  0.51276294431149105  0.51524957341161892  0.51759213010313887
  0.52008057907626037  0.52244599027278338  0.52492463017628344  0.52763920843705892
  0.52994275412288649  0.53204627786773451  0.53447499539147958  0.53687806683164507
  0.53959469957745632  0.54273952688043914  0.54579024064780635  0.54919919027323283
  0.55278847752362648  0.55700262916898557  0.56083681824574738  0.56429242470638641
  0.56749039182657524  0.57041288449736349  0.57316662640167026  0.57616344321135493
  0.57916593316750464  0.58243582570747832  0.58628593020576913  0.59008009391106808
  0.59336984680504357  0.59684273901953966  0.60147806642126678  0.60675614845231929
  0.61161692087979047  0.61571334786891008  0.61943816879620139  0.62283748879883361
  0.62671497527270847  0.63114163696847048  0.63601511828018964  0.64123003669523126
  0.64635227399760087  0.65054850395124575  0.65404784447831232  0.65755645183580969
  0.66150588397678278  0.66537401078834191  0.67297542670626453  0.67907161513494962
  0.68467588457449480  0.68961532530000236  0.69370346334487898  0.69974462756760269
  0.70531877151654421  0.71115825125754806  0.71716990878776765  0.72290484903045715
  0.72938043871689906  0.73663850889488269  0.74446603781981546  0.75391061948314086
  0.76378810027374755  0.77389843346821596  0.78393968125960800  0.79431948828724686
  0.80720215175049337  0.82032127510599651  0.83348255402480342  0.84769791685293683
  0.86699725452931620  0.89140453652651253  0.92310114830174039  1.00000000000000000
 -0.02799716651455663  0.14041190032190490  0.20061151725174056  0.23873614573343291
  0.26322607897072026  0.28150525141928684  0.29831457969995578  0.31505719729626691
  0.33233117481775476  0.34808197881929648  0.36334195837991812  0.37805457201146986
  0.39482467108587915  0.41040595397043883  0.42243674090770594  0.43031102866656157
  0.43774110892510842  0.44643405415938020  0.45519236867987889  0.46712084169823681
  0.48018339735805349  0.49089464945256300  0.50081365705363623  0.50941524426565155
  0.51851026130800471  0.52812897479711551  0.53648097509764214  0.54429390472509986
  0.55176534114797493  0.55890677086581186  0.56616698740553062  0.57371021835747571
  0.58161171728621275  0.58959210208421231  0.59649018660916375  0.60215025919415577
  0.60742735289092487  0.61364975225717622  0.62109311728193495  0.62806292580000078
  0.63374625485278835  0.63901546311111690  0.64449320565896162  0.65041201563236195
  0.65729647278034398  0.66404979532031805  0.67102344979280915  0.67841245185642840
  0.68604918270799375  0.69295065811491530  0.69630442402892267  0.69968220436057371
  0.70280317665610792  0.70584369305869554  0.70928309776105736  0.71298067481100935
  0.71670287377930031  0.71992572146008282  0.72337873671752562  0.72675057235094398
  0.73037454369373156  0.73402871938807601  0.73752550087299862  0.74112384271694842
  0.74449933981301331  0.74712257873269139  0.75040445467086592  0.75424607848653547
  0.75775210340556109  0.76203983201991077  0.76644434721061783  0.77060997469335180
  0.77462873782812158  0.77909847599219917  0.78486190792178501  0.79072213550134562
  0.79568692895972826  0.80060800971365276  0.80501239177607953  0.80890803073658935
  0.81311354245656797  0.81775683206192407  0.82319662460479071  0.83013007134086414
  0.83695080877893469  0.84381129895273876  0.84931955667003500  0.85577206163996034
  0.86251264797539562  0.87016795503014954  0.87951380268779966  0.89138969642383170
  0.90471430814077458  0.91935904972973670  0.94139910417528028  1.00000000000000000
   1.6790435791511414E-010  -1.0000000000000000     
 F F F F F F F F F F F F F F F F F F F F F F F F F F F F F F F F F F F F F F F F F F F F F F F F F F F F F F F F F F F F F F F F F F F F F F F F F F F F F F F F F F F F F F F F F F F F F F F F F F F F F F F F F F F F F F F F F F F F F F F F F F F F F F F F
  <DiscreteSampler_grid>
  grouped_processes
  1 # 1 for a reference and 2 for a running grid.
  10 # Attribute 'min_bin_probing_points' of the grid.
  1 # Attribute 'grid_mode' of the grid. 1=='default',2=='initialization'
  0.0000000000000000 # Attribute 'small_contrib_threshold' of the grid.
  0.5000000000000000 # Attribute 'damping_power' of the grid.
 # binID   n_entries weight   weight_sqr   abs_weight
    22   10   6.723929455848495E-001   1.383136417715343E+000   6.723929455848495E-001
    23   10   6.723929455848506E-001   1.383136417715350E+000   6.723929455848506E-001
    25   10   4.095854769140127E-003   6.361782176666459E-005   4.095854769140127E-003
    26   10   4.095854769140128E-003   6.361782176666453E-005   4.095854769140128E-003
    34   10   3.817634299927658E-002   1.064755515047346E-002   3.817634299927658E-002
    35   10   3.817634299927665E-002   1.064755515047350E-002   3.817634299927665E-002
    40   10   4.135794709463955E-001   4.195158503306957E-001   4.135794709463955E-001
    41   10   4.135794709463962E-001   4.195158503306978E-001   4.135794709463962E-001
    43   10   4.582452803147413E-002   1.172475713753934E-002   4.582452803147413E-002
    44   10   4.582452803147419E-002   1.172475713753936E-002   4.582452803147419E-002
    52   10   5.246245747346114E-002   1.263884988730866E-002   5.246245747346114E-002
    53   10   5.246245747346121E-002   1.263884988730869E-002   5.246245747346121E-002
  </DiscreteSampler_grid>
