  0.00010144023237415  0.00011081728085065  0.00011889462678593  0.00012709493422911
  0.00013484192917628  0.00014239907550088  0.00014982427264450  0.00015718144233648
  0.00016474242835790  0.00017190094495726  0.00017877144675674  0.00018548780627905
  0.00019185252804418  0.00019853373167590  0.00020528128222756  0.00021179642620088
  0.00021838756988767  0.00022522545689207  0.00023320412148361  0.00024171020089923
  0.00025041707264352  0.00025779048887893  0.00026552768516588  0.00027368342392556
  0.00028234561139058  0.00029309881008385  0.00030157765797931  0.00031028937239605
  0.00031914585644843  0.00032812520675502  0.00033741022523523  0.00034738800114593
  0.00035832496595015  0.00036875194520019  0.00037721664415809  0.00038633328151050
  0.00039549208252585  0.00040557652062802  0.00041641437836223  0.00042766141857683
  0.00043917817650370  0.00045100620027342  0.00046366976460840  0.00047693979980310
  0.00049028356275593  0.00050343603724993  0.00051667706093759  0.00053033730804874
  0.00054431274115407  0.00055763531665957  0.00057029339462125  0.00058331366558589
  0.00059801668877899  0.00061481886487662  0.00063298543020451  0.00065288788948597
  0.00067363429290711  0.00069432567820141  0.00071524802577238  0.00073837596717959
  0.00076677280173919  0.00079620294649429  0.00082245267654558  0.00084721895757723
  0.00087448766187472  0.00090485745991256  0.00093697487350014  0.00096903312877999
  0.00099996956617204  0.00103433064326654  0.00107461766553011  0.00112080370291750
  0.00117305307544653  0.00122999207866076  0.00129469797452122  0.00139093311774605
  0.00152281323952286  0.00164369232500366  0.00175281344820500  0.00186016436174154
  0.00196712298860697  0.00207838093174029  0.00221514916578800  0.00239180343246882
  0.00255302826436158  0.00273100873188216  0.00296203200353794  0.00320967059020128
  0.00346738807750916  0.00373507591139496  0.00412369403383947  0.00469133226849846
  0.00571243094248074  0.00944658286341265  0.11117795398323270  1.00000000000000000
  0.00000246213985532  0.00000308742089823  0.00000375993325526  0.00000453607590485
  0.00000542668957577  0.00000646339516681  0.00000766203081060  0.00000885742240011
  0.00000997608749961  0.00001115019654624  0.00001252150356964  0.00001405999911748
  0.00001557258535110  0.00001687590543900  0.00001812531046008  0.00001949212737003
  0.00002106469274421  0.00002294785584834  0.00002505255876365  0.00002719336858809
  0.00002924894967416  0.00003098092838859  0.00003255511426386  0.00003413222793818
  0.00003591338931041  0.00003815130864195  0.00004051100830201  0.00004303056978808
  0.00004588165754879  0.00004904493851448  0.00005253642303556  0.00005613562195661
  0.00005968393482564  0.00006345000042051  0.00006751870578347  0.00007171246014887
  0.00007580566590062  0.00007990709690765  0.00008426540733405  0.00008899578367247
  0.00009438566471484  0.00009997538683818  0.00010539553583082  0.00011103243733134
  0.00011676473112170  0.00012346306583561  0.00013037866521399  0.00013716902201794
  0.00014442576595507  0.00015238148382243  0.00016083995456506  0.00017005450483142
  0.00017893395229653  0.00018760083698853  0.00019633249772476  0.00020476557371025
  0.00021327295676303  0.00022222801230349  0.00023173058820755  0.00024203882508877
  0.00025290454156471  0.00026560861798121  0.00027890215271856  0.00029291977953350
  0.00030740550058021  0.00032217752392928  0.00033727198483773  0.00035276195054152
  0.00036955159484197  0.00038877566804504  0.00040896274785434  0.00043161775854019
  0.00045629665476853  0.00047984065941925  0.00050573634907111  0.00053347650070564
  0.00056671569964602  0.00060402501581439  0.00064744017291997  0.00069592121475078
  0.00075750670746304  0.00081218106238501  0.00086679169988371  0.00092949448333323
  0.00101054068695179  0.00112281385416799  0.00125743851294491  0.00145544323823520
  0.00165529396757206  0.00183382218376131  0.00205490533601502  0.00238361915891372
  0.00326294359852685  0.00574202076317027  0.06227740758415326  1.00000000000000000
 -0.00594854582285151  0.02067591836322236  0.03921091166470998  0.05760350802003814
  0.07741761853574730  0.09283614179290481  0.10658058123263056  0.11953977226227878
  0.13344052342474796  0.14827140691410839  0.16353762149115220  0.17457115020509839
  0.18441090381154604  0.19236101167583594  0.20066315759410933  0.21005570313153360
  0.21920219619940720  0.22841502644442563  0.23743143168157960  0.24568225133868235
  0.25314855553100607  0.26021774450594631  0.26737866139353489  0.27458194784963824
  0.28126457925132747  0.28757797468648577  0.29376440219304778  0.30007795137941046
  0.30680037422657969  0.31339222918081000  0.32001296098118492  0.32643011080964657
  0.33285300571756210  0.33917449695585400  0.34555067014219149  0.35189012595842267
  0.35801750217605555  0.36399708548973686  0.36996199287336923  0.37575580473815784
  0.38191259686720530  0.38771579769755671  0.39351197444756936  0.39928375967285351
  0.40608015814696963  0.41355483055807585  0.42130077461485244  0.42791890173766711
  0.43387114518793696  0.43975182969934090  0.44573889688423007  0.45155992612126861
  0.45742395016799359  0.46315295983499744  0.46879336416625261  0.47507237464132829
  0.48115809949596455  0.48729702117959195  0.49389592564256379  0.50042194172471277
  0.50732096654760572  0.51483069330287357  0.52223814292447779  0.52901661827117696
  0.53575830238674738  0.54143915519009400  0.54785234576385711  0.55440344972952227
  0.55993372962712518  0.56691933517009663  0.57285583196822254  0.57917032864979578
  0.58619875319156289  0.59359658715230201  0.60100892230044023  0.60988167315955399
  0.61977199229105562  0.62998974612252878  0.64002822812501670  0.65134593769893701
  0.66182496335302043  0.67302143000522918  0.68560358411335887  0.69683253957587399
  0.70637385940501229  0.71606405843614984  0.72860281266769877  0.74441240745731796
  0.76137223366672535  0.77992964306198365  0.80218493481987585  0.82930943427965409
  0.85940934650265854  0.89503121831290233  0.94890162246440402  1.00000000000000000
 -0.00224654795601699  0.01111747497881166  0.02328335409828872  0.03542359891071514
  0.04679718993196199  0.05789174883634720  0.06958671955734154  0.08119902746334683
  0.09171244601898278  0.10131289234174107  0.11060490589348164  0.12019927771341243
  0.13065859488287435  0.14258271285512009  0.15552891607383204  0.16710152013750132
  0.17600934146295080  0.18457038361770822  0.19321658468688846  0.20231203467656866
  0.21221005877094362  0.22178972882097042  0.22994960902215525  0.23756858796181360
  0.24598816721673700  0.25508047730079131  0.26565598763823195  0.27794274176443656
  0.28980870761101551  0.30092908309496180  0.31101436288138024  0.32043832162351571
  0.32978732224481938  0.33930133120585781  0.34887958186045420  0.35826999741767829
  0.36874981603877099  0.38102482261812409  0.39438749297960612  0.40770834095327824
  0.42111252849881420  0.43283089102738687  0.44225406989815058  0.45185821480092359
  0.46168247614954022  0.47322128388358176  0.48694090477544671  0.49876634068281084
  0.50759630262752231  0.51557440662306864  0.52456894283466360  0.53388667083045649
  0.54634833843642860  0.55785585205730770  0.56845699561638141  0.57757168977679496
  0.58639651658379044  0.59522681098478580  0.60418282455705619  0.61429618765357863
  0.62437289233572024  0.63641162053381606  0.64816075282827523  0.65962361462921137
  0.67000193497814797  0.67989380699385782  0.69066963463878273  0.70252396673124695
  0.71405252120593576  0.72496681094710547  0.73554509285404546  0.74643594254307633
  0.75766498661071846  0.76898958145205254  0.78043912710590546  0.79208868672387589
  0.80395926518181249  0.81552506135873815  0.82587634913548691  0.83567829274495709
  0.84546120962751170  0.85500772109461964  0.86498861585847342  0.87606181467351096
  0.88841697985716028  0.90117850212270711  0.91248278603787769  0.92303242681782571
  0.93275660055290743  0.94284667273669198  0.95210278931166847  0.96103608732251888
  0.96993653385135792  0.97911026690500169  0.98952784400919436  1.00000000000000000
 -0.00289099494404087  0.01275980675850471  0.02246400561671298  0.03289403760988108
  0.04321886800672986  0.05476692518261628  0.06695716722416331  0.08008988830655740
  0.09193993270137343  0.10259084055251430  0.11231955953378089  0.12237568141361026
  0.13211762586354070  0.14178818660494066  0.15249979729539964  0.16484000027021575
  0.17752889888938994  0.19013346030223449  0.20301661878258845  0.21520847686239208
  0.22613155173446514  0.23753545986451541  0.24863716717671805  0.25961832511164007
  0.27045422900655031  0.28171835149592822  0.29364614732423788  0.30700418265304175
  0.31990117216485203  0.33162934899308183  0.34291599406945023  0.35328121996455292
  0.36395976485824910  0.37487281885128793  0.38639812949370073  0.39790223759955279
  0.40871677745662699  0.41988056740312135  0.43139317992755821  0.44135617246541092
  0.45020925450968263  0.45839328523386663  0.46590415318183603  0.47286217906340539
  0.48057664651238424  0.48843585463321681  0.49853950373780981  0.50983144165750205
  0.52041770563224043  0.53092120256340103  0.53928229639299297  0.54708198934868046
  0.55452334946291804  0.56204856274994086  0.57091738001828862  0.58050923272892074
  0.59004305080580211  0.59888052432929473  0.60748051468585895  0.61729403554714901
  0.62892451026147655  0.64035490474078305  0.65025269103651440  0.65927922994350530
  0.66794693642730296  0.67678893452144706  0.68527883327959049  0.69432802152989492
  0.70401380064738051  0.71335779720785653  0.72149501310650144  0.72989195708466448
  0.74084460157074861  0.75341697587126044  0.76590137761968780  0.77883867734031731
  0.79275574237688418  0.80629974279536498  0.81956682663107283  0.83269558656368159
  0.84555769222572352  0.85691892600343089  0.86579158080437779  0.87478234046290992
  0.88342092199676070  0.89243553049135904  0.90409606676279508  0.91637489034355835
  0.92699341661318468  0.93806288772191559  0.94906572062849237  0.95935458358277936
  0.96898596778992063  0.97815469174700653  0.98921709729295237  1.00000000000000000
  0.07553240295705393  0.30049150805294778  0.38082226791850377  0.42182944087407842
  0.44312536513087586  0.44935336186544256  0.45686677454017838  0.46494619944731436
  0.47269951767869745  0.48275499070936828  0.49245945734655661  0.50163267881812668
  0.50902889271092089  0.51671528845909154  0.52621246230978747  0.53458317701035751
  0.54198894710683942  0.54902117990333776  0.55668885951812530  0.56537050063066996
  0.57572187646984174  0.58713211770111051  0.59698028742286002  0.60615356178556989
  0.61609393811570967  0.62817666600662780  0.63924747819031458  0.64889706474372799
  0.65824155248512062  0.66831336540648412  0.67981460715025888  0.69060477897795947
  0.69899405570197148  0.70653639281168645  0.71382455944235379  0.72127688315239780
  0.73032303165876344  0.73944092270284223  0.74753804984220962  0.75478893352039123
  0.76182000693723018  0.76884631602184139  0.77676277656062787  0.78460008062528563
  0.79252102177585559  0.79955614613677262  0.80629436043501657  0.81304441434629549
  0.81933451441532301  0.82464051290989127  0.82938902069178877  0.83418384804184154
  0.83907248954662306  0.84432354177471514  0.84959145500760014  0.85430757897956877
  0.85866177634819285  0.86279601768741798  0.86711996631253285  0.87153034445511190
  0.87584905545533975  0.88001080186461356  0.88410419706118504  0.88823530540712003
  0.89227563170314794  0.89648848328736164  0.90049041264588703  0.90438567336278486
  0.90799436299234315  0.91149111875009214  0.91496727383147991  0.91843900973350490
  0.92181293251160701  0.92496164111253287  0.92817623030345386  0.93121936848032760
  0.93445183109261232  0.93766175353517822  0.94077326511743431  0.94379623349657471
  0.94667512774399909  0.94948190960854728  0.95243079129976171  0.95552133627573310
  0.95880661845875981  0.96217039514717051  0.96545233166257960  0.96861670467166194
  0.97196772428548395  0.97526099107100439  0.97854040672908937  0.98189703545682439
  0.98539923281215813  0.98916054235212159  0.99390605698499401  1.00000000000000000
 -0.01912104620978283  0.10790864787598642  0.14369942531982313  0.16557307704582133
  0.18353015720714747  0.20053235877162737  0.21360875488898784  0.22407697771818169
  0.23362227041862382  0.24253934676514644  0.25025794092183412  0.25770907880123101
  0.26553771635105439  0.27509562858506131  0.28553974188466241  0.29537319455087857
  0.30448847583993982  0.31300255980360914  0.32055212839852304  0.32783430708202016
  0.33531343182843926  0.34317323401014804  0.35077378583626057  0.35770559800197715
  0.36420122784395242  0.37051691503225687  0.37664248024142716  0.38270566949994100
  0.38894870667020692  0.39547558352413159  0.40203162856346342  0.40857228424941644
  0.41512038791018840  0.42148120567686764  0.42747495018681170  0.43325815992581385
  0.43906847214883699  0.44454071696752101  0.45013963633648280  0.45580119749490761
  0.46112227739882400  0.46631243886995360  0.47148436458064125  0.47697281420406706
  0.48284038595631840  0.48855977042473780  0.49398854521361019  0.49957941534867134
  0.50528306353998076  0.51122021333490664  0.51649452076902236  0.52049562460372123
  0.52452061291139485  0.52884149343159015  0.53360797354708545  0.53894982257536128
  0.54523573457938457  0.55144877952451565  0.55752432925309658  0.56380722979590148
  0.57049220873723594  0.57749150546987493  0.58426521968573519  0.59026995479328381
  0.59595513393157817  0.60194960552781751  0.60754654754082293  0.61308139525556604
  0.61858237954678619  0.62448953220698955  0.63098456437946226  0.63669479095847270
  0.64185914073064176  0.64724887072625759  0.65336105894229579  0.66158627292957739
  0.67006488869361081  0.67880224325767791  0.68708542396211636  0.69552035554317637
  0.70397529550303173  0.71250669123546040  0.72115386011795413  0.72990436476938991
  0.73918512061327746  0.74894892157526982  0.75764413543993614  0.76652878917419731
  0.77578193462727374  0.78556466025539029  0.79679112931403862  0.80941453216847603
  0.82768973721088046  0.85105688549840963  0.88176786656593165  1.00000000000000000
   2.0360646706836621E-010  -1.0000000000000000     
 F F F F F F F F F F F F F F F F F F F F F F F F F F F F F F F F
  <DiscreteSampler_grid>
  grouped_processes
  1 # 1 for a reference and 2 for a running grid.
  10 # Attribute 'min_bin_probing_points' of the grid.
  1 # Attribute 'grid_mode' of the grid. 1=='default',2=='initialization'
  0.0000000000000000 # Attribute 'small_contrib_threshold' of the grid.
  0.5000000000000000 # Attribute 'damping_power' of the grid.
 # binID   n_entries weight   weight_sqr   abs_weight
    16   10   3.982413582092995E-001   1.012176583291691E+000   3.982413582092995E-001
    19   10   1.206070739032510E+000   5.798094103475250E+000   1.206070739032510E+000
    20   10   1.206070739032507E+000   5.798094103475225E+000   1.206070739032507E+000
    22   10   3.982413582092993E-001   1.012176583291690E+000   3.982413582092993E-001
    28   10   3.982413582092965E-001   1.012176583291672E+000   3.982413582092965E-001
    34   10   3.982413582092963E-001   1.012176583291671E+000   3.982413582092963E-001
  </DiscreteSampler_grid>
