  0.02533313581504665  0.03460724661544366  0.04243173559772404  0.05235739033074732
  0.06200790343054963  0.07172713376800280  0.08161102127778251  0.09175125706062076
  0.10206558212680311  0.11252132013834278  0.12287194918867123  0.13305843759803967
  0.14317618038740129  0.15338957785110949  0.16369557811210469  0.17399195247364638
  0.18417217462476726  0.19421081779525809  0.20410451555351417  0.21401901453075572
  0.22412119085216622  0.23455120152936346  0.24492667292204415  0.25515218300824760
  0.26513289010459529  0.27522007017508476  0.28535170598879067  0.29549124578676000
  0.30561684016163743  0.31617689794243087  0.32685737092717759  0.33743167746629854
  0.34758563524966352  0.35779755816268860  0.36856699306035207  0.37945687963378927
  0.39024037878227602  0.40085036770074201  0.41145447568674348  0.42216579549264899
  0.43278496988562409  0.44350860423986715  0.45413885975667451  0.46472179767748473
  0.47504436480753143  0.48525670659146375  0.49532556246404164  0.50553140019648912
  0.51578301206578847  0.52615127181504895  0.53630616129055275  0.54643454286966031
  0.55652703722928698  0.56693925230164111  0.57743084795399657  0.58794092370815132
  0.59822779570189399  0.60849884392321807  0.61869116737832908  0.62884044085621515
  0.63899049815117859  0.64933860496233753  0.65984936266354643  0.67037940978116695
  0.68064996228164520  0.69090092673514658  0.70122320328682541  0.71165899508231345
  0.72205496719317674  0.73242992952509256  0.74283780178554515  0.75332516692719131
  0.76385170156187521  0.77459858000832404  0.78532341414291940  0.79587048517218906
  0.80604309033831845  0.81600540726303161  0.82598650617047698  0.83606601367688360
  0.84622034840916960  0.85625484366202509  0.86620588512985808  0.87615515500902363
  0.88629192179736804  0.89647130618599413  0.90677357373019674  0.91704983118448280
  0.92720235849627020  0.93726101324747901  0.94737430191832839  0.95774715795275744
  0.96702428755634018  0.96874478286364307  0.97214196175176149  1.00000000000000000
 -0.00073153049535685  0.00938856967772095  0.01895995621446716  0.02915341548887817
  0.03941434717996473  0.04982273331944246  0.06046760131392823  0.07112922320255678
  0.08168252064100133  0.09218484586812961  0.10394406820490493  0.11556177510956232
  0.12724373301710531  0.13781454900941431  0.14842632010994403  0.15870057013480393
  0.16889360064234554  0.17932426491224138  0.19058697376611619  0.20308915870242417
  0.21500485813668385  0.22571330086010602  0.23604913218865597  0.24633539303444885
  0.25667219537283398  0.26702046929962142  0.27743603585123949  0.28808573597766673
  0.29890119044031366  0.30980917497403893  0.32038821451791105  0.33068932447926241
  0.34084011001103243  0.35100214650320655  0.36127547584553277  0.37150579077485241
  0.38173803656267602  0.39206100968875784  0.40243002933512489  0.41302295371431891
  0.42380449444709439  0.43459790914573121  0.44521585646777490  0.45546454614128168
  0.46559785288485522  0.47565795631787111  0.48575570717676225  0.49581862322680903
  0.50590348645968275  0.51600674697962834  0.52621483213893394  0.53679141109394024
  0.54759519771108167  0.55840307416984558  0.56896652230034128  0.57949715727047613
  0.59002757788144955  0.60059344513167634  0.61111590569341823  0.62154348594885156
  0.63175998752580809  0.64196553711595961  0.65221875417553876  0.66260148755563120
  0.67323507251426362  0.68515041712293900  0.69694040390585354  0.70785574562238529
  0.71813528271148797  0.72858159831759428  0.73916250129941830  0.74982983017030369
  0.76036570567147677  0.77095939744433506  0.78165633806479706  0.79258660513130608
  0.80346372584916459  0.81405049790263040  0.82427916212161600  0.83438485301630816
  0.84435632017282836  0.85438951351996062  0.86462282129233381  0.87507071077011800
  0.88567435547425444  0.89611594000072703  0.90632666094211156  0.91668808170615668
  0.92688867440810918  0.93728669855559688  0.94745914488262739  0.95785409913584374
  0.96830476219814154  0.97886150452461884  0.98943802935204284  1.00000000000000000
 -0.00135186559602875  0.00992742360962931  0.01885290362701872  0.02939045247029312
  0.04017610641976502  0.05089431466231313  0.06143147991729250  0.07182590395685200
  0.08247798600143852  0.09291085928169747  0.10358140144362547  0.11392740207548663
  0.12437105096979582  0.13463335729172859  0.14483305815214492  0.15508124710094265
  0.16543584274810613  0.17588707676465898  0.18629177640021335  0.19666206761053295
  0.20708135574637482  0.21763532309429112  0.22817501475361388  0.23879018704762883
  0.24939494165189058  0.26002049670339361  0.27105415282251039  0.28223602788201396
  0.29344074631264594  0.30424027760671535  0.31486534985279735  0.32535596546033524
  0.33593148366039499  0.34653089142009058  0.35734583359282129  0.36933110655350260
  0.38154683270733253  0.39290817772673670  0.40313094285127854  0.41335039088935926
  0.42371757595659931  0.43423505858845551  0.44468900692464985  0.45537543907088318
  0.46614139852897829  0.47705622402578080  0.48765188468568482  0.49810019511031867
  0.50849422039051784  0.51896139763322147  0.52941025473416747  0.53960989752461908
  0.54984303417946623  0.56025264262857422  0.57080624509476618  0.58126417799751162
  0.59170639146075443  0.60229322163348298  0.61286937628775973  0.62352687446255350
  0.63407523150650491  0.64451637196230360  0.65472310536891598  0.66481704366154226
  0.67517620097753073  0.68562460582213181  0.69634399943129577  0.70693127706761272
  0.71744530778804194  0.72801660769029897  0.73934245588710923  0.75075810952373456
  0.76191441256059478  0.77246780084380073  0.78313600921309756  0.79363589254944555
  0.80398633459245017  0.81417419877163277  0.82439966774029727  0.83460540488941481
  0.84480984479254329  0.85486565280935300  0.86499342734989737  0.87517460828983207
  0.88549132603930514  0.89588443092397385  0.90628919853767209  0.91674142277173620
  0.92718255169439978  0.93772568602058404  0.94803307862794095  0.95858734222832587
  0.96890779664321680  0.97950872105551590  0.98975673453389923  1.00000000000000000
  0.03379759964851282  0.10322436012841936  0.13892205837683233  0.16180063764316552
  0.18025169165233554  0.19604644944058913  0.21001947260660309  0.22250520291372194
  0.23398724697976478  0.24477400058191684  0.25509354467168927  0.26485895175954682
  0.27421423257527117  0.28303580779082338  0.29155326550745825  0.29969187146876552
  0.30762971476672052  0.31535485132602609  0.32287307189113051  0.33025157739457245
  0.33747387751093560  0.34463809204908602  0.35168257107269030  0.35852424984953252
  0.36510149890833637  0.37153605081924429  0.37787626317143991  0.38412465156413111
  0.39029056670206458  0.39638129151087953  0.40240828154388131  0.40843378379593587
  0.41447175601199437  0.42035617582422097  0.42614556374071483  0.43187612425269051
  0.43779862520282375  0.44370187057049676  0.44973568077900006  0.45556282450711638
  0.46134596981338011  0.46697839523753260  0.47259604405084227  0.47818884694185781
  0.48375566479815357  0.48934088465437442  0.49494395674239078  0.50054100853057293
  0.50608349435072009  0.51158726828206702  0.51709958172635606  0.52265408714240524
  0.52827441393804242  0.53399886201331359  0.53983742531725964  0.54568228774002714
  0.55147928523324530  0.55720065547880437  0.56292934726063704  0.56869233739627367
  0.57444805479827898  0.58024043619316834  0.58606065202217228  0.59199139423802971
  0.59796482930247863  0.60403327339870938  0.61018988412854835  0.61650152865927144
  0.62287102257856208  0.62935109731853711  0.63586590783585961  0.64247230939378741
  0.64917786254551157  0.65608383936101189  0.66308767824997772  0.67027818977716558
  0.67758400439452882  0.68497793542853447  0.69263144788899522  0.70048204184192087
  0.70859526325375521  0.71698947668598123  0.72568176374269322  0.73477486723540741
  0.74432298461898661  0.75434527419207864  0.76497315530633914  0.77631840664346252
  0.78863329353714784  0.80227914233665332  0.81762864827218040  0.83540929289229859
  0.85729874740301126  0.89187952979779306  0.94551603035030252  1.00000000000000000
   6.3010478408518294E-005  0.12221511484593836     
  <DiscreteSampler_grid>
  Helicity
  1 # 1 for a reference and 2 for a running grid.
  80 # Attribute 'min_bin_probing_points' of the grid.
  1 # Attribute 'grid_mode' of the grid. 1=='default',2=='initialization'
  0.0300000000000000 # Attribute 'small_contrib_threshold' of the grid.
  0.3330000000000000 # Attribute 'damping_power' of the grid.
 # binID   n_entries weight   weight_sqr   abs_weight
    1   80   2.786768324131095E-077   3.641727738303534E-152   2.786768324131095E-077
    2   3615   2.471792297585568E-004   1.161401784594588E-007   2.471792297585568E-004
    3   3588   2.455885738286967E-004   1.159732292858335E-007   2.455885738286967E-004
    14   3630   2.484040844160575E-004   1.183390459074390E-007   2.484040844160575E-004
    15   3661   2.443265824847662E-004   1.154705045338725E-007   2.443265824847662E-004
  </DiscreteSampler_grid>
  <DiscreteSampler_grid>
  grouped_processes
  1 # 1 for a reference and 2 for a running grid.
  10 # Attribute 'min_bin_probing_points' of the grid.
  1 # Attribute 'grid_mode' of the grid. 1=='default',2=='initialization'
  0.0300000000000000 # Attribute 'small_contrib_threshold' of the grid.
  0.3330000000000000 # Attribute 'damping_power' of the grid.
 # binID   n_entries weight   weight_sqr   abs_weight
    10   10   9.965107724658918E+006   1.660122827851210E+014   9.965107724658918E+006
  </DiscreteSampler_grid>
