 -0.00152750084692246  0.00480947998810022  0.01102280419123560  0.01736855190801953
  0.02525262664796076  0.03364320855910539  0.04265382977103484  0.05187192813848007
  0.06179517390634834  0.07223673507274618  0.08274776473896665  0.09351301544893313
  0.10423760871997961  0.11539162383902428  0.12701246796531412  0.13851275570422350
  0.14961523882071992  0.16019803574879074  0.17120434773576496  0.18275903038588401
  0.19435895662982958  0.20549282388989118  0.21616890782022319  0.22673242653451942
  0.23709275321507681  0.24759021108601209  0.25801538450458716  0.26852980004229127
  0.27911317828302856  0.28939236108259508  0.29970984241522175  0.30972789413898194
  0.31980481268632893  0.32974634250498386  0.33883247223893126  0.34810244725357153
  0.35700397246991689  0.36676483595693943  0.37630077486293778  0.38699993748169204
  0.39729696346684273  0.40798958273229924  0.41899955220521640  0.43042496605018976
  0.44203969114153141  0.45317143378123581  0.46441571149423788  0.47537353613138217
  0.48620275949966907  0.49681741970246129  0.50689297579685066  0.51733505816463077
  0.52833198852570051  0.53994108468208479  0.55170067951521418  0.56393803852074853
  0.57683155154003285  0.58959787332691649  0.60050463705361823  0.61074935041439282
  0.62060268408687735  0.63075370722759849  0.64080525139979272  0.65124778693142582
  0.66196452319525700  0.67231677618314534  0.68228743682090531  0.69244175869335145
  0.70363797412708440  0.71495845109073075  0.72603831375711037  0.73679749741071454
  0.74744472239193338  0.75806425840868108  0.76874737686558958  0.77960670959862288
  0.79062433870475524  0.80109293319822406  0.81187185037369447  0.82198109606823455
  0.83208081062561823  0.84216223911760435  0.85350262978047808  0.86506236746203324
  0.87663925434258338  0.88847555230879105  0.90018871913009901  0.91142618455844282
  0.92243241314647328  0.93326199462314596  0.94385224279719637  0.95413663893999068
  0.96511080769187041  0.97665350278194651  0.98831967364568285  1.00000000000000000
  0.00970982614968443  0.01535707338282192  0.02349741618216693  0.03284364764204139
  0.04208288443604268  0.05092677959143840  0.06025442019113100  0.06995008475118610
  0.08095058397004812  0.09140888883202215  0.10218562692085496  0.11264471833104961
  0.12326372322237494  0.13372405671179430  0.14477763820700248  0.15589867498873977
  0.16715904045760832  0.17849201421470376  0.19055259533579230  0.20236935290340555
  0.21415516890231778  0.22541041962087521  0.23583390733369780  0.24549569635559831
  0.25556284124331397  0.26559116461168492  0.27583033961574743  0.28613849141836556
  0.29718460621542686  0.30793592325336083  0.31851339729467576  0.32839588974919448
  0.33806083990257874  0.34773513819009355  0.35779251709456111  0.36831898758576798
  0.37908098915928534  0.39004187888981318  0.40074944682324526  0.41111933011627400
  0.42139470762375131  0.43194668409504500  0.44298020101856406  0.45449635537317523
  0.46600194436321030  0.47692512303467166  0.48717372470709658  0.49773951825160323
  0.50909851621815494  0.52099506048581079  0.53262097906416594  0.54315835467882934
  0.55324562363891694  0.56360357040925302  0.57464964939208552  0.58583849153492351
  0.59609266841272857  0.60576803135879376  0.61581739190792895  0.62635974861899946
  0.63710448018490817  0.64749737722245471  0.65750230003668719  0.66765503366102175
  0.67779809070610675  0.68805855573629093  0.69818921735822048  0.70834192016286202
  0.71843568609442887  0.72880220606700685  0.73908679204381944  0.74959989357033963
  0.75949885666093320  0.76952537975064694  0.77949459019192480  0.79009060434023970
  0.80051104980481791  0.81146442908593319  0.82114497387469876  0.83063165392584715
  0.83971078331599758  0.84882064372608357  0.85851724066199753  0.86863230147325188
  0.87915803101059564  0.88992000723626874  0.90029054045759638  0.91026927168079252
  0.91990435591745812  0.92880851874626824  0.93903121443296778  0.94901324348042149
  0.95915916970968129  0.96992771964411140  0.98026521074160544  1.00000000000000000
 -0.00000077209431236  0.00000861358100550  0.00001307240221786  0.00001690061459127
  0.00002043693481578  0.00002365084162465  0.00002648728112235  0.00002917655774738
  0.00003187223848803  0.00003448854028167  0.00003708402659652  0.00003963132996330
  0.00004219917336045  0.00004475365519556  0.00004736477209797  0.00005008789331907
  0.00005283103513139  0.00005561603389703  0.00005840692191154  0.00006116081277085
  0.00006405937599129  0.00006711041769837  0.00007023264498056  0.00007358556378684
  0.00007713954784913  0.00008076896441166  0.00008446953910546  0.00008818851840738
  0.00009162591343940  0.00009542581244520  0.00009929621142525  0.00010329395231702
  0.00010721635635525  0.00011123858485587  0.00011538044982287  0.00011983707289177
  0.00012512552527414  0.00013089589862463  0.00013659740592805  0.00014248667081657
  0.00014877515660133  0.00015525584864219  0.00016235793271386  0.00016996860750724
  0.00017786102936192  0.00018585975176347  0.00019406032947849  0.00020229640468225
  0.00021048058647785  0.00021892311407153  0.00022716924238217  0.00023542604299139
  0.00024427122028374  0.00025421773771065  0.00026554671320017  0.00027788061282831
  0.00029009826357931  0.00030255293756631  0.00031603082478901  0.00033247092344704
  0.00034923792580719  0.00036706191299255  0.00038560593937169  0.00040399835827045
  0.00042348018628629  0.00044511673009319  0.00046888882273620  0.00049811327268037
  0.00052359444810610  0.00054872253511041  0.00057322623383203  0.00059803738093211
  0.00062436497069672  0.00065358333849470  0.00068352736602353  0.00071812710274438
  0.00075805072285933  0.00080214737664126  0.00085416194558142  0.00089799328062958
  0.00094774525027482  0.00100173757979677  0.00106088210609258  0.00113116638121434
  0.00121962485872388  0.00129453133371567  0.00137645603892877  0.00146725966240096
  0.00159387802078625  0.00179189475403837  0.00208427326603173  0.00241154087492738
  0.00275072053314031  0.00315635631788794  0.01377456064878859  1.00000000000000000
 -0.00264385982656701  0.00697883190740952  0.01593042806987487  0.02421779296595314
  0.03211794466154683  0.04144927117316530  0.05057075754870218  0.05957048807798000
  0.06822115666532641  0.07706030010112536  0.08680721650804124  0.09680925348674260
  0.10618377616644395  0.11517486088375019  0.12458958044594334  0.13445493700239816
  0.14493950446197049  0.15535509562064967  0.16642814774175355  0.17781466887035846
  0.18907665576314123  0.19993976641498526  0.21018428875548059  0.22003467495346568
  0.23063986704668077  0.24147417883273217  0.25192021915800489  0.26159118709581952
  0.27120244778050523  0.28039504874130117  0.28955830255805309  0.29920034311796695
  0.30898182916402883  0.31886291609941059  0.32918321454395116  0.34073382285109072
  0.35259618295007222  0.36358500151049927  0.37390201436576598  0.38421962998084064
  0.39466576045589558  0.40455578458950214  0.41458281797330443  0.42486391548975072
  0.43516217919684735  0.44515099511262679  0.45531869118681340  0.46590701873832563
  0.47675322646656448  0.48758491798020298  0.49868007708295858  0.51001066893847324
  0.52096913091056096  0.53146837658835411  0.54236785578587166  0.55420775871037853
  0.56555247006460085  0.57610081174471206  0.58651267119422723  0.59712076335609743
  0.60747006471425236  0.61789972192980347  0.62899642737294903  0.64100196550310984
  0.65290814873672187  0.66502591113792608  0.67726410102542622  0.68971906969386099
  0.70194970673633739  0.71413096653994113  0.72608537166999465  0.73793993057084473
  0.74945014261110421  0.76124553450136390  0.77242533502378230  0.78375811361743219
  0.79485133370971239  0.80647748984665801  0.81832430161558412  0.83053724516948491
  0.84253056167807383  0.85451968796412348  0.86626455858296580  0.87751379163256282
  0.88798480387921863  0.89848575192557090  0.90959212301336512  0.92120807288949236
  0.93264062006724224  0.94377705127640488  0.95436833058221215  0.96490263621325245
  0.97438644762510529  0.98321920789894157  0.99159340765539761  1.00000000000000000
 -0.00212544627772568  0.00889561174826851  0.01875679481521356  0.02841461988527771
  0.03824511179790502  0.04819625508495549  0.05807253984158536  0.06826571928028452
  0.07895604444460759  0.09046395214182527  0.10192068644091090  0.11239097994246351
  0.12125173902177940  0.13009943233739371  0.13865612860834245  0.14880061385860566
  0.15933808825852838  0.16955677718285514  0.17980294232587260  0.19001176272647427
  0.20052157954780800  0.21075868105901463  0.22107222802744769  0.23124477166653168
  0.24127128458337790  0.25116055855912200  0.26173194029561647  0.27285177450437192
  0.28375727176070509  0.29436759000188317  0.30500761342182675  0.31594555346192726
  0.32719293668353155  0.33929397243452769  0.35168647828049487  0.36373919508101293
  0.37537321647307237  0.38669805481724301  0.39757255136039160  0.40732208637132061
  0.41757026061738822  0.42880156435836014  0.44071893873229695  0.45200965526082082
  0.46335850418428737  0.47523817928656542  0.48631201623066517  0.49613890623111850
  0.50554697970837292  0.51508042553556965  0.52494906451136325  0.53461110900928199
  0.54476186564502282  0.55546220137136448  0.56643475191337800  0.57710192168032337
  0.58748518496062785  0.59791688623095141  0.60861677413459792  0.61884108282336769
  0.62887365316882460  0.63871441968896547  0.64908984307059325  0.66009894600195318
  0.67133394133252511  0.68183679329810232  0.69140578573349776  0.70086735903007669
  0.71062655207357905  0.72126296659068656  0.73231439054430747  0.74341863699058963
  0.75511491383498253  0.76631309536290138  0.77741976508937394  0.78776568903719457
  0.79834455628229672  0.80819619358032835  0.81766044546552452  0.82733655089829228
  0.83667940778162531  0.84653253198844247  0.85603386055922559  0.86696782417568863
  0.87832083834712926  0.88978876266296081  0.90121393479551193  0.91252315086542091
  0.92352908474481399  0.93444723739994651  0.94556560308674420  0.95688628169126644
  0.96722762687007424  0.97797998769531735  0.98902414019309204  1.00000000000000000
 -0.00252043767763495  0.00971210559838260  0.01996238391563101  0.02995062162846946
  0.03926786775040543  0.04713382366897854  0.05552324937885667  0.06397424116552065
  0.07254794986180574  0.08144013731437670  0.09079960604971309  0.10108842098287517
  0.11217190278078071  0.12316346358482891  0.13396795344422172  0.14533325180976986
  0.15678952338765390  0.16835949115722917  0.18002301602937479  0.19212313015903307
  0.20436047225771833  0.21546924825640668  0.22569626080356944  0.23597659892328457
  0.24664583223869252  0.25766909415371997  0.26831326627044649  0.27880830574394400
  0.28877848548528157  0.29809425427265829  0.30705686576621199  0.31614188008315885
  0.32564844398392417  0.33578547469422532  0.34622154263249760  0.35739216038341981
  0.36854097001455649  0.37977725462753509  0.39071250568941279  0.40154394791612730
  0.41250591254253199  0.42355986136982154  0.43528426737517034  0.44680883726645504
  0.45691067103200761  0.46656751231302368  0.47593027318673609  0.48609108792001149
  0.49626354373683906  0.50664312040730863  0.51723210388043495  0.52780140819924248
  0.53805761666796725  0.54801298353795513  0.55829715648647416  0.56905833619258173
  0.57996617983607535  0.59102492534804052  0.60200651268244154  0.61282328201440384
  0.62373641235648924  0.63561721392243031  0.64743183537385429  0.65877440146316313
  0.66951252683140994  0.67980008458455876  0.68975856823977810  0.70008239392627769
  0.71098895456853095  0.72262450473742401  0.73394597227333336  0.74553079642406572
  0.75655879458809039  0.76753972486563615  0.77880203007354487  0.79013150849508496
  0.80093970047900975  0.81135627973054769  0.82187328616895849  0.83261214120614391
  0.84401606680834118  0.85637491027259949  0.86856224679503580  0.87997110969416414
  0.89104687594160259  0.90133678991433441  0.91137107789668947  0.92117733462172535
  0.93097791940646446  0.94042110017509983  0.94974920763883008  0.95928083847309265
  0.96954323692127475  0.98015457045959842  0.99004854106788909  1.00000000000000000
 -0.00188296614354445  0.00841225321177982  0.01762735610023064  0.02780585665420134
  0.03837277579922958  0.04871691529819138  0.05853610556393607  0.06825974412221186
  0.07870271512761838  0.09011614087628812  0.10141978202294592  0.11194483442193592
  0.12232031098854773  0.13232826952524609  0.14243124419937594  0.15294436301980308
  0.16379548487125753  0.17395913269428165  0.18353976450905415  0.19335338962070206
  0.20373452226733788  0.21427929460893769  0.22454813430789353  0.23464793574234633
  0.24490007708461997  0.25548594348808717  0.26613246388083117  0.27710152077350869
  0.28786891644920404  0.29847224092971558  0.30890798318290080  0.31973711712078279
  0.33104104101740672  0.34211359388427770  0.35301071958039620  0.36388627106007898
  0.37455136521274940  0.38500610542271929  0.39507395303207826  0.40521129552999330
  0.41519825167905333  0.42532360716395856  0.43585730107265364  0.44684321786613246
  0.45809357303211251  0.46977322806856314  0.48085976109644135  0.49126182340110014
  0.50126511996040968  0.51133226297725076  0.52178064305882765  0.53223780440752966
  0.54253573752667827  0.55252379318289524  0.56275854471059061  0.57237039841601278
  0.58193701095206318  0.59105900837716896  0.60059690028947332  0.61058789889707110
  0.62086443543873127  0.63154081992661559  0.64235442745678872  0.65316071802480458
  0.66401865930508042  0.67515282540471766  0.68640107263047534  0.69745154748472715
  0.70834813559818088  0.71906035505707089  0.72958638047898283  0.73983203739750014
  0.75009380801854697  0.76031207219307329  0.77083912843564051  0.78202350395452291
  0.79312387862192557  0.80396158023837727  0.81484828604563220  0.82608025754241099
  0.83768326404197979  0.84906219203644595  0.85975571858617716  0.86973114215413105
  0.87942196405393114  0.88941269096449604  0.89991103565267061  0.91077535082471250
  0.92146650380831763  0.93168147260958978  0.94266100646781703  0.95471233360685659
  0.96584633566903122  0.97673407084128216  0.98804805295321252  1.00000000000000000
 -0.00236530003585363  0.00962772441609664  0.02062181174184828  0.03187803845040894
  0.04344378421025058  0.05515233490931134  0.06629951793956482  0.07721758166138271
  0.08791142846011833  0.09940435960595526  0.11092671445261081  0.12171459104767747
  0.13206508635304834  0.14209782749504515  0.15234817136787596  0.16272658460338385
  0.17263797500341069  0.18230557627966273  0.19139140202863078  0.20089018622313137
  0.21060373173114552  0.22153917738802567  0.23238282115523151  0.24405368403951241
  0.25472361285571365  0.26472225394298754  0.27484686259486946  0.28520366098363237
  0.29548192676915030  0.30521731074493219  0.31581206788946919  0.32724786837393216
  0.33923988046684611  0.35046504342278750  0.36134393879394061  0.37153361301106086
  0.38159633685815975  0.39149183415464289  0.40169655610626126  0.41212618505830340
  0.42295962129389153  0.43413037380368474  0.44546164543179423  0.45603771406430177
  0.46500909392289369  0.47381042163989567  0.48248638155538270  0.49231632085986954
  0.50239878516496750  0.51280245055010043  0.52296811549090938  0.53296197678615087
  0.54287778260950226  0.55295883978041849  0.56342580351742289  0.57332576159607607
  0.58365233501914315  0.59368766729133904  0.60415977033856438  0.61522963480728210
  0.62687959685537464  0.63885967936590815  0.65123348275404724  0.66321683443919610
  0.67493983558891069  0.68654604826005816  0.69773962878481188  0.70815263557113095
  0.71767754160220587  0.72704773506051024  0.73688681010014101  0.74719529694819919
  0.75816867372205465  0.76898606519740054  0.78035269940658092  0.79198282695463640
  0.80331834465779239  0.81454728425893552  0.82504519395071374  0.83521644552488572
  0.84470608644095124  0.85424774925173430  0.86397191983215482  0.87411027272973396
  0.88510795600514336  0.89660159624818747  0.90784365592278693  0.91884703298205084
  0.92990613666651689  0.94100181523588167  0.95134116068588181  0.96126068363762396
  0.97080070529348672  0.98036853970376314  0.98998367952970900  1.00000000000000000
  0.27893797037176193  0.28952313563923321  0.29869595561829376  0.31431324627329477
  0.37082049802840966  0.39349840501110150  0.40257487144478227  0.41160814944254176
  0.42167502199497053  0.43145434614513123  0.43992619058545007  0.44750863847683797
  0.45478281108095991  0.46168440616254064  0.46824666505295054  0.47441991007308393
  0.48032008705312196  0.48618900373227408  0.49194125202894362  0.49799633106991276
  0.50397816294913611  0.51009287962858707  0.51605104435592652  0.52195261500188761
  0.52795028085344853  0.53385231102861896  0.53953554686821947  0.54494615514978828
  0.55024932178935659  0.55555832643742575  0.56077186037515714  0.56589814112839842
  0.57107084813541320  0.57627345479371872  0.58164027244165584  0.58668210654630948
  0.59103338686405704  0.59535045646583462  0.59966661607471716  0.60455476896417815
  0.60971461458034171  0.61499466432522298  0.62021089426475717  0.62531847894616688
  0.63039127742453660  0.63542868941912822  0.64039229541916831  0.64540884494762274
  0.65077539658596528  0.65640889182194240  0.66195256970199723  0.66777311568409004
  0.67383075881935439  0.68001961550650569  0.68622289769582590  0.69223950985595772
  0.69788366438826754  0.70320272867064193  0.70847248114288741  0.71393773344478073
  0.71960914620042449  0.72537831929933738  0.73092902387311232  0.73630050407373748
  0.74161258916123607  0.74709083291425571  0.75285752295119279  0.75879178815416914
  0.76441661163353836  0.77009122224379400  0.77548098178089941  0.78098123827074417
  0.78668266227769301  0.79279080574289806  0.79892074652790324  0.80482609131213112
  0.81052068323114590  0.81663207020786155  0.82309699702849237  0.83025727022205642
  0.83735280232512743  0.84453645073998107  0.85166905514611302  0.85908559255772399
  0.86692441765405004  0.87472630091076364  0.88229768918703677  0.88971034934082194
  0.89766409592928287  0.90633935343882088  0.91546086858887477  0.92545959140016409
  0.93740076550635110  0.95179383525515404  0.97112003673811120  1.00000000000000000
 -0.01979766811388650  0.11016796766407691  0.14418556763476831  0.16692483183815943
  0.18383895351833635  0.19801189410490513  0.21083242023491491  0.22293965237441596
  0.23460931632675264  0.24611243943847405  0.25672762372461844  0.26677362461953530
  0.27598420062358048  0.28445562970467037  0.29231732052567178  0.29976911908616666
  0.30695317724898563  0.31417694853180361  0.32151021716189088  0.32909713463703988
  0.33665129329618615  0.34356566145585099  0.35017082821541939  0.35665106853644596
  0.36309283697429146  0.36957183729718479  0.37590594760891022  0.38187182486529531
  0.38728169933677897  0.39253369755862710  0.39789617444482434  0.40362252489863271
  0.41003000084785834  0.41676960307855576  0.42308103318188411  0.42907726761163684
  0.43473083784348482  0.44020940575365008  0.44591461446446473  0.45183216416772143
  0.45777889144678696  0.46370356319706707  0.46959397088609123  0.47535700243054968
  0.48092034738411799  0.48617279741162134  0.49127040348323175  0.49630749460309159
  0.50113271020764449  0.50607833964674365  0.51120807989053962  0.51663178154421074
  0.52243254279452311  0.52840572521106022  0.53431714665565067  0.54014515693935317
  0.54585635291398360  0.55153469274333267  0.55721611206467192  0.56286056720041278
  0.56838569244710524  0.57396372010404439  0.57957096326719693  0.58520626877048143
  0.59098861989136919  0.59697006887213711  0.60327878557384340  0.60967619108906845
  0.61594562939946662  0.62223303343780456  0.62889526657860229  0.63597522272634721
  0.64288381430030150  0.64937513510810507  0.65587614844593778  0.66249333761931151
  0.66959872463290704  0.67676524263900106  0.68413978258575958  0.69166851798131213
  0.69983319410374256  0.70821341799069948  0.71715450337051745  0.72608508726453025
  0.73559937195878944  0.74550022904772550  0.75573060497996347  0.76612603949367741
  0.77679851419963353  0.78808237906507328  0.80115810684406497  0.81597587058389576
  0.83307021627934297  0.85625206273746679  0.89241288096136284  1.00000000000000000
   1.5328126957121739E-009  -1.0000000000000000     
 F F F F F F F F F F F F F F F F F F F F F F F F F F F F F F F F F F F F F F F F F F F F F F F F F F F F F F F F F F F F F F F F F F F F F F F F F F F F F F F F F F F F F F F F F F F F F F F F F F F F F F F F F F F F F F F F F F F F F F F F F F F F F F F F
  <DiscreteSampler_grid>
  grouped_processes
  1 # 1 for a reference and 2 for a running grid.
  10 # Attribute 'min_bin_probing_points' of the grid.
  1 # Attribute 'grid_mode' of the grid. 1=='default',2=='initialization'
  0.0000000000000000 # Attribute 'small_contrib_threshold' of the grid.
  0.5000000000000000 # Attribute 'damping_power' of the grid.
 # binID   n_entries weight   weight_sqr   abs_weight
    22   10   4.479393068740434E+003   3.474745845814177E+007   4.479393068740434E+003
    23   10   4.479393068740432E+003   3.474745845814171E+007   4.479393068740432E+003
    25   10   4.144113941984502E+003   3.290921243340494E+007   4.144113941984502E+003
    26   10   4.144113941984499E+003   3.290921243340488E+007   4.144113941984499E+003
    34   10   4.140923523768030E+003   3.299413554480314E+007   4.140923523768030E+003
    35   10   4.140923523768028E+003   3.299413554480309E+007   4.140923523768028E+003
  </DiscreteSampler_grid>
