  0.00987028396881921  0.01613613726854495  0.02520580494138939  0.03626153675767078
  0.04900395628740888  0.06225657496048492  0.07481184550100164  0.08748126926805974
  0.10000660348267373  0.11145642450729272  0.12234589621544358  0.13335218024213524
  0.14467418183592895  0.15606776097154987  0.16703920464567759  0.17718230222631909
  0.18736667120895931  0.19814346138856936  0.20972934778513991  0.22062350158335553
  0.23158842017482931  0.24122388467014927  0.24950180666446706  0.25783726819301650
  0.26599949041061899  0.27664486312385250  0.28613295113858278  0.29638721678116708
  0.30609390035651524  0.31616765276423575  0.32644078336091015  0.33646286561983285
  0.34651539205857412  0.35652358373644671  0.36584936345453312  0.37544553147933168
  0.38522933076300203  0.39490139078737380  0.40492629152910403  0.41322864184807961
  0.42016755804733730  0.42641524520032947  0.43313310249561771  0.44156564938089748
  0.45116412907910147  0.46184733896913560  0.47364533954195476  0.48293793427256360
  0.49218561104492609  0.50184754629274186  0.51261446547499467  0.52388831200383357
  0.53418049042097437  0.54433915799227661  0.55444387816202423  0.56510423718302527
  0.57657809872962507  0.58706766557009205  0.59670086100952013  0.60640826457854724
  0.61626759057343083  0.62529870862431280  0.63445736122135876  0.64456728898226201
  0.65664944196219843  0.66849421399869124  0.68054248775573845  0.69275524861108995
  0.70413001245151596  0.71594331279536849  0.72863851888071063  0.74123458453262303
  0.75351691222183603  0.76471066046775127  0.77545773294312759  0.78590394939064045
  0.79761989490727259  0.81143887798235859  0.82632470580580342  0.83938539320815642
  0.85106578114273890  0.86246632229664555  0.87279008408529202  0.88342326289238582
  0.89423420767450601  0.90450906637611228  0.91311331259111705  0.92182307458408286
  0.93009372879806373  0.94013648597896904  0.94799054389904602  0.95569139355085286
  0.96569283002563233  0.97815865796264712  0.99104183146645741  1.00000000000000000
  0.00010296011509670  0.00011284679499809  0.00012038086090800  0.00012808563946332
  0.00013552595808835  0.00014268929018857  0.00014961874973363  0.00015659553986779
  0.00016325595898221  0.00016966774169816  0.00017619821929775  0.00018342813667433
  0.00019106456628298  0.00019936678556058  0.00020869962087320  0.00021818440276656
  0.00022732854350713  0.00023582222305165  0.00024430455749164  0.00025276724829115
  0.00026186657123126  0.00027118055566937  0.00028129574687138  0.00029156591633515
  0.00029993851998713  0.00030866828109755  0.00031754141889419  0.00032676824986202
  0.00033615319240616  0.00034522370822471  0.00035386141427808  0.00036230357266117
  0.00037085472732387  0.00038043124412212  0.00039146924499535  0.00040359823312060
  0.00041604614396473  0.00042852914004147  0.00044146337150978  0.00045514697100488
  0.00046970058599205  0.00048572403368476  0.00050197031814158  0.00051769292658998
  0.00053312021826626  0.00055045681299078  0.00056898590804138  0.00058796100405479
  0.00060774365427113  0.00062694868491118  0.00064545293199012  0.00066630804946683
  0.00068667923501643  0.00070876984371672  0.00073306784579889  0.00075731910231374
  0.00078243369535168  0.00080950435738653  0.00083661406568646  0.00086437745306305
  0.00089299013216545  0.00092275522893261  0.00095235425753184  0.00098182021195978
  0.00101433365233339  0.00105293164334381  0.00109473488810585  0.00113821473348946
  0.00118476096756422  0.00123367632456062  0.00128558708383098  0.00133818044515459
  0.00139565329104005  0.00145991117031928  0.00152864163187052  0.00159624278349835
  0.00167267556596418  0.00176611548678840  0.00187653037694682  0.00198104670557301
  0.00207852581863081  0.00218758267100807  0.00232383511390085  0.00251885625267642
  0.00274439635528345  0.00303037743901518  0.00335667170287583  0.00364304252861064
  0.00395667183848869  0.00432090528859238  0.00482186261460683  0.00561471463997185
  0.00722686975620344  0.00930199766705670  0.13568532055629354  1.00000000000000000
  0.00000259694747337  0.00000379430964318  0.00000453043420046  0.00000531754153428
  0.00000625530638515  0.00000726609903398  0.00000821433132876  0.00000920502011236
  0.00001039094880178  0.00001187083131298  0.00001338269838382  0.00001497688928366
  0.00001664555011171  0.00001814151961012  0.00001964037594795  0.00002121893642486
  0.00002295943431270  0.00002496243582406  0.00002674054828418  0.00002863579706026
  0.00003067738132905  0.00003305327875881  0.00003553077806436  0.00003781838815115
  0.00004016878610123  0.00004273769335258  0.00004554489748295  0.00004850607532273
  0.00005163054984724  0.00005510631231775  0.00005915413827826  0.00006343236180072
  0.00006743639984541  0.00007143634129369  0.00007575917073741  0.00008061221921277
  0.00008541132511984  0.00009026185221592  0.00009518805316750  0.00009985329929970
  0.00010544028682941  0.00011183486425707  0.00011873886511661  0.00012612827457644
  0.00013421571057914  0.00014252144356482  0.00015128687634413  0.00016054569133630
  0.00016971394951077  0.00017978390004914  0.00018969847020162  0.00020038920573170
  0.00021084998334720  0.00022208044790777  0.00023396375202053  0.00024558459164910
  0.00025707944162503  0.00026905571209753  0.00028234167323809  0.00029600203686040
  0.00031046161005213  0.00032393537200205  0.00033676988881876  0.00034960676079456
  0.00036326845196483  0.00037771687981763  0.00039428003504552  0.00041215266928439
  0.00043343789833897  0.00045643757277590  0.00048048921793989  0.00050641380094664
  0.00053636056794677  0.00056960170913457  0.00060793671870938  0.00064106936578878
  0.00067511098825808  0.00070413921315521  0.00073507268636682  0.00077192413830673
  0.00081235567145024  0.00085034880446077  0.00089593527443705  0.00094251270084118
  0.00099629555818501  0.00105870156408326  0.00113637447663561  0.00123741545603352
  0.00137263627802714  0.00156878763045309  0.00183246979868539  0.00218877009104789
  0.00265418167800582  0.00346118437453858  0.26093413541267102  1.00000000000000000
 -0.00337234004269031  0.01077346959350759  0.02101148473345383  0.03113964726920042
  0.04148690141205152  0.05184024340975373  0.06128749054164043  0.06945699406283426
  0.07764639812709484  0.08788926761269765  0.10042257004605142  0.11252763157777410
  0.12450423967035751  0.13553811896627888  0.14733417158430692  0.15933688043832200
  0.17304260335448871  0.18697105535629244  0.19892141387050766  0.20932508866334554
  0.21919498893880110  0.23017659127437076  0.24261110661475019  0.25444505510465976
  0.26538124008791469  0.27651872145399709  0.28763511546902004  0.29766375904754833
  0.30654585902164166  0.31534424332021105  0.32395823450528716  0.33287459951914711
  0.34256489959393160  0.35294015037689713  0.36293839540813749  0.37203612073674175
  0.38114646003314717  0.39111700208609329  0.40208258037669148  0.41316609953435562
  0.42445741382306834  0.43622667473323040  0.44762683916987117  0.45881554324742518
  0.46915430591888835  0.47894334327345967  0.48733423606286164  0.49565483408552813
  0.50451336059841001  0.51236819686299684  0.52087538003799416  0.52971421717815759
  0.53965719263083456  0.55092283289114152  0.56188489631038552  0.57205896224820030
  0.58205006185272923  0.59257000872256149  0.60348951539773354  0.61423451989541100
  0.62429850880151105  0.63458196660453570  0.64573596393788635  0.65773310017932951
  0.66911151334143115  0.67849550801394953  0.68707887499780351  0.69577802849988446
  0.70486959543311034  0.71407738575950930  0.72432025473418249  0.73516120600101142
  0.74842081673617156  0.76029934692594814  0.76869490459238488  0.77675148805316885
  0.78463030614100338  0.79436003681011524  0.80526279759039321  0.81664297627187954
  0.82855218869288649  0.84001242654125030  0.85021041461014624  0.85972042954421302
  0.86873309883732841  0.87804379897180374  0.88893478809794246  0.90095557803511939
  0.91399590356728777  0.92645067032752593  0.93865579302874336  0.95109986061453766
  0.96381780648877269  0.97669226180304525  0.98855768692610568  1.00000000000000000
 -0.00254234869079935  0.01061486592860518  0.02062055664220697  0.03005530334353509
  0.03920061316114046  0.04856579570946073  0.05938163694450860  0.07032490797095101
  0.08098517810306344  0.09143784541933969  0.10198667700107515  0.11272331446274603
  0.12387257357417780  0.13571408035874782  0.14743405429484646  0.15867440420743925
  0.16954414423733988  0.18016929007579818  0.19125640160043939  0.20269672234277725
  0.21346858430997945  0.22418289874431482  0.23322784847631794  0.24320250873914806
  0.25350528789407856  0.26304810219089386  0.27087188299108556  0.27830920708269152
  0.28663932096325989  0.29574211119008981  0.30604516106198298  0.31527297209829147
  0.32561121357044187  0.33615742749892086  0.34786470822394050  0.35986332334178234
  0.37220610084795958  0.38505501001165737  0.39768825646202999  0.40921441638321299
  0.42000423333043890  0.43040143443666878  0.44063991895294385  0.45052944882212936
  0.46124784293929061  0.47275783744530792  0.48549668723056039  0.49710187829743524
  0.50728852883687203  0.51672175081578731  0.52582060037620171  0.53450950263790475
  0.54290497825456085  0.55120830060818682  0.55950981138452283  0.56792169769825962
  0.57718709384007583  0.58664078905251404  0.59748802515997212  0.60878367758063601
  0.62110802431505574  0.63354287635446460  0.64490916508177565  0.65550714556232892
  0.66625536160169829  0.67892477498637971  0.69251702258768388  0.70614417240763483
  0.71912790071771715  0.73115460655999931  0.74196237604233584  0.75428179347532398
  0.76745756487957129  0.77976176855394663  0.79148418825323918  0.80025591303579213
  0.80937825560781040  0.81907726886416532  0.82982635737212451  0.83865921073000727
  0.84748877688033220  0.85688196999945154  0.86755925297331671  0.87896959282142118
  0.88984318957588915  0.90064877079021410  0.90935345520039801  0.91795200173242242
  0.92748056264728251  0.93763113214399907  0.94757649060755145  0.95724647453188794
  0.96704314379668854  0.97784083645335085  0.98865296127659097  1.00000000000000000
 -0.00458882838200071  0.02598724342785656  0.04770710310018147  0.06816646702669810
  0.08613777472424078  0.10185834883587327  0.11609825447618491  0.12942357335519522
  0.14058426566084642  0.15127787717032248  0.16169337377102205  0.17199326766974149
  0.18203621479455856  0.19299323519973879  0.20412459955611831  0.21406551868641446
  0.22305158078584036  0.23187900794395797  0.24051352475998558  0.24954787909392098
  0.25948316893492579  0.26920870382326573  0.27760284151367692  0.28505504012865296
  0.29201032692282486  0.29992180654278044  0.30829329266278355  0.31657677983411348
  0.32403576239904519  0.33136461375921250  0.33852675777492053  0.34430838128161384
  0.35049869163719277  0.35643278243985704  0.36289721553529519  0.36940855438386755
  0.37543990759502760  0.38111177845768118  0.38681622822004913  0.39275077846869244
  0.39874399745843736  0.40460939148127484  0.41038366785769992  0.41628681438827692
  0.42207796418777205  0.42785447318408149  0.43373439847670048  0.43993198337234335
  0.44668861916329922  0.45260331368299517  0.45841930803444836  0.46485112108380489
  0.47137694466161956  0.47810020687387261  0.48459006886564454  0.49129717893498881
  0.49841156624781119  0.50548736465306676  0.51239683215606102  0.51919513046501120
  0.52524524133156281  0.53131348061820927  0.53771515028210881  0.54498643231287491
  0.55313059512403984  0.56011020285024515  0.56663635381567934  0.57358524480807149
  0.57984150493611530  0.58463535500276809  0.59026927504273985  0.59617735962917828
  0.60256269739010959  0.60957236191110864  0.61667161581015884  0.62469970632585536
  0.63364294153592970  0.64247280977402899  0.65098678704087676  0.65941783309032875
  0.66951050491265596  0.68205778726806543  0.69642327152650385  0.70880775548610941
  0.72017621186838976  0.73085478537149084  0.74341390829507548  0.75965541458903751
  0.77764914754264103  0.79358097819685591  0.81477183357224436  0.84362478346241554
  0.87273167126393902  0.90562305900134099  0.95066977463899860  1.00000000000000000
 -0.00307118070112824  0.01161711492949180  0.02300164976134329  0.03387057474989903
  0.04394656693183296  0.05247163078641046  0.06062298948408912  0.06838043395639518
  0.07692028956288972  0.08764743020505067  0.09903409126516878  0.11108799998565690
  0.12312532557729466  0.13307892615882955  0.14266580922721123  0.15206333402596539
  0.16367672408706777  0.17278925239722684  0.18266576635543919  0.19216092818026759
  0.20259762189708908  0.21190810822773545  0.22047440003387242  0.22889130759264112
  0.23820114621146604  0.24773528246626905  0.25937383175552109  0.27260404351216339
  0.28543786376042085  0.29708058391459724  0.30773936992965273  0.31899512655029316
  0.33012361107181748  0.34113018806635731  0.35141805541199839  0.36353866711154048
  0.37557446701199937  0.39002343798862343  0.40233338792279122  0.41346103700482228
  0.42383854444511820  0.43511187782399929  0.44511051434077348  0.45542949040770642
  0.46628455425234916  0.47778205057927431  0.48949340571804900  0.50010579600004101
  0.50963617251582305  0.51911290217978312  0.52919997561306154  0.54014030034645433
  0.55195758206722978  0.56456052231514620  0.57758484950051625  0.59107575948510471
  0.60489773139523806  0.61744936938789752  0.62768531605678746  0.63742947336687317
  0.64842523620079284  0.65985915126780903  0.67054923600508964  0.68064564218202117
  0.69105865022193469  0.70158014836951699  0.71145942063138246  0.72084718904104128
  0.73039346163441632  0.73969634556424702  0.74836845705860644  0.75676540777945567
  0.76542200224760115  0.77503080100528965  0.78637558686495324  0.79778505648816755
  0.80894113231058840  0.81999232452101778  0.83065045092180700  0.84031725814288227
  0.84972513901568703  0.85800661358502428  0.86632124481338213  0.87698748676075344
  0.88891752728359263  0.89885286940811882  0.90767746048997766  0.91602899621216050
  0.92416704566557439  0.93317860773497829  0.94208700368358200  0.95219691677266782
  0.96509420787538747  0.97856991822968020  0.98984332343595738  1.00000000000000000
 -0.00177385643263013  0.00866803017255685  0.01801488103353436  0.02802659046478937
  0.03954379648436523  0.05149469570757759  0.06302616177593372  0.07496668826749464
  0.08549422784713992  0.09545698496695054  0.10479275617016476  0.11443264049908135
  0.12444644890949856  0.13464333001200682  0.14589236162553054  0.15795744494286937
  0.17190717973114750  0.18489918791708146  0.19686330404306190  0.20804027198790989
  0.21881235916066677  0.23157989360769549  0.24581407712752523  0.26071594504633311
  0.27342340281835764  0.28400284130462156  0.29313786934193198  0.30243701127436473
  0.31262594000230576  0.32325408285363327  0.33405196315023034  0.34459207220441174
  0.35664933043804237  0.36898980855512481  0.38079838852662734  0.39186665286561218
  0.40309368499371490  0.41310728721351281  0.42280523219786637  0.43169634441429056
  0.44069081595877396  0.45043194668414432  0.46033626895715529  0.47157672094758163
  0.48284113593678885  0.49436116061645008  0.50578449699186212  0.51543947139543422
  0.52484998913276815  0.53377514585948482  0.54363370154738266  0.55287830613761402
  0.56300081064868324  0.57349514404506274  0.58453577045861105  0.59605361564570192
  0.60733287670355485  0.61875657834183206  0.63031218805968436  0.64129570620873644
  0.65230213997038866  0.66324937753090085  0.67434302557240700  0.68593682927932698
  0.69782812066532163  0.71064994530254466  0.72183720623807845  0.73172822697188811
  0.74149605777609895  0.75114561191068718  0.76110826970033463  0.77124650337860601
  0.78225913205335296  0.79283269029084014  0.80265549381933232  0.81272242000206762
  0.82237813136574345  0.83204326320922239  0.84150210302386619  0.85020126908402649
  0.85848811450183182  0.86656195687825299  0.87580402487908604  0.88401750897979559
  0.89483590729499962  0.90673498632249927  0.91782354664795240  0.92706987183444589
  0.93623710282318207  0.94639882564041045  0.95752456894413440  0.96815970400602114
  0.97788749752341342  0.98613810563274673  0.99322728232766133  1.00000000000000000
  0.06270223145394997  0.26141627551173807  0.34812194987035455  0.40598747466064311
  0.43060560896096201  0.44402740123442491  0.45201565430442636  0.45847831694391161
  0.46493082987983525  0.47274049697815113  0.48334265476012556  0.49049160035312633
  0.49753561704898891  0.50723555244786067  0.51975225656278523  0.53274325353950736
  0.54400292901121161  0.55410409753414380  0.56439725934707308  0.57564025670146313
  0.58463083329972576  0.59277456956077923  0.59929582752626864  0.60699398273279359
  0.61699506768538182  0.62774206802725874  0.63756447855685716  0.64626759331467931
  0.65688522574752195  0.66774249277121966  0.67917410387536958  0.68734979971451116
  0.69438644663064553  0.70090030625451583  0.70771687120299720  0.71578987966873275
  0.72481772550081658  0.73393540794335954  0.74323509598133486  0.75141182720207123
  0.75792188330018684  0.76378838015865391  0.76944866693740432  0.77490416731538037
  0.78202890222403953  0.78851386535205337  0.79426215735015704  0.79966759082877970
  0.80499453479596483  0.81076498206132908  0.81666233220632378  0.82287225130336861
  0.82929823774633027  0.83529156363018420  0.84099490817159039  0.84654450903789413
  0.85193869035574865  0.85738479814607516  0.86286815397375893  0.86796921030594898
  0.87254071912428721  0.87693636545751830  0.88117592759536756  0.88564993928101765
  0.89041641976669395  0.89500524026241135  0.89923053028320366  0.90313793259982489
  0.90675215847458834  0.91036028170028915  0.91407246538446463  0.91785981686755569
  0.92168869767388528  0.92556553190673674  0.92945003875912879  0.93307592017325214
  0.93658552669583894  0.93999892866509349  0.94335022735524232  0.94675559985954760
  0.94999773208466876  0.95302065654914681  0.95602139644267115  0.95908133044410071
  0.96205748901181887  0.96496399080105211  0.96783238127886062  0.97072521330356676
  0.97370217871292242  0.97676938927983969  0.97986466133090910  0.98299809418653838
  0.98630929365939402  0.98995668822556604  0.99451214028116619  1.00000000000000000
 -0.01844471718767219  0.11020035057077368  0.14144505501208909  0.16107242146979195
  0.17725200541770217  0.19217934411125645  0.20662791008509340  0.21995146062677609
  0.23102556724376655  0.24092614242292468  0.25052279313636777  0.25960389952864904
  0.26913508256889157  0.27790753949357355  0.28592874312311717  0.29422680041179072
  0.30184088396645148  0.31085180853349237  0.31882714974120679  0.32550967507074330
  0.33206145682611593  0.33864744850056738  0.34558696833245101  0.35478914174646170
  0.36257306447579235  0.37051771406572953  0.37805003711260554  0.38656020385711748
  0.39369603491238592  0.40051220716978386  0.40623109575112432  0.41133484730432479
  0.41625120794127612  0.42124674979828602  0.42686465836644838  0.43308933306505965
  0.43966921072111653  0.44616390602254119  0.45249177718371469  0.45861015307266267
  0.46424421338630822  0.46965138207221535  0.47528423688467020  0.48123120421448140
  0.48718262264656975  0.49287984202031948  0.49889320496217543  0.50516915698266895
  0.51106187510721701  0.51673075652864631  0.52261532615058270  0.52879751329201941
  0.53501036160108750  0.54110252313396512  0.54700500801707075  0.55298486418709825
  0.55945867658498138  0.56653427148405300  0.57347188825457740  0.58033660202848003
  0.58692776211172082  0.59359807457895775  0.60029273658319715  0.60710446805131257
  0.61385623464197403  0.62023146862240064  0.62566135062656814  0.63015502725441708
  0.63520546718370408  0.64028419493176769  0.64550209372388800  0.65068509111209227
  0.65599240557437211  0.66163625125979342  0.66755926312385661  0.67412374054973001
  0.68070077756965375  0.68707440941793330  0.69373697486098140  0.70172932225956230
  0.71046912052172895  0.71876841220768362  0.72679523316057271  0.73588086382908402
  0.74633630067608270  0.75646950436415472  0.76554850567460442  0.77372456223274277
  0.78134550587922513  0.78982163370756109  0.79884382571484425  0.81285979428318811
  0.82868613442394290  0.84996576305792493  0.88551790738181624  1.00000000000000000
   1.2550152512188987E-011  -1.0000000000000000     
 F F F F F F F F F F F F F F F F F F F F F F F F F F F F F F F F F F F F F F F F F F F F F F F F F F F F F F F F F F F F F F F F F F F F F F F F F F F F F F F F F F F F F F F F F F F F F F F F F F F F F F F F F F F F F F F F F F F F F F F F F F F F F F F F
  <DiscreteSampler_grid>
  grouped_processes
  1 # 1 for a reference and 2 for a running grid.
  10 # Attribute 'min_bin_probing_points' of the grid.
  1 # Attribute 'grid_mode' of the grid. 1=='default',2=='initialization'
  0.0000000000000000 # Attribute 'small_contrib_threshold' of the grid.
  0.5000000000000000 # Attribute 'damping_power' of the grid.
 # binID   n_entries weight   weight_sqr   abs_weight
    16   10   6.229499217057214E+000   1.803588619616365E+002   6.229499217057214E+000
    19   10   1.234381543996438E+001   6.850299535701590E+002   1.234381543996438E+001
    20   10   1.234381543996438E+001   6.850299535701590E+002   1.234381543996438E+001
    22   10   6.229499217057214E+000   1.803588619616364E+002   6.229499217057214E+000
    28   10   6.229499217057235E+000   1.803588619616381E+002   6.229499217057235E+000
    34   10   6.229499217057235E+000   1.803588619616380E+002   6.229499217057235E+000
  </DiscreteSampler_grid>
