  0.00000036324877448  0.00000140963300485  0.00000229777254823  0.00000331557872920
  0.00000462503657312  0.00000584766544535  0.00000735481744461  0.00000924753136181
  0.00001117024609517  0.00001312866716385  0.00001527570941707  0.00001777854679934
  0.00002052568285887  0.00002309520758568  0.00002568798245679  0.00002827861468014
  0.00003068648329132  0.00003298869712015  0.00003470679601310  0.00003628198913806
  0.00003773030261983  0.00003904190179097  0.00004011938068700  0.00004099468097172
  0.00004178996783287  0.00004254667030175  0.00004316572110895  0.00004370983447833
  0.00004419207090932  0.00004468288229069  0.00004511826547047  0.00004550809495521
  0.00004586976748817  0.00004622061895287  0.00004651887755431  0.00004680935755752
  0.00004706539490195  0.00004725832157550  0.00004742936236407  0.00004759443456487
  0.00004774765337080  0.00004789760015964  0.00004803041604178  0.00004816718865706
  0.00004830975851094  0.00004844839529112  0.00004858447041543  0.00004870352225264
  0.00004882146524235  0.00004893076598934  0.00004904006673632  0.00004915454571037
  0.00004926956326015  0.00004939711941225  0.00004952766255940  0.00004968141218094
  0.00004983606069524  0.00004999056539823  0.00005014245291952  0.00005029518411698
  0.00005045918159538  0.00005063435435304  0.00005082526165615  0.00005108475220094
  0.00005135241964843  0.00005162986267742  0.00005192107663659  0.00005223026940168
  0.00005253934314687  0.00005286311335142  0.00005319908889345  0.00005357665943312
  0.00005403731898515  0.00005458750736328  0.00005520963969395  0.00005592329860280
  0.00005685197021295  0.00005811625880525  0.00005953415238550  0.00006095950244657
  0.00006234679594172  0.00006406699700300  0.00006605585580731  0.00006957748316606
  0.00007827058845940  0.00009006901321083  0.00010618310793122  0.00012716103498386
  0.00015476794431629  0.00020022551388309  0.00026346528195237  0.00035887116005308
  0.00057037317828221  0.00116292821598572  0.13585945964812959  1.00000000000000000
  0.00851514401634191  0.01970204814866174  0.03371013809383679  0.04716854995501731
  0.05984075419357672  0.07163374081392895  0.08106781150619714  0.09027990357512235
  0.10034080441959931  0.11280738105895888  0.12568889575655967  0.13814682566367339
  0.15005171753598973  0.16078874311531113  0.17189834699596684  0.17725836649799737
  0.18308221861920734  0.18912389975075877  0.19506928111424601  0.19995490117197426
  0.20728277263581335  0.21476212475987599  0.22296169102630994  0.23179508426000220
  0.24179220599273105  0.25656430579434503  0.27155693222953925  0.28045874741907478
  0.28768721989858814  0.29528244500196210  0.30230205867616877  0.30885024120065929
  0.31713330734554823  0.32600376287679828  0.33416363168269997  0.34135197050807092
  0.34829778947176898  0.35501343072342567  0.36227535161061658  0.37286693712772478
  0.38476051769884051  0.39724682704647341  0.41026165382049801  0.42280558120879891
  0.43453077820688724  0.44611962264430971  0.45805241546585318  0.47160858832693803
  0.48642393770886083  0.49993876117466568  0.51067946712616674  0.52042144410480484
  0.53122492885512373  0.54295292456784705  0.55305605591504170  0.56277610524147426
  0.57407368874397502  0.58598062673844353  0.59639961527280516  0.60690120751245891
  0.61805601409236965  0.62933763097831708  0.63992095491749124  0.65015134706052469
  0.65964567294909304  0.66817979004979688  0.67619331348514977  0.68449100608342583
  0.69485848066082279  0.70765063215378321  0.72207007740778983  0.73739983393994535
  0.75151976873911130  0.76251212869759666  0.77208603246115937  0.78065620529136703
  0.78978961542814197  0.80039593011613874  0.81022316355246238  0.81814022681620879
  0.82624989746147426  0.83522881797645876  0.84475623990088056  0.85569986102858264
  0.86699166498055502  0.87712818440234519  0.88807604733807233  0.89880974238183098
  0.90892486596262922  0.91743493424256317  0.92816931341019404  0.93918641566274541
  0.95099183995829761  0.96633796511674452  0.98378690230261401  1.00000000000000000
 -0.00000014426339263  0.00000922507603584  0.00001314429490118  0.00001605432744686
  0.00001945492533285  0.00002269374604833  0.00002571317216977  0.00002863754370617
  0.00003160927873222  0.00003417691253260  0.00003645186995340  0.00003873272427992
  0.00004085352689423  0.00004246427637865  0.00004416215658208  0.00004582648792147
  0.00004809581311425  0.00005058291789210  0.00005308561183427  0.00005558580995843
  0.00005827880609434  0.00006082528476737  0.00006350376520825  0.00006627308275154
  0.00006916239133944  0.00007224393749932  0.00007556392343896  0.00007907345293435
  0.00008273723843857  0.00008656188306933  0.00009053793448832  0.00009477461003047
  0.00009956218302190  0.00010486317310394  0.00010961292667149  0.00011419514193160
  0.00011853271916449  0.00012325100898776  0.00012788875000687  0.00013281824156563
  0.00013827353327064  0.00014496367318843  0.00015263221080786  0.00016191958860775
  0.00017130972815355  0.00018067643793173  0.00019004352636439  0.00019927337034466
  0.00020761038238622  0.00021704225685732  0.00022891004523957  0.00024329120201365
  0.00025432405248551  0.00026253744136655  0.00027046345332016  0.00027854503254774
  0.00028728735134877  0.00029698497954864  0.00030732308030219  0.00031860778744112
  0.00033258178209283  0.00034759596797014  0.00036001656380299  0.00037114535753941
  0.00038254608580081  0.00039518159563791  0.00041001555815716  0.00042643616492709
  0.00044448090658059  0.00046300905720241  0.00048182677781864  0.00050001348370130
  0.00051843269806066  0.00053486241173832  0.00056757830109601  0.00061140870103829
  0.00066653605363115  0.00073252843193415  0.00078080258339451  0.00083318399533230
  0.00090071588029480  0.00099570129913233  0.00109012946899738  0.00118144942589594
  0.00127214582493554  0.00138764113390708  0.00151933851360052  0.00165365389190830
  0.00179170668062517  0.00199875297960514  0.00210980711453921  0.00228835861319324
  0.00246588216509190  0.00286877137444560  0.03834149554878945  1.00000000000000000
 -0.00198216385856348  0.00849009221319826  0.01629611550878191  0.02388888083013239
  0.03210633275382871  0.04161729934449952  0.05239572482491089  0.06210152494901648
  0.07766898175343930  0.08705562543382531  0.09503356380849802  0.10271103432428821
  0.11067117795788681  0.12078069152332674  0.13113079526544913  0.14570973505746523
  0.16183768442573626  0.17366134544482120  0.18308286287321865  0.19223117993294747
  0.20180674168388696  0.20976017876809264  0.21743192665250749  0.22727552587411992
  0.23789294248894463  0.24792120000507362  0.25925846994613477  0.27193575749121707
  0.28739123561690233  0.29891398354631538  0.30680546836456274  0.31460108152975780
  0.32355109400686877  0.33257595699405051  0.33978335013193145  0.34666541594141331
  0.35380097248251535  0.36309287676137703  0.37395106666744399  0.38501132767993074
  0.39913851262567807  0.41607726127229777  0.43261444709795993  0.44851384109500220
  0.46232057167351831  0.47264372251983772  0.48289215641003963  0.49243793235863226
  0.50222686101801461  0.51112371494754050  0.51980065546641996  0.52977014083705953
  0.53930635812093719  0.54870782740631197  0.55603000260909108  0.56475455272446951
  0.57348441698260144  0.58298014713262880  0.59235243135200555  0.60174230161814557
  0.61339692919431754  0.62651147046184308  0.63869251831708573  0.65060096005171908
  0.66134628627682313  0.67016236273557439  0.67764375286558987  0.68703982465400437
  0.69775995046193440  0.70812078707298431  0.71712479936819351  0.72549571343769670
  0.73641350962000740  0.74914158675163289  0.76153275157774547  0.77411045625263331
  0.78804955186027481  0.80388381955683208  0.81972348104917581  0.83227750968588410
  0.84422237553135804  0.85621615010232288  0.86965385930417305  0.88153863335548910
  0.89375971546953659  0.90444573067553746  0.91400942623416348  0.92354032262984431
  0.93342086477585429  0.94219128414184594  0.94925955168181364  0.95728835642869758
  0.96621936441802680  0.97678337724123121  0.98855968225522417  1.00000000000000000
 -0.00197945312571195  0.00703196963521631  0.01617039292874974  0.02586563970236387
  0.03985148690830242  0.05711489818720810  0.06812290429334440  0.07693574886386267
  0.08607269110234161  0.09563509000828303  0.10785776554789270  0.12181731253260911
  0.13702966964388813  0.15071328640805715  0.16323217084656363  0.17259211378798062
  0.17880229713048479  0.18456092578374114  0.19071454286703798  0.19815149829428255
  0.20648405973237960  0.21648178152526279  0.22505557998017928  0.23078497893926977
  0.23889972820105065  0.24733365272498664  0.25751110740905636  0.27127498778971298
  0.28690227048106820  0.30170668515203614  0.31527546821836883  0.32928221116701967
  0.34417587722120824  0.35887743878074674  0.37351767715234407  0.38210817566927130
  0.39097640077811852  0.39944836385976457  0.40650359121068080  0.41391639435281252
  0.42260841021229378  0.43177099615863845  0.44266010444087217  0.45071919741177618
  0.45771193483513228  0.46521277081033025  0.47398676991363692  0.48529817625448540
  0.49629410849541639  0.50800655455726207  0.52031891895142623  0.53159758543723890
  0.54089623491038896  0.55374211370539672  0.56809973983903916  0.58035448405881207
  0.58868752933801494  0.59483335948679739  0.60191806071121357  0.61000107766717204
  0.62010552005717201  0.63109268990369050  0.64051791025868610  0.65025239184627415
  0.66001373256709983  0.67007612651067661  0.67985000661415051  0.68943028310729471
  0.69855765206463738  0.70810313769619715  0.71827626569270731  0.72951200922695503
  0.74255831319620180  0.75609409806791261  0.76883756752243992  0.78104634669925221
  0.79247219967627891  0.80436731454753407  0.81685912383155634  0.82960660690025012
  0.84257721446136125  0.85399781798020735  0.86613119834319152  0.87844585775498496
  0.88906939659409046  0.89941840613999580  0.90908427984473594  0.91848055496377701
  0.92755891239276411  0.93681009006447535  0.94936061005765926  0.96127227436934581
  0.97129884412989920  0.98065013265264112  0.98991154935800685  1.00000000000000000
 -0.00483674235201446  0.01744165425212391  0.03201926517815084  0.04468320867138841
  0.05565314139833002  0.06509218641544479  0.07371124380365479  0.08436679267340905
  0.09737073202992291  0.11129456872651876  0.12330730679241354  0.13381528972455875
  0.14450856626226316  0.15533908894150847  0.16655184243339458  0.17957715883211064
  0.19339839026337827  0.20389863202680042  0.21308379268446909  0.22171132553090139
  0.23053062672734217  0.23726166047175279  0.24386843218139365  0.25000924357816035
  0.25664367931710524  0.26388755030665761  0.27176153604312020  0.28074034558223421
  0.29161633278112897  0.30250898525491077  0.31262133522833507  0.32265429206913510
  0.33379893232125557  0.34733351227693388  0.36317184938499092  0.37911505520018479
  0.39303483460847632  0.40550788016133926  0.41713438880329839  0.42853281327801768
  0.44019130568082221  0.45423387949760080  0.46775437455220975  0.47917353561382664
  0.48765819821244921  0.49635826311886649  0.50523099294138418  0.51300383704982999
  0.51892922304555456  0.52515088049612479  0.53188636504569087  0.53998183078760309
  0.55014851644454066  0.56275183051010358  0.57516596942961384  0.58657301409879814
  0.59772210859368202  0.60836587818010357  0.61844576902490378  0.63138569460903626
  0.64312062881889076  0.65118853389535170  0.65824799885215890  0.66528822661414444
  0.67286014708608777  0.68009490274565976  0.69039851360776583  0.70086172470152708
  0.71113346882791073  0.72160019770593686  0.73473941513029251  0.74796163154417183
  0.75767607533038939  0.76676787736711249  0.77527256793204380  0.78803843800542372
  0.80137140285226605  0.81243613450399677  0.82204954076231718  0.83084351785749111
  0.83981293191715611  0.84966129836049353  0.85902482151628068  0.86783231212482159
  0.87792690459174083  0.88866999487968501  0.90117170810352287  0.91413374071310460
  0.92563449796001507  0.93623500048412678  0.94671108401543980  0.95822778022505273
  0.96780702065069113  0.97790370963641227  0.98872685913595793  1.00000000000000000
 -0.00286529716094075  0.00912941894071872  0.02118691568526485  0.03146755910858578
  0.04111405281411870  0.05040448503633985  0.05964811002830147  0.07098937127673184
  0.08478176547772966  0.09933679489712935  0.11544713242386084  0.13351417807191657
  0.14794338033850646  0.15981746838726849  0.17043927611282264  0.18175665176355990
  0.19251330091422189  0.20297904199270755  0.21358957327491093  0.22534643325239745
  0.23570318791043893  0.24435698978272793  0.25312287681216883  0.26209434643924795
  0.26982950339697565  0.27577069879613769  0.28027435277750784  0.28542857474112349
  0.29170556421269411  0.29919038644999757  0.30795386685001896  0.31833144972447269
  0.33134747468279452  0.34135830783121629  0.35131204970698166  0.36057428147257792
  0.37045276594744514  0.37855994470296012  0.38595716172064209  0.39270579421177682
  0.40273863570906276  0.41556643594146653  0.42788320063535767  0.43985684179288131
  0.45216511634370699  0.46215240723342577  0.47219498484699091  0.48302389924941319
  0.49263192116037496  0.50149754268717517  0.51075752425001308  0.52027652503527544
  0.53033441466285780  0.54140213877327592  0.55350210383720055  0.56659884867858723
  0.57853819096520276  0.58884254261979585  0.59910547375446566  0.60939811159318080
  0.62018548276426522  0.63183782820447532  0.64463647365893395  0.65651437159172366
  0.66650102249932663  0.67474335237095362  0.68333736229759512  0.69006044860577043
  0.69773177146848242  0.70465246987903729  0.71162390146611176  0.72039287591145762
  0.73095702108030958  0.74483950575235947  0.75860107767798679  0.77250539409202212
  0.78564632959425862  0.79671746193022353  0.80631210176393509  0.81608078139575879
  0.82575352064817586  0.83592350347076960  0.84850736324269349  0.86213550228826341
  0.87260821226779717  0.88272131634516626  0.89246306806416686  0.90441313541575519
  0.91644773802823820  0.92810409565430307  0.93810557368779235  0.94991048261546507
  0.96389263005557857  0.97590891496123244  0.98766701667039636  1.00000000000000000
 -0.00186297731733680  0.00698206124776067  0.01342381003850098  0.02016801109073027
  0.02788827353810060  0.03762821512544481  0.04827446255941364  0.05751928872763997
  0.06722571834290804  0.07677220565025107  0.08560200935123319  0.09455915343663274
  0.10548656552595997  0.11940214969312408  0.13482642329761310  0.15035328603388493
  0.16021043943233970  0.16809975058777543  0.17481798501371479  0.18118062543922386
  0.18835959196466215  0.19593616260457936  0.20290792723708065  0.21258014638529865
  0.22386120289796566  0.23437781618239961  0.24422340668660000  0.25477206902439659
  0.26697362177907480  0.27948187065336105  0.29049075250031681  0.30136512025329731
  0.31278781963509877  0.32384600050929041  0.33453709227234507  0.34428781150819809
  0.35466055003983865  0.36436412322268347  0.37403184513249843  0.38438537280178653
  0.39520642328105282  0.40653425772431323  0.42045716543693074  0.43549815875909331
  0.44804193748512400  0.45903583031025730  0.47109495923731509  0.48294940734377012
  0.49242809995197590  0.49970432546603583  0.50557406188243814  0.51192234872658693
  0.51944723354166045  0.53004633023349756  0.54075627874753562  0.55329121538163928
  0.56612598920479695  0.57798223104005397  0.58880910226271443  0.59929340124299857
  0.60975820386616453  0.62143325642026592  0.63239567208962433  0.64243681531649710
  0.65246092408438827  0.66317908721325924  0.67440312425352700  0.68459280658263177
  0.69348580904984780  0.70294118265858785  0.71299799178132317  0.72341177923499622
  0.73290318939758359  0.74228321518207252  0.75181597471787631  0.76123347698444155
  0.77019722553015524  0.77950725490230610  0.79001178843941533  0.80189299051742458
  0.81400852607370677  0.82398582337407733  0.83481783008434174  0.84488952568742126
  0.85421840955329453  0.86592616803160016  0.87780049198435972  0.89117196299787382
  0.90828814594075968  0.92368640830528170  0.93598455429160632  0.94695867314575011
  0.95803301125590112  0.96927315508519474  0.98410128765152349  1.00000000000000000
  0.05551424098471412  0.20632746725664272  0.24981235441729691  0.29171840737634430
  0.33341722383537159  0.35950700638541500  0.38214359426424627  0.40110551297653263
  0.41455868339567387  0.42206037245716715  0.42765873672650939  0.43426422425402794
  0.44056214204098221  0.44616980505972981  0.45199057476800308  0.45817883575581136
  0.46403210701048864  0.46920932360667045  0.47395651429866520  0.47801880229635235
  0.48212581120646220  0.48591887292764890  0.48888102802420291  0.49206754592856156
  0.49554620403245497  0.49901291014863747  0.50355080044321754  0.50854062170452752
  0.51315290371496847  0.51790755083594286  0.52282177986639744  0.52759993086538626
  0.53243399467901742  0.53712624837761858  0.54193019296882305  0.54764591322453016
  0.55349855279478566  0.55936964974673908  0.56429348670329782  0.56920523123227185
  0.57453301181155458  0.57978404161053210  0.58523740839959726  0.59088004819202655
  0.59601076555927079  0.60097936377641659  0.60567000086647949  0.61031186676514804
  0.61556165238374039  0.62120043786206947  0.62783719113613112  0.63568091652721925
  0.64477866950234164  0.65469083057569288  0.66516054170500871  0.67557054610395739
  0.68464375012449508  0.69224228560251522  0.69785142074415774  0.70358102986810311
  0.70987954432840272  0.71642897070584488  0.72341336768108655  0.73006504783870141
  0.73654942159480674  0.74356148699893099  0.75067427362460959  0.75706626796071574
  0.76371860188547036  0.77033333625672440  0.77416800220204363  0.77925943711376233
  0.78524359513436037  0.79042425005660455  0.79574896269552964  0.80146112915955980
  0.80839470824892701  0.81417799427038429  0.81923480029465134  0.82403233279769172
  0.82980682271691142  0.83574397546763524  0.84146051024179080  0.84659453892282832
  0.85089474428548106  0.85690325688047464  0.86460155070839151  0.87420055573220745
  0.88589899208247325  0.89849807757659284  0.90932675182382738  0.92061683829089391
  0.93206958848984023  0.94610056966860345  0.96179444162603300  1.00000000000000000
 -0.01943058767579511  0.11291099962760955  0.14879435740868091  0.16872812523401445
  0.18593330679914308  0.19972990326410037  0.21101855952816104  0.22478570885959617
  0.23877250185664511  0.25320108560284171  0.26504758766554321  0.27588640146303672
  0.28313202099578538  0.28973972718636759  0.29664293713923412  0.30436026092227791
  0.31442285146733751  0.32187932855413409  0.32707755935467797  0.33215775044343576
  0.33720233906775776  0.34356646274060171  0.34987274713070660  0.35511425503217209
  0.36019394527115617  0.36542479316382381  0.37054388165804547  0.37484707396413042
  0.37936714953628509  0.38390904036543316  0.38822369943128315  0.39258471292719166
  0.39742240737803919  0.40208277922217756  0.40634451508200525  0.41089357049829367
  0.41581811783221845  0.42096203720229197  0.42641219187367935  0.43138050826686447
  0.43600315213100943  0.44103160545821990  0.44613531391463551  0.45159426740060832
  0.45725593405422837  0.46332699789154003  0.47027266714599936  0.47801924806179263
  0.48593385649415888  0.49413895097063643  0.50264465875622610  0.51016946123059381
  0.51762215235680953  0.52698033304682745  0.53706680534892171  0.54724102320509749
  0.55730452755450188  0.56588371503645440  0.57288902070818348  0.57896845919051820
  0.58480587744696066  0.59152877216361721  0.59860915466262610  0.60576401431884164
  0.61266101942630657  0.61948256587659589  0.62550871526613938  0.63087508491303568
  0.63640014676716095  0.64224393093359722  0.64725217780748179  0.65194995255935140
  0.65734307966636873  0.66374046797766295  0.67095285456817488  0.67735519138378975
  0.68369195543229899  0.69006871912984724  0.69724354552903522  0.70389769171788885
  0.70964995263404240  0.71886231076697815  0.72799670694291851  0.73760872568729063
  0.74853042398828129  0.75877692437866184  0.76820118586859243  0.77688074047740940
  0.78557564126977009  0.79599564461521422  0.81071000592370612  0.82739673062288543
  0.84648969646854233  0.87104450924780452  0.90414228743707459  1.00000000000000000
   1.2843763650213046E-009  -1.0000000000000000     
 F F F F F F F F F F F F F F F F F F F F F F F F F F F F F F F F F F F F F F F F F F F F F F F F F F F F F F F F F F F F F F F F F F F F F F F F F F F F F F F F F F F F F F F F F F F F F F F F F F F F F F F F F F F F F F F F F F F F F F F F F F F F F F F F
  <DiscreteSampler_grid>
  grouped_processes
  1 # 1 for a reference and 2 for a running grid.
  10 # Attribute 'min_bin_probing_points' of the grid.
  1 # Attribute 'grid_mode' of the grid. 1=='default',2=='initialization'
  0.0000000000000000 # Attribute 'small_contrib_threshold' of the grid.
  0.5000000000000000 # Attribute 'damping_power' of the grid.
 # binID   n_entries weight   weight_sqr   abs_weight
    22   10   1.373585154695686E+001   1.173810212158369E+003   1.373585154695686E+001
    23   10   1.373585154695685E+001   1.173810212158368E+003   1.373585154695685E+001
    25   10   1.527261336033487E+001   1.510163479208696E+003   1.527261336033487E+001
    26   10   1.527261336033486E+001   1.510163479208696E+003   1.527261336033486E+001
    34   10   3.907383532047894E+001   8.463952472666368E+003   3.907383532047894E+001
    35   10   3.907383532047893E+001   8.463952472666364E+003   3.907383532047893E+001
  </DiscreteSampler_grid>
