  0.00858939697677704  0.01867675711717453  0.03141528260144467  0.04369690020040219
  0.05432562718453421  0.06434914820944466  0.07433087478872176  0.08489957168514720
  0.09632525072918621  0.10950939150735883  0.12284547541350660  0.13497394682413505
  0.14608424321517621  0.15772938200746342  0.16817896704776203  0.18121153824291919
  0.19419082631282711  0.20819062201185887  0.22246117044426339  0.23627105919957828
  0.24918252553488279  0.25950642256654721  0.26906624399246876  0.27811590611062226
  0.28758742999929759  0.29823697826576318  0.30930374222039630  0.31983765043437745
  0.32916919534731703  0.33900530159607978  0.34866019584572061  0.35975826196504240
  0.37141327607046581  0.38227084838186914  0.39235355478148704  0.40266988589681518
  0.41543647359952895  0.42998134092557638  0.44387675646663316  0.45599915509664091
  0.46606017183899379  0.47508470111705053  0.48462419769930365  0.49456848946547466
  0.50462988947784360  0.51414224830256883  0.52328032685048775  0.53284863169329999
  0.54317068124905532  0.55555399697353158  0.57020797248782062  0.58381453742607126
  0.59429894439308817  0.60390727501407282  0.61405560472892562  0.62454536956317008
  0.63583315094746395  0.64505001148599628  0.65370845879678974  0.66261598593166204
  0.67200236295438420  0.68276869406153751  0.69398013768386391  0.70383051901345928
  0.71249049336946380  0.72052762001914961  0.72838821525878639  0.73748294775937007
  0.74835958232139577  0.75987767548109153  0.77099181860620414  0.78131132768849143
  0.79094972775230743  0.80004047041277615  0.80956575233398664  0.81980177428190770
  0.82957503443589986  0.83876950738644063  0.84724877911063212  0.85552510567809670
  0.86508575990344883  0.87436367112700242  0.88343349290492357  0.89324403308872458
  0.90339587230357588  0.91393842784249424  0.92445047339388609  0.93428154737696889
  0.94371008292193548  0.95243258151548094  0.96235425177516565  0.97179766545128343
  0.97901454489438378  0.98549880322258387  0.99019386780291707  1.00000000000000000
  0.00010305875957914  0.00011332016697446  0.00012189140644936  0.00013055141113823
  0.00013924298742717  0.00014736093494736  0.00015550634375514  0.00016340383703049
  0.00017118549211239  0.00017920881623798  0.00018713237004551  0.00019488886891776
  0.00020218530038808  0.00020943273383544  0.00021701641404690  0.00022492232966713
  0.00023303194744995  0.00024120901527880  0.00024884894347098  0.00025649726084125
  0.00026448684813479  0.00027227194443509  0.00027945971446648  0.00028670379559912
  0.00029402192844628  0.00030160180057860  0.00031085648006951  0.00032124348295010
  0.00033118139396707  0.00034071864324633  0.00035067673417591  0.00036134352334526
  0.00037274560998996  0.00038527696003238  0.00039953877007407  0.00041436808342170
  0.00042932534116311  0.00044420684979791  0.00045831061656181  0.00046933323820663
  0.00048010412670993  0.00049080337694103  0.00050151559517645  0.00051414988675026
  0.00052712785197275  0.00054091415789614  0.00055575365010276  0.00057181807866588
  0.00058895688032957  0.00060700105914798  0.00062557109804849  0.00064467405103563
  0.00066515726551035  0.00068702473754662  0.00071014630501688  0.00073466845648040
  0.00076092380718090  0.00078881591983298  0.00081674904145471  0.00084301790561823
  0.00086955549614443  0.00089595119051735  0.00092652778598500  0.00096126058297932
  0.00099894951959808  0.00103783212825556  0.00107923323605939  0.00112181447939332
  0.00116201204512305  0.00119321282413355  0.00122780563733452  0.00126805757039380
  0.00131966074346104  0.00138575945679374  0.00145655604399043  0.00153376786460064
  0.00162303226773259  0.00172602006907833  0.00185256989619331  0.00197737173081051
  0.00209741718059673  0.00226525304705268  0.00244302169526481  0.00264438406545868
  0.00292097747699921  0.00319447921295632  0.00344215417551923  0.00373804918445782
  0.00418336607960186  0.00487919940334984  0.00566181394563566  0.00687551363888938
  0.01149780663043815  0.02283897176125895  0.08836234577904194  1.00000000000000000
  0.00000232007564039  0.00000316674047154  0.00000401494664162  0.00000494141959635
  0.00000589245510889  0.00000691081620408  0.00000781777338418  0.00000880839776564
  0.00000993151647314  0.00001133562154579  0.00001282876457126  0.00001441882312018
  0.00001609245193806  0.00001784966929173  0.00001959269529639  0.00002130544203936
  0.00002309862113523  0.00002492981902260  0.00002676742484416  0.00002852585929262
  0.00003036132316560  0.00003234707379162  0.00003448768491631  0.00003656375489281
  0.00003891138484761  0.00004145728054935  0.00004422357795313  0.00004739075483948
  0.00005117965185932  0.00005550250918049  0.00005977543293087  0.00006347880277030
  0.00006719044189691  0.00007116654603902  0.00007573893429009  0.00008051932767300
  0.00008554273481164  0.00009068570192100  0.00009587293669901  0.00010104402542295
  0.00010639073515472  0.00011183560880878  0.00011775162804999  0.00012482320591115
  0.00013231981151485  0.00014057124185059  0.00014920600442029  0.00015788684063031
  0.00016701060854663  0.00017658783165706  0.00018627587735205  0.00019661404741861
  0.00020759577028101  0.00021853275313850  0.00022913908376873  0.00023888011394375
  0.00024986952924171  0.00026320473844730  0.00027821889242159  0.00029288917193374
  0.00030684618991523  0.00032077318082151  0.00033476383502653  0.00034837098243505
  0.00036621272558363  0.00038456093756294  0.00040484925502277  0.00042755628087849
  0.00045207254035782  0.00047785380479658  0.00050539405669689  0.00053723058438603
  0.00057492001282612  0.00061550684935303  0.00065050844254925  0.00068255581945017
  0.00071615617128203  0.00075077176378652  0.00078718312826401  0.00082233656205526
  0.00086242114464519  0.00091190020253385  0.00096775397115779  0.00103316090262975
  0.00110803943177795  0.00119204057771694  0.00128661129330580  0.00138078070356226
  0.00150047750527998  0.00165358949944874  0.00190383314975766  0.00224882019176515
  0.00279639658810597  0.00461080006593175  0.03907738072554300  1.00000000000000000
 -0.00124111410679885  0.00772751108252778  0.01549570820801808  0.02386071021220453
  0.03253325527231398  0.04140726773699800  0.05134161499322524  0.06308028962780596
  0.07499155110316059  0.08503272150544687  0.09380663448419774  0.10283701136155839
  0.11321454813015895  0.12570970741133430  0.13897748052586226  0.14967349638307326
  0.15861414902608939  0.16762602782968505  0.17714466374371063  0.18567390433299508
  0.19459012008098456  0.20186193639337663  0.21105484698490476  0.22123101170463599
  0.23218479561274386  0.24357095833158568  0.25657838076365808  0.26951951212724451
  0.27989389006293741  0.28899652888085176  0.29847292305466466  0.30740455200964928
  0.31580776776096264  0.32524402028194205  0.33582608843746697  0.34818906201060107
  0.35935973129577925  0.37070110295812636  0.38172075889093154  0.39305195375213747
  0.40498960101743442  0.41643469835057728  0.42601221439053544  0.43472848352298898
  0.44467654046090632  0.45646468688698838  0.46953825579258501  0.48185784353272781
  0.49265114187473197  0.50418515039868939  0.51567784330879629  0.52661000631783339
  0.53617863704742674  0.54598639858653897  0.55490311205934850  0.56317406296775196
  0.57142237352692316  0.57983609652385393  0.58964173850327228  0.60065292654900904
  0.61288947883500133  0.62609276142584358  0.63857516745170817  0.65049000378186284
  0.66140330542489134  0.67116617539261303  0.68016883205074818  0.68934154372613787
  0.70027205548826643  0.71187777873440061  0.72295661092959240  0.73401635713496027
  0.74396911154146039  0.75400710268774551  0.76482283416459984  0.77505851705107809
  0.78627643923540713  0.79604363012310375  0.80673771318462484  0.81840783993631816
  0.83102043493959032  0.84223922845196297  0.85303581059739031  0.86339272981779003
  0.87492571352945969  0.88757221521076013  0.90076621849483263  0.91275751070794875
  0.92353249466234344  0.93389786973566291  0.94477579208514295  0.95701855929035340
  0.96911396023081220  0.98016300311692450  0.99025435660935635  1.00000000000000000
 -0.00286222372429845  0.01268574396722645  0.02473483155313966  0.03698420098756588
  0.04929168948025039  0.06191411523125347  0.07415187908167169  0.08566939794131129
  0.09650941422583224  0.10713996543055546  0.11813413247953021  0.12978399241434502
  0.14156353420935192  0.15289616900355646  0.16404242805810390  0.17528135717859453
  0.18702703848129051  0.19814216954639691  0.20911347054878221  0.22011671726893001
  0.23030148111876361  0.23939054014994582  0.24860958900527538  0.25975426753483283
  0.26931742296127753  0.27821608495310979  0.28666143111002373  0.29562249397739837
  0.30487955709293618  0.31322261379451505  0.32082383438068357  0.32868441230773271
  0.33781185611410458  0.34792450616125081  0.35812399369261189  0.36866162010279291
  0.38025503678287303  0.39269785423234937  0.40351708083872057  0.41261458522356098
  0.42069897278156287  0.42889482649891819  0.43774677243240112  0.44889670602854781
  0.46227451524646879  0.47681393744970174  0.48968929715922710  0.50172437530431946
  0.51303244793229630  0.52575547318265925  0.53404454015748581  0.54240506905289476
  0.55006200923381465  0.55760870261140527  0.56660049908735099  0.57649297851022474
  0.58635727001748295  0.59833894698974521  0.61137944490422935  0.62468822830109882
  0.63582472815029334  0.64609157109758875  0.65598877382864818  0.66725996408332311
  0.68043651169348274  0.69320078860660084  0.70398813709778696  0.71479722114648536
  0.72627343272664224  0.73813235198570049  0.75022793991885239  0.76220254369378193
  0.77406607644870562  0.78544952416221503  0.79597125596512408  0.80566345426946118
  0.81564386362353292  0.82612711251441417  0.83426399753947833  0.84149247454786869
  0.84844192701012400  0.85639532562104626  0.86525650193828252  0.87448415755101783
  0.88291291502382474  0.89165839784532142  0.90070296646248738  0.91180258844553663
  0.92421566103424058  0.93566829265876117  0.94590113800279141  0.95562442136200043
  0.96725101940158609  0.97791678143119565  0.98948314016138950  1.00000000000000000
 -0.00832859329279331  0.05257104261470373  0.09849567403640942  0.13900791184318875
  0.16766035675708049  0.19258771434303651  0.21556042925167673  0.23623390086977933
  0.25606726999391066  0.27622679274379086  0.29628368044753145  0.31136901417578428
  0.32128786042236879  0.33054795283112409  0.33963346397020810  0.34907736384013638
  0.35977378640414165  0.37021853191329329  0.37927208686767694  0.38802713170471659
  0.39667485560104998  0.40422591215803444  0.41157777873848617  0.41884944006374158
  0.42658234482783070  0.43387055510286032  0.44136142217556351  0.44906111721259384
  0.45692326899187313  0.46499682358627231  0.47219468069839887  0.47904954430279029
  0.48550374756245968  0.49136493985945390  0.49744510495414263  0.50378245727890214
  0.51008341984902827  0.51666412470048850  0.52311647913267600  0.52932205000660104
  0.53544068728661853  0.54226846471644230  0.54890993206831773  0.55589139667403120
  0.56248289117397532  0.56873373075398093  0.57459834922327302  0.58017169036315142
  0.58584334929445059  0.59181978308269090  0.59820886247139815  0.60451672929330191
  0.61061151284387538  0.61642420676736454  0.62167521676973114  0.62727322228121318
  0.63305632716313220  0.63936932543445268  0.64595081783061403  0.65213502033411441
  0.65886136679328322  0.66640805532948133  0.67443919351976334  0.68171960632269735
  0.68883969323539407  0.69581852962994661  0.70280899678166264  0.70967509667633744
  0.71648952240897812  0.72350388166644652  0.73125008423345872  0.73966333345814161
  0.74761425053740582  0.75526957367012071  0.76285530392362777  0.77097469301964527
  0.78050123249472014  0.79026950245726690  0.80240474962092756  0.81449917325166499
  0.82663436085912168  0.83716232565850190  0.84804316258899481  0.85791779428293580
  0.86941299741144806  0.88109311155638126  0.89154663636961340  0.90119105999906546
  0.91050800779717989  0.92219668529519161  0.93509893505043584  0.94713687493743093
  0.95913987972220738  0.97129221812510080  0.98461864146003475  1.00000000000000000
 -0.00297782072535685  0.00786154297917124  0.01732417357683669  0.02565270886235071
  0.03609141148930042  0.04660687060475837  0.05880801125640336  0.07121966967174276
  0.08469086788659036  0.09898275318261880  0.11148293354558721  0.12155932520066617
  0.13065583019381036  0.13955214924074513  0.14899088084823989  0.16140883292225844
  0.17300837552918469  0.18493431369387192  0.19798744556471271  0.20902418659568628
  0.22014378015411878  0.23256712866403562  0.24580752776881964  0.25902547250680580
  0.27240770240661749  0.28497419867238505  0.29688171829186533  0.30822004237791389
  0.32031937089610563  0.33232923512585649  0.34298555372457301  0.35390906705797681
  0.36669623905288218  0.37674354087483714  0.38577670793691260  0.39349854690787323
  0.40335649022924080  0.41394470301832725  0.42522754419086056  0.43610860570490673
  0.44629113204359705  0.45597519116207264  0.46609876225803576  0.47654471779718599
  0.48815602526615898  0.49891152853419141  0.50749786426767141  0.51562659280531564
  0.52394601966938881  0.53264687944998035  0.54163098060846437  0.55081306345356573
  0.56102810028893602  0.57194567357242698  0.58401446840721283  0.59659198418566672
  0.60744646713414374  0.61717088793525443  0.62635741775397824  0.63701891674211897
  0.64712585602817929  0.65539136738803283  0.66306957757103857  0.67020583729649019
  0.67768738840151588  0.68582834115272762  0.69497402155338295  0.70390161172635213
  0.71341467287758864  0.72326885607970370  0.73363547651099603  0.74470237079595547
  0.75557207001387383  0.76662642637938139  0.77669703449834127  0.78703447645795621
  0.79838139144539311  0.80953216265441197  0.82013812778560691  0.83078236317996701
  0.84223845520908347  0.85411437200515472  0.86508110945692052  0.87576763065364394
  0.88678846245248599  0.89758067697341037  0.90868845375006857  0.92020662771073614
  0.93197864225066041  0.94327413334947241  0.95432030082870911  0.96421835909348452
  0.97338799335646065  0.98163200654866889  0.99054222874237208  1.00000000000000000
 -0.00223668322324997  0.00968025822594206  0.01979980033494463  0.02987597607466445
  0.04097698714542707  0.05285360048075506  0.06505013164519494  0.07817393187749717
  0.09147324237040967  0.10492153056937616  0.11848433820743071  0.13044508220003800
  0.14170205133194458  0.15316681150235292  0.16543378353515051  0.17631236975154868
  0.18659893486503318  0.19641729552412526  0.20700809257932754  0.21763977585585392
  0.22862932135453112  0.23854473432222903  0.24855353001275818  0.25880247497983389
  0.26849909805586114  0.28090269857487082  0.29226909190866029  0.30369087190387933
  0.31454720907416817  0.32548102437386062  0.33462787122904880  0.34354310767879787
  0.35238500938749717  0.36323671351532144  0.37505015140910697  0.38539236335972071
  0.39443030657147243  0.40348306788763288  0.41304030625411514  0.42246328802967431
  0.43221970146914562  0.44332119148178378  0.45621931831327001  0.46912209275534678
  0.48004503550413735  0.48939860362134385  0.49800837126026226  0.50607791598643748
  0.51537045978716023  0.52507139923537438  0.53361869465099676  0.54243763250989452
  0.55093160013676423  0.56045628828913940  0.56909002707224576  0.57722237475256954
  0.58597387037657678  0.59577212741071328  0.60590086537670307  0.61658415858160120
  0.62651204919863623  0.63604754891670212  0.64592708458406345  0.65560325926175511
  0.66543305502398598  0.67492035879298884  0.68522895487638802  0.69711206807267212
  0.70928608333903320  0.72172818547526674  0.73416536992814840  0.74670022208318698
  0.75965474894762741  0.77272240730035169  0.78423065862376451  0.79379802736821925
  0.80315814404903918  0.81339406802800296  0.82661031863809853  0.83661881586840880
  0.84431214755705175  0.85102881756339177  0.85916158460636138  0.86875129692101827
  0.87958493434650398  0.88886389532364596  0.89868983762261134  0.91138518196558249
  0.92495233985905190  0.93749624088040806  0.94758974351070779  0.95600591699719328
  0.96440843838060875  0.97466418795774623  0.98715313871976962  1.00000000000000000
  0.05551984319408899  0.22994932690651931  0.33045482936295739  0.39859003583015939
  0.42251907406065786  0.43545710254577896  0.45018366916842995  0.46341166366781278
  0.47348041384833195  0.48100911394056123  0.48757568071026164  0.49457048471570247
  0.50359306323089181  0.51406953400827526  0.52313597997322936  0.53132624541698825
  0.54024218771682964  0.54934670941565833  0.55782347681565048  0.56551883962664362
  0.57279395706538805  0.58137809913525673  0.59372770818763765  0.60964598038734152
  0.62354148866017223  0.63728983593907140  0.65168707163562167  0.66408927882896351
  0.67439171803127684  0.68358468458673916  0.69048625207595593  0.69734074923304534
  0.70539210055458346  0.71375151143983806  0.72033119007795643  0.72588984866104700
  0.73175395970138690  0.73906840524803485  0.74508697415937208  0.75095565221119931
  0.75785708779808647  0.76642596497078153  0.77426918683383539  0.78151602954498656
  0.78772322547866180  0.79338452861501674  0.79918742707494606  0.80539158318159443
  0.81199787463156980  0.81887140038176509  0.82554552300693507  0.83162250317486164
  0.83732599226624715  0.84297472322162437  0.84847832467186501  0.85362393714909668
  0.85846252992563366  0.86314335277922727  0.86826181622567145  0.87338872946764179
  0.87854106616915262  0.88310024880250559  0.88714298324153285  0.89107568085911548
  0.89506867932415346  0.89935154499757852  0.90441518651364294  0.90906620943867833
  0.91339309733109508  0.91757680571900424  0.92150993753803190  0.92510854552837496
  0.92841058597432236  0.93154801010875798  0.93467804291692291  0.93785822808384045
  0.94094735827225517  0.94391435767146048  0.94707654708967060  0.95028192914924015
  0.95344384679232164  0.95646867777507738  0.95933540434602760  0.96209281039968386
  0.96479133982349774  0.96751742688014231  0.97028146114777380  0.97310194182905285
  0.97612009597018923  0.97900383498640509  0.98193167406156856  0.98487373488602759
  0.98783420911831332  0.99110935744177009  0.99508655719616423  1.00000000000000000
 -0.01790446605025205  0.10931744173003863  0.14391561737134159  0.16875210323390522
  0.18643616110031380  0.20116540955806647  0.21331042100940956  0.22499325184896768
  0.23678493962507421  0.24805333170152100  0.25884608226162703  0.26938530647394981
  0.27870975328837994  0.28727863629292100  0.29528521192890295  0.30368325843094113
  0.31217483010131347  0.32010630198239853  0.32741788959409401  0.33441822190431847
  0.34200473103746826  0.35058536796341577  0.35831535068261749  0.36571876091708105
  0.37301911326262460  0.37997462121601483  0.38663943087230856  0.39307658714098781
  0.39885722819445085  0.40479891385140837  0.41146733563852694  0.41836355804018460
  0.42476578246465563  0.43074633608045304  0.43661292328416035  0.44250262774530696
  0.44823467035167813  0.45364465472670973  0.45813040636996738  0.46307672858171378
  0.46778140316916511  0.47240171942164833  0.47753981332857065  0.48263948305282128
  0.48752524944390230  0.49245313723417339  0.49767914304190591  0.50292058774899251
  0.50880432202656845  0.51461567888478721  0.52007463304078139  0.52564653816792961
  0.53131916479304109  0.53688752615376101  0.54288640619340567  0.54888350068705527
  0.55535974226418849  0.56121264889723410  0.56712092762770749  0.57309867709631301
  0.57899092806796082  0.58538746224414195  0.59130201283885675  0.59673810723549225
  0.60176393738368605  0.60665149663091855  0.61203337254234524  0.61794790396117338
  0.62384041991308758  0.62974469975804903  0.63600676508372722  0.64260820780955574
  0.64933321511266628  0.65617429567029772  0.66244374958976704  0.66894957591280524
  0.67548846197815260  0.68246597672725229  0.69049265769039492  0.69986652974592134
  0.71010631070411157  0.72024869431974692  0.72996591272457878  0.73843373421756309
  0.74660148620590772  0.75500005782362967  0.76354080566668825  0.77331433335088862
  0.78175295511871223  0.79081165007982279  0.80039513948995888  0.81080407752686812
  0.82428064407689705  0.84219314537846079  0.87861134235469251  1.00000000000000000
   1.2278575303988583E-011  -1.0000000000000000     
 F F F F F F F F F F F F F F F F F F F F F F F F F F F F F F F F F F F F F F F F F F F F F F F F F F F F F F F F F F F F F F F F F F F F F F F F F F F F F F F F F F F F F F F F F F F F F F F F F F F F F F F F F F F F F F F F F F F F F F F F F F F F F F F F
  <DiscreteSampler_grid>
  grouped_processes
  1 # 1 for a reference and 2 for a running grid.
  10 # Attribute 'min_bin_probing_points' of the grid.
  1 # Attribute 'grid_mode' of the grid. 1=='default',2=='initialization'
  0.0000000000000000 # Attribute 'small_contrib_threshold' of the grid.
  0.5000000000000000 # Attribute 'damping_power' of the grid.
 # binID   n_entries weight   weight_sqr   abs_weight
    16   10   2.403771705927808E+000   2.793411424000406E+001   2.403771705927808E+000
    22   10   2.403771705927808E+000   2.793411424000407E+001   2.403771705927808E+000
    28   10   2.403771705927819E+000   2.793411424000436E+001   2.403771705927819E+000
    31   10   4.931614499806892E+000   1.182458095186292E+002   4.931614499806892E+000
    32   10   4.931614499806898E+000   1.182458095186295E+002   4.931614499806898E+000
    34   10   2.403771705927820E+000   2.793411424000438E+001   2.403771705927820E+000
  </DiscreteSampler_grid>
