  0.03113378100342878  0.03475609640966345  0.03895073100136831  0.04439711457035768
  0.05099334392499116  0.05704491085027995  0.06416188638350828  0.07470681532996089
  0.08538681210665963  0.09509359247268502  0.10477811790413785  0.11468674703071816
  0.12497858667146160  0.13494248934685343  0.14553005715496770  0.15502960770030155
  0.16422416735979431  0.17329862852073341  0.18297872441225452  0.19215914719861271
  0.20111847562660862  0.21029568745140090  0.21953149270718547  0.22836527459685976
  0.23625643772417657  0.24413806864939364  0.25335231706286926  0.26315323371116150
  0.27409967413987613  0.28454636427204333  0.29601172003974496  0.30745318061243238
  0.31874113157263312  0.32910697298727848  0.34041047442106487  0.35175951851389625
  0.36269468130806021  0.37333186601736190  0.38407352288038760  0.39515666028067770
  0.40637448074188876  0.41754524968010742  0.42872123050161642  0.43959676367262418
  0.45014683064227801  0.45974931843901712  0.46760158883854724  0.47631019999371421
  0.48582661162535623  0.49529763845453961  0.50447552418509567  0.51312219593435582
  0.52197878449449120  0.53189292337046457  0.54231335148825000  0.55303700459001448
  0.56457875885101250  0.57601505066030911  0.58640387595965804  0.59612509922944912
  0.60573540266562087  0.61572527008836986  0.62618512787762004  0.63733936223971643
  0.64826768042394523  0.65853434110876863  0.66820879448470105  0.67867658364405659
  0.68964489088501801  0.69970043557894479  0.70979570409894233  0.71949587878695365
  0.72932836998561268  0.73917169730902987  0.74942489721107486  0.75933134401107960
  0.76952869007904845  0.77969416000072334  0.79063072647811983  0.80117618845245009
  0.81136857422124120  0.82163176286762252  0.83230771223363342  0.84440171293285715
  0.85587119166439052  0.86718292404435871  0.87935114365407030  0.89229849122895732
  0.90549023047535759  0.91791104057351947  0.92966240390299471  0.94157208855360341
  0.95366594186935438  0.96409791843686099  0.96955076626009473  1.00000000000000000
  0.00836987062735475  0.01892029489462142  0.03371142474589901  0.04826828223546946
  0.06041621578548020  0.07137679726839266  0.08189577483918946  0.09288244689342193
  0.10407612040244739  0.11506062783619769  0.12544710334865872  0.13518771827732690
  0.14478514268284146  0.15435324821036739  0.16384366308444900  0.17356352737664335
  0.18331536187037106  0.19256638717569954  0.20138696415263541  0.21028593700152237
  0.21979883819363485  0.22959777362752173  0.23927065546927842  0.24951085506430243
  0.25985694259676595  0.26912758338568171  0.27821054704164999  0.28768255773846724
  0.29868092026892029  0.31086384339265466  0.32448759694025653  0.33881917515691712
  0.35379739465433596  0.36814131406298789  0.38186732094829140  0.39467386810280225
  0.40537139634002023  0.41523307820154748  0.42563062364479842  0.43566052830457175
  0.44444064105465664  0.45248211807194944  0.46087110128662084  0.46991691350955983
  0.47909734398542569  0.48807610899956594  0.49611894006716184  0.50559889764818000
  0.51689887157507819  0.52927606181968045  0.54097759551887603  0.55142169281667774
  0.56162186623408572  0.57072671491245575  0.57959174881368269  0.58801708060953461
  0.59654924759024630  0.60500809012694201  0.61433204286994147  0.62295440490107346
  0.63338445709908386  0.64397017809244528  0.65504733839021756  0.66574707374763287
  0.67755970340813865  0.68887300703855991  0.69949900994223235  0.70954634463413324
  0.71961880817022872  0.73025287086408475  0.74157965569419382  0.75367721790794107
  0.76618113202010885  0.77813141720952128  0.78919209737564355  0.79911918781354507
  0.80847824409244373  0.81793219621588920  0.82719868397437835  0.83705488683021967
  0.84686355754836218  0.85686134935057601  0.86777406333524076  0.87856166464236352
  0.88938452218668551  0.89978917848442030  0.90975783448588254  0.91982492805809879
  0.93008184948140848  0.94076651157957503  0.95188870697710715  0.96239751082382430
  0.97218296532468262  0.98224602343066469  0.99094388674203393  1.00000000000000000
 -0.00007527503542496  0.00116285389147837  0.00369064644899214  0.00781685245043334
  0.01384360023979519  0.02196748681596493  0.03319502119986983  0.04667422831288017
  0.06402177902938309  0.08096695127796985  0.09912943490434523  0.11906996899311749
  0.14289653239945327  0.16631942541405936  0.19185534661323675  0.21912910191144963
  0.24415983939155406  0.26742994224112981  0.28923269300837323  0.30900958243161969
  0.32592253508078717  0.33987921267399163  0.35228563066256052  0.36424065372907249
  0.37618052570118432  0.38755834152072338  0.39841898009081278  0.40939448827149427
  0.42035158976489156  0.43131545168848662  0.44225029618218631  0.45312818251812204
  0.46390120982213839  0.47469339423183915  0.48434604053293978  0.49403603018540820
  0.50373121613606364  0.51316750948441414  0.52219091738330292  0.53071734566945372
  0.53867023506959422  0.54691836513050385  0.55524428178177776  0.56390239196877612
  0.57283529698537905  0.58190910452479128  0.59097621035123760  0.59971247735331890
  0.60835981126744121  0.61665952553499070  0.62516269508654765  0.63399909896939333
  0.64315334683176484  0.65252761071205534  0.66182820771512407  0.67052879794281284
  0.67920245673662405  0.68794968021932446  0.69659735290269231  0.70495119824285424
  0.71287863236588167  0.72097400907065201  0.72927557284770339  0.73763499486826922
  0.74599507239696128  0.75394765878204317  0.76193001512622283  0.77009402559668072
  0.77840859892878700  0.78672441325663045  0.79483434888306170  0.80341892426146000
  0.81182565083134817  0.82010594151716232  0.82825843200363514  0.83626308886518808
  0.84413940519685005  0.85218498494370831  0.86014683847152995  0.86808846146877139
  0.87610182881890042  0.88402147044538160  0.89191321049498984  0.89952077957762056
  0.90743688188805283  0.91589929362641476  0.92462031123721922  0.93324667134747630
  0.94200634169037578  0.95086009813810868  0.95957739904358397  0.96775671343181058
  0.97574975556668253  0.98378416214015485  0.99188081677098727  1.00000000000000000
 -0.00274322293037974  0.01185251795111975  0.02307433253249289  0.03219685392460622
  0.04205893209496791  0.05234353219503789  0.06269051893179441  0.07124664170402834
  0.08035775539859026  0.08996580652930052  0.10076957244579700  0.10991837860856284
  0.11828193300868434  0.12677946499774048  0.13573278234068822  0.14492754045412082
  0.15432936057553387  0.16362727929029863  0.17258057367486782  0.18399993465143288
  0.19595429575108381  0.20848696846364012  0.21982959252802325  0.22976554942549679
  0.23911060697345715  0.24816119521594127  0.25793120801711733  0.26813701445497656
  0.27838908992789413  0.28817408451186904  0.29818625201263638  0.30817146931521344
  0.31844477798742588  0.32857686930323521  0.34031507157454677  0.35167738280910038
  0.36206583398153053  0.37200422058516847  0.38232443793062698  0.39370595474367437
  0.40386910557659306  0.41330027178684209  0.42308945428817979  0.43320727351039118
  0.44314095079217025  0.45254069715378498  0.46296994394888669  0.47451936237800696
  0.48558664114526623  0.49585028073865484  0.50588584851379259  0.51567755758281886
  0.52494898448712479  0.53387567813876946  0.54321175251312248  0.55278123647040034
  0.56201233272307316  0.57104638857784817  0.58013286624916471  0.58926670965746919
  0.59793595917347886  0.60749619293255830  0.61730642908513400  0.62846223018495562
  0.64213824647542139  0.65646994174016793  0.67094772011203774  0.68422351099031153
  0.69690945042717767  0.70929595327760830  0.72116080848830844  0.73241738537069545
  0.74325581271916374  0.75401774671420840  0.76516964062286286  0.77696549546880356
  0.78871736085492117  0.80046754446193114  0.81203388216659012  0.82343607059432367
  0.83437394926934727  0.84508648039348566  0.85543049205887278  0.86561006085800984
  0.87571803682838500  0.88548004548245540  0.89485236065703100  0.90494459872323907
  0.91575819622078958  0.92675099166933594  0.93825304386128594  0.95003856014300037
  0.96156158675070225  0.97277179570197581  0.98550673665974642  1.00000000000000000
 -0.00169520720815943  0.00745357345117712  0.01587878824690002  0.02497383003477744
  0.03507291828961920  0.04428426531348838  0.05337429757065817  0.06281442368326071
  0.07364266548062684  0.08590125382361483  0.09913934179492315  0.11171894918039169
  0.12190664609857496  0.13141063955531410  0.14054094028258743  0.15031911007524920
  0.15998381941130674  0.16949154023860527  0.18018026205004786  0.19083312491087456
  0.20130720103194574  0.21209941756955725  0.22305468279626636  0.23303023003735981
  0.24302612512042596  0.25433980930143585  0.26652059419490182  0.27707799415432782
  0.28652626774421447  0.29611292089928060  0.30629323230921524  0.31796260930491455
  0.33099507163503467  0.34475321847150403  0.35900712251986616  0.37303255667506291
  0.38443512551370679  0.39619410429135488  0.40846064663256060  0.42035453098970244
  0.43195905360001186  0.44381380289789130  0.45594027808015419  0.46697532018807392
  0.47721470764775620  0.48762035842095475  0.49837824488904142  0.50831664855762770
  0.51796734280842183  0.52801789489559781  0.53816068055945476  0.54781727805003710
  0.55723035880729632  0.56746345087063355  0.57824730722550299  0.58912833630926420
  0.59939794380648126  0.60989268848326439  0.62132674905230123  0.63364714223718299
  0.64652524495324615  0.65884743796839607  0.67097365467932857  0.68337400430514983
  0.69560413577042790  0.70731613420355044  0.71937647729706311  0.73190234188685810
  0.74453324449186353  0.75721957772092363  0.76912140203597545  0.78073584998248413
  0.79096585705211053  0.80007844171079201  0.80903260870848825  0.81840421309411238
  0.82775287468322989  0.83734202310713046  0.84628718685774862  0.85578675425261153
  0.86767430714646943  0.87987870056855555  0.89151265738353025  0.90159416492365663
  0.91020808280873944  0.91861469007070951  0.92743518531427571  0.93588687940055459
  0.94381861024242919  0.95183609171426453  0.95957625551847081  0.96783684189336672
  0.97673879252012075  0.98508883654242563  0.99247966695577994  1.00000000000000000
 -0.00185442630172224  0.01044669744379424  0.02132453290883841  0.03201399283651531
  0.04266677438842714  0.05331206999338587  0.06336383146651481  0.07464805837973446
  0.08639696521901419  0.09936487335065353  0.11090216519678255  0.12172579729028310
  0.13129177161963818  0.14103409686333768  0.15084064245987150  0.16018531314381901
  0.16890470433399149  0.17710131238171656  0.18537983170029773  0.19494538123098096
  0.20603354234286034  0.21721470997153458  0.22779585864481749  0.23714858641253223
  0.24593388647977796  0.25514396284968105  0.26430920817404635  0.27353198536997270
  0.28268182483250626  0.29143525315192614  0.30108735108353230  0.31092572595095913
  0.32106314280642917  0.33004586397943297  0.33901202500466560  0.34834020577648328
  0.35835354050798152  0.36898918300993272  0.38006575022168421  0.39338066279120082
  0.40718647029869726  0.42232754759726854  0.43660518223922867  0.44926980092489432
  0.46067832781722889  0.47159225751252920  0.48134668803127156  0.49025411599546237
  0.49927197477951185  0.50929929601611879  0.52020519975410673  0.53213864658212418
  0.54443734640227315  0.55516729758515437  0.56547658305655046  0.57565334680876457
  0.58717113363497697  0.60001974743189568  0.61341999769847388  0.62656136909169746
  0.63913607928363358  0.65089920634913812  0.66235786906525906  0.67422447914935724
  0.68600368257281530  0.69641437410102947  0.70549136234059695  0.71470493524846335
  0.72382322325059456  0.73231137021596215  0.73959801931142133  0.74693739664643599
  0.75486853886261929  0.76356245407225853  0.77267511260106425  0.78242137108637788
  0.79232511971340547  0.80301054901973457  0.81361034250018982  0.82383164192240677
  0.83347963332348662  0.84344054088662912  0.85535013777704239  0.87125641487412653
  0.88705701983151175  0.89943117899167968  0.90997782485861978  0.92059576028906298
  0.93224859396127024  0.94295165834163486  0.95228573129897698  0.96119269039573252
  0.97090649101525472  0.98077456678642494  0.99054077622618042  1.00000000000000000
 -0.00751787719057356  0.05847467137389589  0.10004078213130886  0.13887063029047614
  0.17150525551724136  0.19318751216797952  0.21157189335436832  0.22797923154814831
  0.24280557458578372  0.25638510173324081  0.26965317161678959  0.28163315113426252
  0.29229814565722217  0.30122995325586172  0.30959290370706077  0.31701225158415808
  0.32394405410819666  0.33041687266408853  0.33701824040090800  0.34414056503833190
  0.35105129373583599  0.35812013212053401  0.36531430293650841  0.37285003633116448
  0.38011130284767841  0.38701980109565332  0.39366394054458020  0.39983056051741084
  0.40567610482029798  0.41103815669517163  0.41610357336476544  0.42081432636732019
  0.42529011959239060  0.42987313150856049  0.43462493463439933  0.43936979849488711
  0.44427905138433987  0.44929853444931345  0.45438547640495192  0.45967602209162012
  0.46479589794050169  0.47001129354688115  0.47484392240058132  0.47941136638603843
  0.48378928940844251  0.48816676808122639  0.49273178681924190  0.49740273418503833
  0.50195295168107179  0.50670590006034455  0.51158931734225299  0.51674203592074086
  0.52195664432231137  0.52661040765619982  0.53092617873327863  0.53521741429359326
  0.53943492075178145  0.54375462506620431  0.54836305204179292  0.55290140879814609
  0.55746025101416175  0.56197222454636320  0.56655941288483747  0.57110594059645292
  0.57547712020823683  0.57984157883404630  0.58445078195584166  0.58941997632681931
  0.59493917735837520  0.60088688929316292  0.60697606755350597  0.61332719362041033
  0.61983882950882108  0.62601924521551156  0.63157712226020535  0.63720809845209325
  0.64346998720943449  0.65090670735395828  0.65817751028142946  0.66509102437802736
  0.67236512996010300  0.68007216861821884  0.68840124505161870  0.69847210918168667
  0.70955882365066825  0.72052836638871065  0.73210077693947562  0.74619579297849914
  0.76166208779059852  0.77838266418865754  0.79699973820047076  0.81991359935925656
  0.85039373948270336  0.89518000611788306  0.94626237541817715  1.00000000000000000
 -0.00409239968982551  0.01392630460141788  0.02575033111767992  0.03603515110346080
  0.04618451372882525  0.05638795393569217  0.06642246128883778  0.07718935169669273
  0.08864694475504151  0.09938002296251165  0.10903011142415828  0.11833432511640622
  0.12814520466912765  0.13786010187599299  0.14696066768612989  0.15624788770257717
  0.16551293790343108  0.17545363733963087  0.18534423282777227  0.19436427132313916
  0.20293705204239026  0.21136806103560285  0.21964740449221468  0.22824134031857446
  0.23765822243301044  0.24912684277531688  0.25954860915754518  0.26809252144006945
  0.27697133581525207  0.28584836881952830  0.29462151478871590  0.30327485829909451
  0.31310275724170278  0.32526774838673062  0.33724773512264961  0.34818853286051971
  0.35933057112195116  0.37125484684936844  0.38412801764178872  0.39698455951959000
  0.40695355198908340  0.41790826613980042  0.42869902598339060  0.43903589053459069
  0.44887243780710184  0.45906957524228309  0.47094129811345908  0.48272263273764310
  0.49259062148776400  0.50324333931110177  0.51512923760797724  0.52675943445243445
  0.53666587994947956  0.54754497772269717  0.55952725205062359  0.57067495178191652
  0.58300080319628522  0.59702869931321478  0.61111084498311630  0.62415398775074571
  0.63592795569197946  0.64738723138850141  0.65874579718969761  0.66994852449224251
  0.68124241615156955  0.69287904358913444  0.70411762467940309  0.71434323517659715
  0.72380079863700297  0.73338591201888437  0.74305366699774378  0.75276286758371913
  0.76294322552865623  0.77345267737945911  0.78442859055728775  0.79549255570211008
  0.80619023688241909  0.81637972104025436  0.82687734065407659  0.83743231170251964
  0.84772488064556872  0.85715303714293944  0.86563771462220152  0.87380529658308703
  0.88201560739928819  0.89034563396100175  0.89954651263334517  0.91051873682746964
  0.92328837737117053  0.93671359686294364  0.94767207656917996  0.95747016919507999
  0.96862713950977308  0.97952221765617509  0.98988142580295690  1.00000000000000000
 -0.00235636715614524  0.01455577413655052  0.02680900184151137  0.03709860900311323
  0.04754933073203164  0.05805921714445254  0.06807151573593713  0.07775619090396137
  0.08691743360396924  0.09532193227546493  0.10373728413268520  0.11204785119220859
  0.12046011364631062  0.12908216156168376  0.13688612750970086  0.14559229614961583
  0.15393414577145259  0.16309744207763510  0.17119096035746850  0.17974373565003332
  0.18765594775901573  0.19508019260034895  0.20254718659952203  0.21062296907353950
  0.21948890092637766  0.22751103232888556  0.23500166061887834  0.24236829725697367
  0.25035518200646162  0.25886296850889995  0.26741125183111708  0.27578632581209162
  0.28412865537262155  0.29221073961341926  0.30189287246505425  0.31142755139223272
  0.32117947040238248  0.33065798803228047  0.33967100031145242  0.34864152881682819
  0.35812271287189928  0.36786225619731228  0.37689655859288990  0.38466560453929843
  0.39178174614402828  0.39871017297373651  0.40592232398805478  0.41372500817097313
  0.42217798417871710  0.43073235328415677  0.43947946075643807  0.44899201402689215
  0.45832640726269402  0.46720989168477506  0.47569628993864504  0.48406217672946006
  0.49251010365774300  0.50104387319539356  0.51267799522035495  0.52483895452424989
  0.53376370395223915  0.54215280304235325  0.55109600057425379  0.55994910705276579
  0.56821846085919892  0.57642565724140715  0.58492058379298528  0.59253421999850808
  0.60017695304776175  0.60812014777905987  0.61615256418732867  0.62407793948173085
  0.63183403458562848  0.63994549427441383  0.64864749151581125  0.65794252265152398
  0.66729518246612363  0.67676368244637986  0.68707017729423647  0.69857734744936972
  0.70964947627280484  0.71954532680268124  0.72940061222400565  0.73932394673623725
  0.75003151747862862  0.76079832065515229  0.77199375457658814  0.78537425267754180
  0.80097323455395064  0.81716536676856599  0.83213465719142177  0.84742778118567286
  0.86679781586449012  0.89332730325327225  0.93154156866400972  1.00000000000000000
 -0.01662798714200927  0.11036428516721918  0.14750466496931219  0.16958014531596308
  0.18764407535334765  0.20376236912192147  0.21864223045234979  0.23260936325179948
  0.24232572411649478  0.25092130290487885  0.25947554362665420  0.26835396613224977
  0.27767170820918402  0.28679146206739708  0.29530430804387003  0.30371510209630165
  0.31177987275558000  0.31926045661002661  0.32667883460283126  0.33402265041061313
  0.34103252474970891  0.34781381302427683  0.35470013456632027  0.36215341855614325
  0.36968083705566451  0.37670368320350284  0.38256701039693997  0.38880848252302563
  0.39551376855200926  0.40224568333936267  0.40862316497396439  0.41446068898246413
  0.41997940301186309  0.42541713894573890  0.43098942162943138  0.43693283353544221
  0.44296229325648406  0.44895727722022433  0.45487135207393536  0.46075307005894334
  0.46688894500346517  0.47289033258457358  0.47883381509011685  0.48478116835299295
  0.49066729365676709  0.49634142185633573  0.50155863874347273  0.50632530580365864
  0.51103675903585488  0.51587342936993663  0.52079478416973579  0.52587383799909815
  0.53112093610862110  0.53660872873304666  0.54202108601033183  0.54759633291123178
  0.55340888731543036  0.55926304208675592  0.56505973174075819  0.56971658023535188
  0.57435489517824889  0.57904430235317783  0.58408765659879880  0.58970526551899638
  0.59574245031592865  0.60164439325570496  0.60727252606375148  0.61293971710899076
  0.61865191734302916  0.62450244367087981  0.63034272059694241  0.63622385723273633
  0.64195491820468742  0.64815463292300779  0.65481941912613262  0.66178968016902651
  0.66935107183703813  0.67716981310939950  0.68492457854355360  0.69302143421534390
  0.70120421911294550  0.70932857747085865  0.71716884391128977  0.72493217631337992
  0.73314209385247275  0.74176252074187532  0.75104135867485056  0.76059076599974795
  0.77092353892017451  0.78349113930023528  0.79766378983657549  0.81315114940479138
  0.82985863183212094  0.85146930383023212  0.88685030460189096  1.00000000000000000
   6.9868624387668643E-016  -1.0000000000000000     
 F F F F F F F F F F F F F F F F F F F F F F F F F F F F F F F F F F F F F F F F F F F F F F F F F F F F F F F F F F F F F F F F F F F F F F F F F F F F F F F F F F F F F F F F F F F F F F F F F F F F F F F F F F F F F F F F F F F F F F F F F F F F F F F F
  <DiscreteSampler_grid>
  grouped_processes
  1 # 1 for a reference and 2 for a running grid.
  10 # Attribute 'min_bin_probing_points' of the grid.
  1 # Attribute 'grid_mode' of the grid. 1=='default',2=='initialization'
  0.0000000000000000 # Attribute 'small_contrib_threshold' of the grid.
  0.5000000000000000 # Attribute 'damping_power' of the grid.
 # binID   n_entries weight   weight_sqr   abs_weight
    19   10   1.084276657032004E+000   4.975455454547148E+000   1.084276657032004E+000
    20   10   1.084276657032004E+000   4.975455454547148E+000   1.084276657032004E+000
  </DiscreteSampler_grid>
