  0.00899460428319520  0.01940694222691007  0.03077064431318112  0.04234082345499517
  0.05256540064647219  0.06303883001799211  0.07462455829761383  0.08581592507555340
  0.09712518481731729  0.10658364627423977  0.11510289336472539  0.12326542842513280
  0.13141859652495599  0.14165247184581409  0.15157631657398762  0.16077076870376111
  0.16929327575659306  0.17885309122555812  0.18806690295504400  0.19724503586705627
  0.20681738051309434  0.21855173547802942  0.23088105103746334  0.24297930172090132
  0.25455013480217092  0.26514874718594089  0.27523371678470226  0.28489692961272911
  0.29393080250114051  0.30416998771488374  0.31390925409249532  0.32285068548450596
  0.33096904299357410  0.34021323208117621  0.34927728743349457  0.35742659477225408
  0.36599174052234573  0.37435921737344380  0.38618278932176958  0.39833452269299036
  0.41341299713834251  0.42769551807676198  0.44078646117944970  0.45337005310756556
  0.46573278190221301  0.47982078875057221  0.49173612496722158  0.50027916254194937
  0.50914630539855887  0.51881586920832956  0.52862744108567805  0.54195974083425502
  0.55376978825021461  0.56474673737577752  0.57569812286526345  0.58561015017296891
  0.59463626305387174  0.60323803614007510  0.61206879301999451  0.62189812117218835
  0.63468620611638127  0.64455060257054853  0.65338886117231532  0.66186947064394697
  0.67026287293838605  0.67902296701075926  0.68979195334765975  0.69961744095181910
  0.71041264040079277  0.72157489194050506  0.73303451894792349  0.74292190215995013
  0.75135459766171198  0.76058808848707748  0.77053676339575883  0.78139670497980596
  0.79451328239027497  0.80705638945665259  0.81975259150357749  0.83266067772747043
  0.84547346084736974  0.86005811921504682  0.87637883805091832  0.89212525439405554
  0.90677866050203748  0.91883902828461039  0.92935536225024196  0.94048623177100799
  0.95009583732402492  0.95956994735343748  0.96771707320925116  0.97392243065519057
  0.97980907895149272  0.98604178388685138  0.99017701620061116  1.00000000000000000
  0.00000042546238676  0.00000130374855346  0.00000207295563587  0.00000280175068265
  0.00000375541524915  0.00000490609832815  0.00000622844259887  0.00000776807800291
  0.00000948173871507  0.00001172146472854  0.00001409773488892  0.00001649504830449
  0.00001901342790806  0.00002185387030991  0.00002463819096238  0.00002713044511815
  0.00002952561522447  0.00003187683132633  0.00003398180616800  0.00003547707798514
  0.00003708875842448  0.00003851236993865  0.00003976773239221  0.00004073943467090
  0.00004159084412671  0.00004239042354080  0.00004312225177169  0.00004377633840669
  0.00004435094685618  0.00004483992865408  0.00004526417758101  0.00004566049094632
  0.00004602445908678  0.00004634925176140  0.00004664677484966  0.00004692819406807
  0.00004714867397096  0.00004735611380027  0.00004755410015447  0.00004772576141610
  0.00004788855909493  0.00004802722209901  0.00004816799555832  0.00004831415057361
  0.00004846167310625  0.00004861030232756  0.00004875124107777  0.00004888921623878
  0.00004901858630876  0.00004914183631223  0.00004925655844174  0.00004936966871153
  0.00004948083838716  0.00004959240968055  0.00004970452015675  0.00004982252241173
  0.00004994913868656  0.00005008001765920  0.00005021446077701  0.00005035376205192
  0.00005049513024430  0.00005064256329101  0.00005082376075391  0.00005103870551842
  0.00005127517755163  0.00005152550919680  0.00005178646824696  0.00005205401758739
  0.00005235329638019  0.00005266833516949  0.00005301825837557  0.00005350138348594
  0.00005403889734806  0.00005464205958916  0.00005535414147350  0.00005613083291215
  0.00005696301038892  0.00005812093047419  0.00005940812372665  0.00006091432050845
  0.00006253870044045  0.00006424762993628  0.00006610933273605  0.00006904654244443
  0.00007470637063237  0.00008227897906586  0.00009316815563111  0.00010724647144753
  0.00012682129401803  0.00015845918921485  0.00021129580193100  0.00028205585457866
  0.00043537461533739  0.00091013346659814  0.03218099959520905  1.00000000000000000
  0.00000179649558334  0.00000753800088991  0.00001267983659486  0.00001615541055832
  0.00001866875773285  0.00002161378025390  0.00002468391363050  0.00002721331521761
  0.00002933536870367  0.00003140622195926  0.00003332238673382  0.00003539094776278
  0.00003777790020201  0.00004056933257607  0.00004323426101124  0.00004576844224794
  0.00004842722421824  0.00005135702563414  0.00005442063875413  0.00005720653418486
  0.00006005239197182  0.00006290078039298  0.00006569778598182  0.00006847756647116
  0.00007122716198242  0.00007416276521272  0.00007724244164736  0.00008049179385382
  0.00008396845475018  0.00008765449890065  0.00009110246521862  0.00009515909695085
  0.00009973871399249  0.00010457656654503  0.00010962227146480  0.00011494828294898
  0.00012010855987763  0.00012581782126068  0.00013180272976317  0.00013828228259032
  0.00014533549399939  0.00015237736260356  0.00015977426293349  0.00016745721874250
  0.00017501180296949  0.00018299672412890  0.00019459516963500  0.00020826116819036
  0.00022268506912004  0.00023537992346898  0.00024643391704675  0.00025945498760366
  0.00027152898956292  0.00028190541230782  0.00029369111901541  0.00030570173676120
  0.00031909666599710  0.00033233558165664  0.00034419771726916  0.00035546155527480
  0.00036654754829755  0.00037824184013778  0.00039068668491309  0.00040192857203463
  0.00041150290286982  0.00042086740629805  0.00043089882595518  0.00044153958428246
  0.00045361606298572  0.00046876234278150  0.00049123790362293  0.00051579597674122
  0.00054125005215489  0.00057107651671301  0.00060557652122134  0.00064311137354398
  0.00067806055618170  0.00070257530210764  0.00072394242970836  0.00074305285260306
  0.00076373765701831  0.00078807597708107  0.00081728434713995  0.00085733759188290
  0.00090733788942503  0.00095084261331327  0.00097149047024979  0.00098940852396883
  0.00102758612243680  0.00107936391805366  0.00116477420450990  0.00137725959492346
  0.00158974498533701  0.00181796165098647  0.09510572154345850  1.00000000000000000
 -0.00124389904595922  0.00585688098337376  0.01234010869703011  0.01969290875192586
  0.02839886282202506  0.03738956604759568  0.04642824947155388  0.05947281021342821
  0.07035605309183211  0.08060746413259329  0.09028204796697084  0.09938467926625200
  0.10931619233453062  0.12011727445155272  0.13182598128740788  0.14456337368400385
  0.15790762252502166  0.17096177078876656  0.18400509162056730  0.19727343506219558
  0.20946631524751014  0.21899804399468673  0.22745288951993331  0.23648139614688571
  0.24709839495646169  0.25777171275605448  0.26709449188898809  0.27735409890046914
  0.28914270286323740  0.30104145036547353  0.31292788836559937  0.32449930699034590
  0.33523772499373394  0.34513423332994836  0.35630892538344605  0.36790431676122054
  0.37879518022304365  0.38879130323589628  0.39719942933511559  0.40470275650800852
  0.41312708945738413  0.42211405942022728  0.42997935785235114  0.43762569925048717
  0.44607965881944450  0.45528682603624815  0.46563111125730522  0.47591641161157039
  0.48470810803549363  0.49299909609823450  0.50310807029168958  0.51574583047885769
  0.52851932934530643  0.54081261269545122  0.55269114016254584  0.56681523379329213
  0.57976326430314740  0.59016483017650156  0.59970349400703360  0.60944903265673767
  0.62237930218257154  0.63666643954856994  0.65143180679600654  0.66480781336427597
  0.67864557265456149  0.69144220261534728  0.70277894147779452  0.71305861320805108
  0.72340360339061571  0.73461089863740769  0.74510073337276594  0.75340660680774008
  0.76033339892414187  0.76736226969156895  0.77493523582461932  0.78279215758954113
  0.79171541393899914  0.80538456790987867  0.82155056418720829  0.83879462721785680
  0.85623035484533805  0.87233718297855711  0.88806923705273366  0.90079935644947118
  0.91077760402650687  0.91976566812603711  0.92852685712785976  0.93695310577471436
  0.94473762726002630  0.95176834968589374  0.95922266907286835  0.96656022933922681
  0.97584746561038183  0.98467368956572465  0.99224738646562050  1.00000000000000000
 -0.00237914606349166  0.01008376259400053  0.02123739213286899  0.03135287949266402
  0.03985277267871162  0.04775181501046871  0.05587384646908832  0.06385343045314300
  0.07169286917933664  0.07868714484094577  0.08645197971009061  0.09620780818049085
  0.10923358072088082  0.12233832381586748  0.13602379136464501  0.14859278483433144
  0.15910208145095472  0.16886455935853073  0.17869326376333663  0.18922913853728293
  0.20084232382767386  0.21222565100126248  0.22338252590828298  0.23366762188847209
  0.24436804192464087  0.25523989645393053  0.26697970714908820  0.27932472922832585
  0.29413902201641251  0.30868434874031675  0.32223405303536962  0.33588197700673866
  0.34926343342938787  0.36204539048743078  0.37428087977041119  0.38628606424601225
  0.39649034634193064  0.40655093412709287  0.41659510880655426  0.42688769039039354
  0.43947446907006604  0.45068727988657875  0.46041355432274328  0.46980217640554656
  0.47798804335237521  0.48510218325621879  0.49316488270053160  0.50527909934796877
  0.51813629844999198  0.52886179422421065  0.53862161156562738  0.54915032002971387
  0.56026463655223835  0.57066466304055941  0.57987923167185862  0.58987552431290557
  0.60072424357142595  0.61091174978990015  0.62184273506332732  0.63234584316826481
  0.64278634247343935  0.65218724139107154  0.66155456895484344  0.67021015723947552
  0.67913070847533008  0.68910491701937460  0.69837904905336967  0.70675040392650679
  0.71538109392899418  0.72592264854763822  0.74132687401633346  0.75538175665451190
  0.76593362763291684  0.77524354518254424  0.78433732063298289  0.79386901072989269
  0.80291911148564410  0.81260054402225201  0.82392288323527929  0.83549225963724327
  0.84641547817475371  0.85750323268728812  0.87013399003305214  0.88221342491357457
  0.89406610412983767  0.90546631094747931  0.91815187543699572  0.93116773420586774
  0.94396312876266664  0.95549419896472565  0.96332993451521653  0.97023199942005045
  0.97717548379564889  0.98363549917623416  0.99006448298902539  1.00000000000000000
 -0.00263605818122498  0.01308988977571295  0.02565586652109665  0.03510143970633988
  0.04506383164593923  0.05635425063220784  0.06844087509646403  0.08231741423649813
  0.09639936175137813  0.10881392747992444  0.12072373293378599  0.13159246491775931
  0.14143504459051581  0.15354431566459295  0.16675270696118652  0.17337050559380521
  0.17916995817301085  0.18606221107128418  0.19273064445366439  0.19962102215695790
  0.20678999813387394  0.21827220664253758  0.23073036571316738  0.24117173512158546
  0.24991500926767610  0.25804869504586703  0.26620744925596118  0.27436123460462575
  0.28264785069898840  0.29092992282028984  0.29937792344441688  0.30728186462472623
  0.31629884829257354  0.32722858903325952  0.33882266782472198  0.35077948050302504
  0.36309206083451628  0.37483192402373194  0.38676482394874162  0.39907778979762237
  0.41126414756301499  0.42332843642697748  0.43549167757668111  0.44702154362191232
  0.45742539995436821  0.46687590867920609  0.47577691726424642  0.48466888737319613
  0.49422518052353315  0.50374840370409490  0.51373357718810753  0.52311609690635263
  0.53245991057571729  0.54198678047552529  0.55044382146446280  0.55923584985614827
  0.56738771034545410  0.57623665911250965  0.58689873965045869  0.59912879212701986
  0.61176631611993992  0.62420196632843894  0.63598269652888562  0.64658236480391273
  0.65533799383103553  0.66524555734024626  0.67325475815913682  0.68119922812548495
  0.68960392834769202  0.69758876587302499  0.70503257140062114  0.71529596470978873
  0.72838295036534018  0.74270466771077226  0.75863844586626272  0.77406769664959185
  0.78726960922172040  0.79857185807641640  0.81087290152258273  0.82194790316757083
  0.83162947974993695  0.84060874440048639  0.84948836928576299  0.86002022853185656
  0.87423845320360649  0.88863746295742163  0.90154045636143132  0.91344282129864707
  0.92397049297486511  0.93335788147010557  0.94205951859272852  0.95047187900362717
  0.95919947225330793  0.97057931480068638  0.98628372961427357  1.00000000000000000
 -0.00362081550417106  0.00923287559569335  0.02154895310997284  0.03278474047874110
  0.04398374187193577  0.05582454618790331  0.06682917441549877  0.07362492140750730
  0.08127330910491679  0.08927921178077977  0.09779095671768701  0.10552442739632760
  0.11939433675581793  0.13278290406524981  0.14571283405032312  0.15468748157066384
  0.16286612616325966  0.17082084986944263  0.17884789640880058  0.18762530483946777
  0.19678776280529955  0.20655014339381259  0.21929178940861666  0.23345848925805426
  0.25004207753241514  0.26685818202952521  0.28438418988688685  0.29446735177305156
  0.30076432497351252  0.30722788262121320  0.31382066117346680  0.32082336648782578
  0.32727176757212101  0.33503519942695686  0.34339677043563382  0.35280502046114837
  0.36570216321636390  0.38023042057160478  0.39577348351976194  0.41156077183089834
  0.42574766049642426  0.43790827667555265  0.44880620593379789  0.45914593174819596
  0.47017778231698260  0.47951559317238684  0.48630403118573062  0.49355821717441012
  0.50207458648716075  0.51178450309653478  0.52162872719662901  0.53133467465548623
  0.54175627558155659  0.55625259254624582  0.56924847379588506  0.58266362832849938
  0.59632741702683867  0.60940969140091950  0.62282239075520307  0.63479467446815574
  0.64618583661822293  0.65742839183334867  0.66870582783211285  0.67986383562175856
  0.68851085086086528  0.69606393782591991  0.70338939994429761  0.71054825411031919
  0.71731871682234016  0.72417464188868885  0.72994357211314376  0.73714181053001171
  0.74542030863269648  0.75563156327603176  0.76559912139390585  0.77489800582281332
  0.78391475128651522  0.79247780879607588  0.80103619944650395  0.81068862558518540
  0.82215803845619295  0.83364022337008237  0.84220997127970321  0.85100845838439787
  0.86171240921950809  0.87281264756088128  0.88423355314620833  0.89642883772871484
  0.91175911088964567  0.93238825970109274  0.95037977557114339  0.96265534840871403
  0.97246572872047754  0.98185667723699976  0.98999859409410529  1.00000000000000000
 -0.00234875154776417  0.01169056157829640  0.02413410101046052  0.03670065037221621
  0.04850864457874349  0.06060859853536241  0.07345210436939154  0.08716269308883684
  0.10119395880888450  0.11567703821409103  0.12791911953243598  0.13962742777168693
  0.15133481393514855  0.16204651624099226  0.17416522079731134  0.18410664041107752
  0.19283283827119352  0.20025576655541907  0.20654611548149138  0.21109036632587710
  0.21650244903536731  0.22171668838213185  0.22816757669246074  0.23660284424534703
  0.24421348543263871  0.25158837853305022  0.26132292752585157  0.27350379080579312
  0.28780354667137914  0.30029838092525063  0.31088922826927445  0.31874886369099076
  0.32649201660880423  0.33412632577836565  0.34129418436386461  0.34836159677793865
  0.35556960150801131  0.36359891081049861  0.37024322508602830  0.38001556226913979
  0.39230654790874747  0.40510002031065151  0.41756117542413990  0.43016242165863233
  0.44244233193993365  0.45323769417050314  0.46352410914015868  0.47351661016478636
  0.48388948378418950  0.49428214375412582  0.50526175502126225  0.51662094149362026
  0.52751920639728678  0.53804262827203730  0.54855326429193874  0.55966373420029369
  0.57271099575892648  0.58678573260474798  0.59879650523461159  0.60953898585031052
  0.61901512797232905  0.62702319083817371  0.63437760227415430  0.64144896000849705
  0.65071494977725985  0.66157479073835179  0.67238856909395228  0.68492993126753354
  0.69845705024041482  0.71235344842837234  0.72462711354980813  0.73783826430175004
  0.75112987682711263  0.76211342068912835  0.77312878245504213  0.78393391612277852
  0.79511100214410790  0.80676179814948734  0.81893663754426638  0.83301171753186498
  0.84480380953918510  0.85436303010905412  0.86360195251988447  0.87268123844609458
  0.88177108581663333  0.89211321048236414  0.90392973317532288  0.91554712953176864
  0.92686474010911957  0.93945765540285431  0.95015040834605224  0.95981125928431876
  0.96877585600625760  0.97845767322068955  0.98922419739332434  1.00000000000000000
  0.02143512375823600  0.11843904221382570  0.20561157949726686  0.26700734458443348
  0.31232351374010642  0.34772426976974741  0.37830030830287159  0.40382461802512082
  0.41893575763023916  0.42892871430410434  0.43765268308955785  0.44318341518574456
  0.44789818005382870  0.45183493306632150  0.45603286417136801  0.46060767933083807
  0.46486068317685209  0.46861612629064164  0.47256410263429266  0.47736377664884416
  0.48290051677850654  0.48823514089254322  0.49294443685707967  0.49717167986604832
  0.50165859981953997  0.50764903352916690  0.51332052820328089  0.51875486631562129
  0.52371188143871406  0.52847888564195844  0.53335125390858884  0.53795589213613326
  0.54242848982759662  0.54631055350956403  0.54987685935005004  0.55353571734128404
  0.55722809884093893  0.56181877774445865  0.56670711751947367  0.57155325005250235
  0.57654273329230488  0.58147878905343231  0.58723104105534374  0.59376415560280771
  0.60002188150290914  0.60672537871579624  0.61357182854768888  0.62026090580945925
  0.62657084433882415  0.63242922769189991  0.63840564574846304  0.64412556524231890
  0.64948131798351105  0.65438443881865882  0.65937604370999692  0.66494924860685101
  0.66963114637377885  0.67472467670075709  0.67981911682467744  0.68613668376678527
  0.69189949872811007  0.69793787338270341  0.70363457060720969  0.70977631996301083
  0.71640517606226062  0.72215155589637969  0.72719827211526922  0.73254737692628835
  0.73915558614316879  0.74574498792312161  0.75269211745775155  0.76108129822898141
  0.76997101450438155  0.77904185761182621  0.78884393719518964  0.79775749589387890
  0.80661357432346215  0.81644251408538404  0.82900003150402934  0.84024544083564245
  0.84798779747577380  0.85457977026660392  0.86123663090278879  0.86733534985440297
  0.87322323389888423  0.87956013899296293  0.88698628123521051  0.89481510995460989
  0.90230794515749990  0.91008403072963406  0.91785696808659301  0.92616880396809154
  0.93573397287016669  0.94734955945870769  0.96706028402399635  1.00000000000000000
 -0.01958880274833917  0.10585407251530453  0.15087020522078953  0.17912877512378156
  0.19718120908410613  0.21127244346277413  0.22250821362925954  0.23336411540197427
  0.24366432203111588  0.25312704833344268  0.26163823505268641  0.26849681300887568
  0.27593668682130568  0.28306580981024249  0.28857273751815377  0.29300496770851653
  0.29724881595351255  0.30156250745388979  0.30607552818572814  0.31242405474962243
  0.31882192486412164  0.32385349379571343  0.32859680244976297  0.33337025054066372
  0.33884417573099918  0.34670280063286085  0.35460652979445556  0.36412695162572339
  0.37239588933760576  0.37882525119185617  0.38509521098371152  0.39168510748406055
  0.39802003376812378  0.40386082165102960  0.40928899857128376  0.41477004319343913
  0.42060538036467304  0.42643130561979325  0.43200080856232764  0.43806297033800939
  0.44565032262935239  0.45357171825634129  0.46095495564264927  0.46800377589916964
  0.47562164488776332  0.48340590119941351  0.49100407889151904  0.49811917501763436
  0.50459816736897856  0.51066604597570620  0.51656387243118529  0.52250041558308646
  0.52863012992172520  0.53462376747774676  0.54029065547388300  0.54603641957395188
  0.55197615564327074  0.55797946632726525  0.56359442531255965  0.56862932348056749
  0.57377982915159143  0.57896737271332410  0.58398414969354484  0.58943775878297466
  0.59511168028771833  0.60079604574763668  0.60628269985014205  0.61178029312652116
  0.61767404629709943  0.62347278539979367  0.63051752898348890  0.63819177395427573
  0.64635062348107741  0.65438644315078309  0.66129080161169040  0.66791468669346354
  0.67625299277137707  0.68468492853092378  0.69357313847720969  0.70335235610384550
  0.71227712675538479  0.72102310482325938  0.72889375396418576  0.73544895837503144
  0.74138631719557868  0.74819696951882764  0.75656570726411598  0.76586515886830464
  0.77565480598665792  0.78700877940190317  0.80024134916085132  0.81434565445668206
  0.83035647549244485  0.85220471660497077  0.89086101610006274  1.00000000000000000
   1.3919754657422703E-009  -1.0000000000000000     
 F F F F F F F F F F F F F F F F F F F F F F F F F F F F F F F F F F F F F F F F F F F F F F F F F F F F F F F F F F F F F F F F F F F F F F F F F F F F F F F F F F F F F F F F F F F F F F F F F F F F F F F F F F F F F F F F F F F F F F F F F F F F F F F F
  <DiscreteSampler_grid>
  grouped_processes
  1 # 1 for a reference and 2 for a running grid.
  10 # Attribute 'min_bin_probing_points' of the grid.
  1 # Attribute 'grid_mode' of the grid. 1=='default',2=='initialization'
  0.0000000000000000 # Attribute 'small_contrib_threshold' of the grid.
  0.5000000000000000 # Attribute 'damping_power' of the grid.
 # binID   n_entries weight   weight_sqr   abs_weight
    22   10   2.121432845873489E+001   1.105522387852616E+003   2.121432845873489E+001
    23   10   2.121432845873492E+001   1.105522387852620E+003   2.121432845873492E+001
    25   10   1.187481125502952E+001   4.789337387581352E+002   1.187481125502952E+001
    26   10   1.187481125502954E+001   4.789337387581362E+002   1.187481125502954E+001
    34   10   2.778189385591455E+001   2.057513324232433E+003   2.778189385591455E+001
    35   10   2.778189385591462E+001   2.057513324232445E+003   2.778189385591462E+001
  </DiscreteSampler_grid>
