  0.02452995008900199  0.03119317258137238  0.03836419919319850  0.04557936395348333
  0.05306822597919105  0.06069715513843518  0.06901784821966267  0.07872131854659750
  0.08846346702405013  0.09816978548614462  0.10787400480900852  0.11776970599800073
  0.12748487669309080  0.13684229418466456  0.14604915217720063  0.15552039609618659
  0.16510153993965390  0.17482312012831233  0.18458462608512138  0.19607423286818162
  0.20919859770170171  0.22230157575639847  0.23447358466591833  0.24473033731466856
  0.25429340051414806  0.26338912991843499  0.27270548423368601  0.28245339392871027
  0.29361099297504756  0.30609485150331694  0.31929043834748039  0.33194537720618761
  0.34405946039713742  0.35565101943851035  0.36719018054684560  0.37848894482500295
  0.38884339757109154  0.39883877297081427  0.40888043820582665  0.41890729695425677
  0.42853100094277630  0.43818468109633929  0.44794669518161451  0.45750087428664726
  0.46615812835163506  0.47473547901788565  0.48359985521691429  0.49284562473187871
  0.50204660920131572  0.51221316533284234  0.52296653393379577  0.53205855443803207
  0.54272890008698949  0.55197501648393898  0.56172158906084224  0.57077412977719333
  0.57951902900918739  0.58813487005984533  0.59691317852743020  0.60601561422967420
  0.61537801795607694  0.62442128885698112  0.63334054521093219  0.64256022159785442
  0.65281693496858173  0.66311868046936051  0.67275350700600223  0.68239740423176021
  0.69270187467218380  0.70369947608387240  0.71375623620142559  0.72369995550782051
  0.73417554509024596  0.74501353990841634  0.75563949350421167  0.76595552981057102
  0.77702838953380404  0.78829908284780659  0.79978184577728928  0.81104291300866271
  0.82256626745847428  0.83347724729992001  0.84423441228029339  0.85418682567834281
  0.86449245476851522  0.87475805452383548  0.88584560174121230  0.89739757077502014
  0.90880750920801734  0.91943143778822400  0.92917723993106371  0.93946210651258344
  0.95168734900529706  0.96423739362799632  0.97122115559285904  1.00000000000000000
  0.00898720975980373  0.01674487812585861  0.02672220495389211  0.03880434513882026
  0.04991488532512713  0.06080752370374133  0.07068296874654117  0.08122753199696060
  0.09253060510671084  0.10462044291873358  0.11615606660511545  0.12744662318660263
  0.13851490088996932  0.14889286639103252  0.15819756165535465  0.16753807313021471
  0.17642769578927150  0.18649479233556604  0.19586656499722424  0.20535086540699918
  0.21457133111003912  0.22352068045902157  0.23237705168624770  0.24154917948708654
  0.25088554845523159  0.26004331971829064  0.26877528167654874  0.27912469233126352
  0.29062802161807844  0.30312132867791342  0.31451286031255510  0.32379055601060192
  0.33257492811306338  0.34155280836622387  0.35104641148103688  0.36105189774902741
  0.37120451741141353  0.38138431283556279  0.39173336295091155  0.40136734496837367
  0.41073383440078665  0.41994474512589169  0.42798173275700147  0.43582165594922861
  0.44386994456733281  0.45220252146435747  0.46093210566094572  0.47038868229084480
  0.48025150708370307  0.49075269199433136  0.50159860483794638  0.51409179997496113
  0.52657283753233908  0.53827842073132337  0.54933599537677025  0.55998705547979910
  0.57047133945700812  0.58094641037112116  0.59172741832562348  0.60285977364819066
  0.61404293199727300  0.62563482339828558  0.63816655085494678  0.65131462583084998
  0.66411973251289302  0.67687262591011754  0.68868382439773157  0.69928873163302852
  0.71049395723481046  0.72125574223585032  0.73190043493515622  0.74184350912019936
  0.75141057520515153  0.76049357070517376  0.76935006169671916  0.77919080293430332
  0.79061779476207295  0.80252194874100802  0.81454136455282700  0.82693600219421359
  0.83905381960844727  0.85008343241419104  0.86178073563103408  0.87321764933001977
  0.88417176570505984  0.89463746613106498  0.90475210455804522  0.91582978070130572
  0.92686035919911391  0.93765388373921221  0.94771641356797798  0.95814660650170203
  0.96924049626561781  0.98071340177798172  0.99136660637969887  1.00000000000000000
 -0.00003983548475726  0.00045646228213433  0.00116172685432637  0.00217939739021086
  0.00343969947006228  0.00491644472773149  0.00676323709119220  0.00925848583048455
  0.01183047773565545  0.01463282764103442  0.01763066849642697  0.02084393396229388
  0.02433286645182058  0.02800603541471510  0.03184181331699738  0.03568283472759015
  0.03966690800321492  0.04449385213808107  0.04947686953108157  0.05473130328145117
  0.06017555188197800  0.06563719711032284  0.07112946679347316  0.07706895536599047
  0.08391656676715259  0.09197250041560757  0.09996237102249131  0.10695422531171239
  0.11381840799757677  0.12074820037253309  0.12787442930841075  0.13695053083956155
  0.14633677841052203  0.15550775841391878  0.16452615009027530  0.17402187651941017
  0.18404789649492570  0.19445748500531956  0.20534497284575443  0.21606945553351109
  0.22656359332811593  0.23745192616888305  0.24835570477165053  0.25927035369928908
  0.26995744985328712  0.28130664215378864  0.29292528709089960  0.30532800765178281
  0.31785405843317782  0.33047336805986982  0.34288689602580219  0.35500970136642102
  0.36699327637500156  0.37902787859939502  0.39085115055631731  0.40191370010667632
  0.41328290994243277  0.42502140353776191  0.43624821301646816  0.44730861530545984
  0.45851345207460603  0.47018819458857858  0.48299684323645620  0.49606277006486327
  0.50936260558082391  0.52290510544401281  0.53666707427300719  0.54992458046198689
  0.56418842019735937  0.57879842552852134  0.59340231872948890  0.60817813631296058
  0.62383753272975917  0.64039082446439644  0.65710581098139720  0.67397589813489334
  0.69230422044780437  0.71203689502591672  0.73161350208876041  0.75150829710739575
  0.76853298067645448  0.78517186721789245  0.80235956952087473  0.81953497420605415
  0.83585271350376511  0.85236224796049420  0.86849984994376961  0.88450695943115631
  0.90053267292665184  0.91654408600322990  0.93195376315688061  0.94689147482150637
  0.96105127816056291  0.97450095420788296  0.98741178502187710  1.00000000000000000
 -0.00266489445739340  0.01031019943578802  0.02165077344725843  0.03311935096359932
  0.04461796388354500  0.05645352427936466  0.06883676217620449  0.08165899642142974
  0.09441252767219725  0.10622668533842308  0.11635399677026739  0.12640474229504292
  0.13711518011698451  0.14825505608370873  0.15820875165744658  0.16788752296441078
  0.17738176223980545  0.18730748358350180  0.19766762840972851  0.20773491862386972
  0.21789460975041422  0.22781512932465225  0.23735956459103524  0.24635118419798246
  0.25526255124882757  0.26431463080288431  0.27316651535250430  0.28134916814611827
  0.28967083740744148  0.29882976525276417  0.30815830706134112  0.31727852848649235
  0.32639560431168302  0.33788997609902877  0.35127685453551466  0.36327196404187340
  0.37403820080288253  0.38434840191170250  0.39351046204616774  0.40265698853788690
  0.41192472022984816  0.42223805485880828  0.43327120995393004  0.44382562988866681
  0.45452356053443260  0.46505098033158898  0.47524423804463556  0.48463787405380976
  0.49412663146260388  0.50484667093729918  0.51577336359289783  0.52601103400135529
  0.53664761936765293  0.54858489141749578  0.56125346955221167  0.57361056302389646
  0.58530022560591255  0.59639536990058939  0.60785470742020864  0.61991762091480840
  0.63112651049951707  0.64115749624596452  0.65081826504476403  0.66053268460565495
  0.67015030622906979  0.67980492218736421  0.68979002125231670  0.69996692933436566
  0.71009636109035301  0.72021245584424098  0.73093565635396041  0.74191206238225438
  0.75278128258470778  0.76369555377803988  0.77486362710654688  0.78616322560917085
  0.79743803829875615  0.80864527842831990  0.81996739249020267  0.83059141436737738
  0.84218166025999674  0.85385661776102217  0.86564472558350114  0.87687077018976678
  0.88698862089372477  0.89693817533436315  0.90674636477438075  0.91602843582056115
  0.92517329750444721  0.93403644441368650  0.94412680017856754  0.95591357213483463
  0.96688480564082369  0.97813739248475817  0.98850863670517075  1.00000000000000000
 -0.00232893956228991  0.00837735964913283  0.01894407899599806  0.02985023265006444
  0.04121754078291409  0.05177666201885069  0.06260894493901827  0.07260882853786170
  0.08251509764023574  0.09173852289470416  0.10068289492406571  0.10955970533223110
  0.11864315313582889  0.12801280549650146  0.13786341485105377  0.14782842203793792
  0.15775847614928040  0.16754659611390960  0.17720401339725433  0.18757552805228753
  0.19833000022462632  0.21003298663382886  0.22229007677294782  0.23476761725314327
  0.24717823405010569  0.25956961823401126  0.27164845591099573  0.28340609387530596
  0.29391863809086988  0.30282010001502691  0.31232082131907174  0.32190483395656733
  0.33094941057667498  0.33971701461603571  0.34910746612680243  0.35966098449859707
  0.37114687045852041  0.38286029888435125  0.39466226284585326  0.40719333397877316
  0.41971047928550731  0.43092770814268533  0.44118328933647483  0.45131649639099414
  0.46073418623210549  0.47015924779088475  0.47954096588708123  0.48932323553810847
  0.49885472899509903  0.50850752480901906  0.51849873903280541  0.52914749623900559
  0.53983528091913724  0.55053233683515201  0.56103752338320789  0.57170568064180383
  0.58179080033737152  0.59163196334436019  0.60180273569737575  0.61304244697164922
  0.62456706614180824  0.63563029719475372  0.64625178996730415  0.65647980254363958
  0.66651688845739132  0.67621305912983531  0.68558605599192968  0.69517986133400977
  0.70533962798204475  0.71724426861784518  0.72932043684559900  0.74008674406669450
  0.75105723347880893  0.76185892362068941  0.77232994328358040  0.78236334895656501
  0.79262078611783704  0.80255542692061710  0.81206765036855577  0.82148846125494368
  0.83100910489383195  0.84073855776073536  0.85120690461236626  0.86235186782057649
  0.87396300411155736  0.88507777314554215  0.89617851938753479  0.90854951934354045
  0.92225797628437578  0.93623317216164093  0.94841519119854212  0.95975317449075048
  0.96993950534731521  0.98030444031827080  0.99017053782233344  1.00000000000000000
 -0.00310119362186617  0.01271072290671010  0.02559217931890410  0.03710775340220020
  0.04838406379140502  0.05862697101650669  0.06903568229131522  0.07924624518148127
  0.08982963628652851  0.09967817650333607  0.10995927688105540  0.12028105876560594
  0.13132827825146287  0.14212003907373216  0.15202122752555400  0.16160011483308229
  0.17134299527974514  0.18186384603678132  0.19296223237762913  0.20304968677336982
  0.21536777004851271  0.22801426509004236  0.24011278423228308  0.25220986528314931
  0.26357863818539323  0.27442259922371909  0.28484205963451104  0.29495961708432583
  0.30530157350701209  0.31557183906558067  0.32582772382890529  0.33731378850250066
  0.34846244433374135  0.35944001220137634  0.36961218974871030  0.38008533437511277
  0.39129146092691341  0.40209013301577007  0.41232465967897908  0.42182719652619882
  0.43094822945646249  0.44040013116972360  0.44948233095700674  0.45877177771670191
  0.46878957286030154  0.47926448383921705  0.48918631048908584  0.49892981286969279
  0.50860059172620797  0.51846815341955155  0.52824478972374422  0.53774893564851078
  0.54750531269608360  0.55801835374790043  0.56850717229157810  0.57900303069710823
  0.58864583687274952  0.59806416458485046  0.60752121670176795  0.61709537061800934
  0.62658176605772553  0.63589326798361945  0.64528995295470482  0.65520947735043411
  0.66552804754608297  0.67642423577495048  0.68733754942036673  0.69813045090374348
  0.70886021499437335  0.71908088716962226  0.72879083962075764  0.73819651480912996
  0.74770916371968743  0.75783934603221015  0.76833697116597477  0.77970119874088295
  0.79175910009253636  0.80254983343962372  0.81255412926655024  0.82357414307886467
  0.83442543268837788  0.84456738704815382  0.85434686769464652  0.86411229711853621
  0.87410580877021904  0.88431121705944382  0.89525805760244581  0.90755304351730182
  0.92011697057741071  0.93168234956413842  0.94287503133710293  0.95458368400833826
  0.96620028164882166  0.97766229225474510  0.98872294651008763  1.00000000000000000
 -0.01111188496397051  0.06847011672591850  0.12123372031175987  0.16039763664924953
  0.18971945350155367  0.21445768747072766  0.23566438006114529  0.25217321841825452
  0.26627418642273748  0.27844712855780362  0.28959255193539052  0.29993085896558092
  0.31015262294989265  0.31891575374754272  0.32699457472766252  0.33434171708574512
  0.34258773297646805  0.35066693180976560  0.35830847576121450  0.36545528323115511
  0.37258848869053213  0.37884182752292761  0.38423409347190118  0.38933713475625648
  0.39435865824651328  0.39942621163318076  0.40438613316361760  0.40921941060531769
  0.41408411834429854  0.41881012858517330  0.42335943088897465  0.42773771042923897
  0.43196561805321482  0.43612512974849921  0.44035474093491789  0.44475406839556547
  0.44923545161469569  0.45356883137355286  0.45751711097341663  0.46128949139391534
  0.46494142891107676  0.46836931840545759  0.47192324841948596  0.47555850924402676
  0.47934460861653733  0.48338200426913136  0.48760430039513863  0.49180380718799416
  0.49593076687264970  0.49996053968714660  0.50421717097053231  0.50840605715034615
  0.51247606043976790  0.51653196517087563  0.52061719246342131  0.52498235304866681
  0.52961458924322502  0.53465775915219760  0.54021229928451553  0.54564491207192778
  0.55090876762768315  0.55589122844211336  0.56060051289529200  0.56510361535397113
  0.56959057556262760  0.57435414981469546  0.57953539166657986  0.58469814405752196
  0.58976366484126697  0.59458044504367502  0.59936521922826913  0.60428421481113659
  0.60940499643975088  0.61461306441723884  0.61985312510684543  0.62545454016159419
  0.63169869831270220  0.63866599951178660  0.64566469612068944  0.65322639952130568
  0.66098767453631169  0.66972700594114354  0.67938173580687355  0.68912819053766683
  0.69900028042290707  0.70939145415259575  0.72065728240029636  0.73265000245299183
  0.74665066672640490  0.76372778522459261  0.78370996135064963  0.80652572741387030
  0.83734554919218651  0.87705296285498724  0.92971157789487602  1.00000000000000000
 -0.00171098344127786  0.00803506162120101  0.01627375206426003  0.02501526525397663
  0.03425101416724331  0.04406124668753918  0.05534902342578967  0.06612388464937508
  0.07585228490160525  0.08558763782470434  0.09588515970479752  0.10596525014035765
  0.11521209639217689  0.12430184730919862  0.13393382147892074  0.14334529791213135
  0.15216356671339951  0.16099026123554278  0.16970450483641741  0.17914020289048010
  0.18818559472182275  0.19841945537016115  0.20825680735517338  0.21805064419669820
  0.22828868873075955  0.23843106701002278  0.24877288866963973  0.25902657858994693
  0.26958265258060971  0.28061039669323201  0.29169352892248496  0.30255287088636901
  0.31331539451669821  0.32389276905361053  0.33522512075520411  0.34854434661911821
  0.36002287210823403  0.37109975267694545  0.38262276668350093  0.39416989859627272
  0.40498874734589779  0.41576736833299971  0.42738285702866868  0.43955908634589447
  0.45075730149181825  0.46073816436194320  0.47031346164425558  0.48044216785022864
  0.49060291061200517  0.50064160472102293  0.51064630253472043  0.52028116316475281
  0.53042807084665899  0.54006715171200770  0.54998561933463808  0.55948178424354378
  0.56873181003399542  0.57847642324281712  0.58904614858537963  0.60082088009978041
  0.61259169553997117  0.62468515700876948  0.63729459077421391  0.64950227520218451
  0.65996009235738295  0.67033767879239925  0.68108562170157749  0.69223197111980705
  0.70310662341201502  0.71427922229147855  0.72687311597522941  0.73830573674026756
  0.74961089177965512  0.76084920349208451  0.77172354396420917  0.78231248275181853
  0.79271680013900436  0.80354660643421938  0.81411578870649914  0.82468442309634238
  0.83615795821622507  0.84838333312808056  0.85948561059795014  0.86978934300338873
  0.88007663729414309  0.89081601971297453  0.90122968068092546  0.91091740763825402
  0.92083609327437754  0.93141999798247133  0.94177860230668664  0.95220793971240492
  0.96391882731331235  0.97699814294166831  0.98863847336097166  1.00000000000000000
  0.05567675297251418  0.11308679239009337  0.13011094753020577  0.14541462729121013
  0.15924594443212409  0.17205809219775159  0.18497294834066583  0.19796910807077167
  0.21045486096654112  0.22246914225309053  0.23405856689994167  0.24470599156030698
  0.25491117439819916  0.26453400822618556  0.27421024498793545  0.28389901973783860
  0.29405394438708887  0.30640104001889990  0.31939095768468428  0.33290294620195826
  0.34423347535307786  0.35499590993620078  0.36563018639735145  0.37603354762953256
  0.38575221693065159  0.39558987780227006  0.40689601545264087  0.41816607089594593
  0.42901040334172624  0.43966798209204938  0.45089640789637259  0.46151449706490993
  0.47087856936462369  0.48033099289282355  0.49004843040578977  0.49991607765300744
  0.50949025542091042  0.51838315370287325  0.52624246115514239  0.53354568696132298
  0.54089859814202579  0.54849612776788126  0.55582739270957882  0.56353867579310968
  0.57166869110721885  0.58020610263983408  0.58871622061146345  0.59696056913253104
  0.60440306231413021  0.61108050492618493  0.61767976041027628  0.62440614297233554
  0.63093011069549187  0.63753694675839723  0.64439859989316783  0.65143095981789056
  0.65829532724883755  0.66475782036828479  0.67139580987028702  0.67820189759313432
  0.68502495517304240  0.69201427656936187  0.69912187691873251  0.70602993641374490
  0.71287876455275090  0.71985607786874539  0.72688634749132885  0.73370663759919297
  0.74047735246144386  0.74729063430954057  0.75457432377884071  0.76191838754428920
  0.76911089033303737  0.77678079053352989  0.78445747125718879  0.79198160178277277
  0.79924891496192907  0.80597701866024085  0.81301803271633055  0.81946559153738308
  0.82665171463577258  0.83366700196935906  0.84082103778993789  0.84796280801564783
  0.85539055928734375  0.86316442145346850  0.87090200369228454  0.87920930136272979
  0.88861582819022467  0.89861070039256929  0.90913133221853570  0.92064974755062134
  0.93301043958871566  0.94661510426530460  0.96440500004941776  1.00000000000000000
 -0.01836527724978089  0.10933022492728792  0.14966471685663371  0.17435820020807233
  0.19355327890996066  0.20841482619129362  0.22198163936455620  0.23344168669145010
  0.24259480259537983  0.25114159021122229  0.25932929466853161  0.26782886230094582
  0.27668011705654522  0.28476789514504958  0.29212573157989929  0.29940276435040170
  0.30643187710685826  0.31362100782922392  0.32111753902422457  0.32854446173409690
  0.33520923257278773  0.34122724096670703  0.34721030389997481  0.35326173960834345
  0.35903892489014155  0.36453298634417403  0.37017625918045016  0.37599876725518167
  0.38200925943505898  0.38830138326792424  0.39446779985041047  0.40064334737573526
  0.40698820886972376  0.41331779285933151  0.42090580596714144  0.42884107343860750
  0.43583203357935785  0.44176747995894466  0.44714857296343524  0.45229822610511849
  0.45735823095374023  0.46247256125610336  0.46779589157923318  0.47320245431224550
  0.47838828916493925  0.48356319240557971  0.48879330667397775  0.49396728646956928
  0.49952104467677078  0.50564723128814903  0.51200219864948904  0.51829998102997565
  0.52410328216158975  0.52967789863561532  0.53521293139589288  0.54068615581263924
  0.54586707884692309  0.55103310114078285  0.55604220178308938  0.56119014469804729
  0.56654817784580769  0.57241953026982317  0.57797692933658940  0.58361548327588775
  0.58948710033656115  0.59549582458260097  0.60173346307703401  0.60829581891150297
  0.61514749205122732  0.62212424776899622  0.62932523952506758  0.63702338195448538
  0.64447581202213355  0.65223413994714363  0.66053189608027452  0.66920327571995286
  0.67812718616477319  0.68688700176375783  0.69536535291574753  0.70376709019877193
  0.71228868463146000  0.72112664243757851  0.72984936944694512  0.73858771376918897
  0.74774071504025141  0.75676520444172091  0.76558688912283579  0.77451665149229154
  0.78410245846767046  0.79432708318251366  0.80607450364041189  0.81999501745881875
  0.83666489527825449  0.85518988155945386  0.88642982250373548  1.00000000000000000
   1.0168063655478982E-011  -1.0000000000000000     
 F F F F F F F F F F F F F F F F F F F F F F F F F F F F F F F F F F F F F F F F F F F F F F F F F F F F F F F F F F F F F F F F F F F F F F F F F F F F F F F F F F F F F F F F F F F F F F F F F F F F F F F F F F F F F F F F F F F F F F F F F F F F F F F F
  <DiscreteSampler_grid>
  grouped_processes
  1 # 1 for a reference and 2 for a running grid.
  10 # Attribute 'min_bin_probing_points' of the grid.
  1 # Attribute 'grid_mode' of the grid. 1=='default',2=='initialization'
  0.0000000000000000 # Attribute 'small_contrib_threshold' of the grid.
  0.5000000000000000 # Attribute 'damping_power' of the grid.
 # binID   n_entries weight   weight_sqr   abs_weight
    22   10   1.051755409075310E+001   4.348053767181395E+002   1.051755409075310E+001
    23   10   1.051755409075310E+001   4.348053767181405E+002   1.051755409075310E+001
    25   10   6.772051243856106E+000   1.589277926720521E+002   6.772051243856106E+000
    26   10   6.772051243856104E+000   1.589277926720523E+002   6.772051243856104E+000
    34   10   6.702699840690722E+000   1.521097922931539E+002   6.702699840690722E+000
    35   10   6.702699840690721E+000   1.521097922931541E+002   6.702699840690721E+000
  </DiscreteSampler_grid>
