  0.00009741355239698  0.00010292013794900  0.00010578105670011  0.00010855860958636
  0.00011101295099040  0.00011317230592569  0.00011516325359472  0.00011704372357344
  0.00011873532795831  0.00012026014547268  0.00012180262581406  0.00012341174333452
  0.00012515427352512  0.00012691530480173  0.00012865748774884  0.00013035629879733
  0.00013215629780498  0.00013413533276638  0.00013614576195765  0.00013803006952282
  0.00014017423345781  0.00014220157326415  0.00014421208554071  0.00014623980577435
  0.00014824644124340  0.00015052546332881  0.00015283554899364  0.00015522824254908
  0.00015764678910522  0.00015995188410521  0.00016220162637340  0.00016455864782833
  0.00016689171484307  0.00016922015023460  0.00017155544761200  0.00017393218366464
  0.00017629819244792  0.00017873716119528  0.00018132917970464  0.00018411562577712
  0.00018694797969229  0.00018991376775951  0.00019299005079806  0.00019599667440413
  0.00019887399580496  0.00020168852836132  0.00020442784000804  0.00020734155886518
  0.00021039252885241  0.00021360478668437  0.00021706000077696  0.00022073608533807
  0.00022440090177392  0.00022814106454237  0.00023212751894468  0.00023634326367998
  0.00024075252568216  0.00024539903444480  0.00025026921658883  0.00025581068597491
  0.00026083750950900  0.00026534038759181  0.00026985563147087  0.00027424774398727
  0.00027990963050314  0.00028639718384160  0.00029302995513262  0.00030034179247322
  0.00030790433400993  0.00031615703721111  0.00032367750169542  0.00033182072739656
  0.00034047802182165  0.00035072865295359  0.00036246758627643  0.00037618368006458
  0.00039412199866856  0.00041545982184099  0.00043766062652192  0.00046168170735007
  0.00048580970788892  0.00051212469195083  0.00053909722462708  0.00056615661878750
  0.00059680152718366  0.00063721691012069  0.00070079922417058  0.00077191173463252
  0.00085777807499430  0.00099404906781457  0.00124036955304515  0.00147597526934574
  0.00172543371624432  0.00221025509682411  0.05446609279688343  1.00000000000000000
 -0.00002158262707036  0.00039285238959593  0.00122647061799695  0.00279324419433662
  0.00517259436257370  0.00782989407130157  0.01130190003538021  0.01613360833354818
  0.02228438898841395  0.02676120003593772  0.03225287989066394  0.03970856823939913
  0.04730536482709616  0.05653217781299275  0.06590110675947487  0.07783958969210331
  0.09126493160442133  0.10252044684893875  0.11338985666939114  0.12527456162058428
  0.13608055488527407  0.14725550045713345  0.15770353954201810  0.16896730195287604
  0.17949934469072518  0.18848948408607791  0.19719506521150837  0.20653726954477408
  0.21616499323106531  0.22576985359405879  0.23475175724397868  0.24369174425663084
  0.25317211076304175  0.26363250133779303  0.27343799043967387  0.28246510519543272
  0.29085799390795569  0.29938644603874182  0.30814900636369524  0.31812722145313033
  0.32838040330952856  0.33857194827964454  0.34793721832530683  0.35655952631996368
  0.36508204305976261  0.37308732828774754  0.38076514427744262  0.38880624583578827
  0.39762132817537998  0.40637671564590416  0.41564518584139898  0.42518884431752185
  0.43596786705903218  0.44546949306407196  0.45367113166992423  0.46115985587300490
  0.46961422665124491  0.47852776275776721  0.48804693051320153  0.49973273524075507
  0.51135792097005595  0.52270017255875545  0.53394571377147393  0.54543906176661883
  0.55728650190706175  0.56854409858903177  0.57876320162238337  0.58844595170487701
  0.59758865046264131  0.60610067186644656  0.61456246235068968  0.62213689899615132
  0.62975369431668304  0.63799604146226208  0.64765259464070979  0.65920680952986732
  0.67321407716668213  0.68895429956767573  0.70515780731775435  0.72100616803796802
  0.73616878749581727  0.75211029019965370  0.76865175939612906  0.78602200985080783
  0.80415845332252511  0.81984195088771883  0.83509457552442323  0.85162231280385070
  0.86957772223592000  0.88855264229465569  0.90749696904601629  0.92615307886984621
  0.94485972987392497  0.96358452292057650  0.98242994422012209  1.00000000000000000
 -0.00193857095095853  0.00981762529838090  0.01882084683671938  0.02776889942805654
  0.03732241709914335  0.04774378512393209  0.05773678677536304  0.06688947811501926
  0.07442682652591280  0.08239547134454984  0.09008160417646195  0.09747174041133828
  0.10477160598399148  0.11220634943473833  0.12135562020480838  0.13295605978326636
  0.14543283607557983  0.15559317988332319  0.16321895657276042  0.17121720238918728
  0.17918003552512235  0.18720989559666912  0.19514692889538993  0.20253982709225807
  0.20998987016100434  0.21829132704912618  0.22987042183694212  0.24135956331966002
  0.25228807912273737  0.26061210305927701  0.26891782124632485  0.27739442731095720
  0.28674899017681305  0.29637569399291130  0.30615300614354346  0.31592575898344888
  0.32627138894509161  0.33508020777339237  0.34195480487340357  0.34872751541252900
  0.35571092050914849  0.36268391739451727  0.37077443983275721  0.37940939666524132
  0.38774540222548487  0.39574106628542760  0.40674131336575520  0.41937587655036584
  0.43193426860294382  0.44333729684640999  0.45394450786725182  0.46464095966244778
  0.47497918396034861  0.48595184959753390  0.49801232524977473  0.50972918486731811
  0.52122228372338897  0.53255494963086147  0.54408197768719280  0.55543521050983036
  0.56740380702761217  0.57954846079924627  0.59188681600487170  0.60552359532221867
  0.62152200572605987  0.63920390246691772  0.65778890559368575  0.67461936452165716
  0.68855884864104200  0.70176227732841034  0.71326688266668126  0.72285994294989053
  0.73281631185050455  0.74315084695575329  0.75460042829012330  0.76692526140961070
  0.77841020456737098  0.78879419589900812  0.79958111052972758  0.81060155107649701
  0.82217859670967253  0.83371963344486888  0.84550384023091052  0.85668166583805438
  0.86809143519645859  0.87934152923578190  0.89051683109296009  0.90177956976155482
  0.91433791433313027  0.92886112896555550  0.94299564164114325  0.95445444739831831
  0.96571388085792187  0.97721050092374206  0.98885241247109190  1.00000000000000000
 -0.00588014439000629  0.06745329807219630  0.10472638054305308  0.12839995070441598
  0.15358426273272247  0.17226866622342188  0.18586239837224242  0.19822773038572955
  0.21032684785426833  0.21957077879939876  0.23043093083302041  0.24098129051994058
  0.25145558324850392  0.26148103647600895  0.26996706405972853  0.28209842021779624
  0.29398957019845307  0.30402873464716057  0.31399436569188688  0.32384303335939779
  0.33302130440916039  0.34119685059143701  0.34726421512459360  0.35370090733447918
  0.36118009231975223  0.36828210841623443  0.37613008039019585  0.38097192086710380
  0.38576374938499935  0.39104593878016175  0.39653676528872156  0.40267096145481640
  0.40864887764388419  0.41493217351357775  0.42085975448127083  0.42642481966188556
  0.43172535296279907  0.43822110396513786  0.44598025350578729  0.45376117466202093
  0.46043987880747717  0.46636696560093904  0.47178392203195324  0.47762336938884986
  0.48381142729264492  0.49019049277444421  0.49616002494634215  0.50174238512555147
  0.50663359791188944  0.51134409321491747  0.51642158993729093  0.52211554991041187
  0.52812948351032707  0.53409328122670907  0.54013669740035453  0.54705154385715105
  0.55384810309890653  0.56056286871616345  0.56727366948666602  0.57408770360247019
  0.58099618688912680  0.58761801582182471  0.59322512280574680  0.59933210092689493
  0.60564324340010078  0.61212381070649657  0.62045833945085826  0.62728946018766640
  0.63386661369033059  0.64052579715319546  0.64768328163443067  0.65442452439355436
  0.66134135992423682  0.66685831919509297  0.67300443653080322  0.67856909089927375
  0.68386274078573961  0.69059386948181800  0.69911932831264023  0.70886741212385906
  0.71863833668850319  0.72749987133052729  0.73621075051748908  0.74550229561547621
  0.75620467388563273  0.76909339630186291  0.78378251955422462  0.79826444990327905
  0.81267178819697050  0.82653758905548191  0.83993623082467539  0.85645471937452999
  0.87351934260443298  0.89851614616762443  0.93260028233331183  1.00000000000000000
 -0.00188730526076441  0.00672399086245140  0.01444024242896142  0.02243630612243044
  0.03170999386064192  0.04236784459104623  0.05352787271061017  0.06506095833273318
  0.07756445113181228  0.08672420337973991  0.09356670051795868  0.10110107051133600
  0.11088105853652763  0.12079788120438793  0.12899484424616045  0.13727117794735724
  0.14674682220353016  0.15903622184144175  0.17205610973861302  0.18418523954980764
  0.19564859181326710  0.20586148268035764  0.21476035582986447  0.22340844730939965
  0.23179132133894617  0.24066944088455788  0.25064617010389195  0.26426518695403689
  0.27574369821441103  0.28502195101902389  0.29489710678305864  0.30603068109654896
  0.31809889861928903  0.32885129644272215  0.33904388997895846  0.35231217660269876
  0.36653426983131288  0.38176675871821192  0.39459471688988473  0.40639960571923567
  0.41726755652825670  0.42778807355102533  0.43734623734014094  0.44670556841536729
  0.45638499628195556  0.46545117215329584  0.47429572613031601  0.48478983985787144
  0.49760391039101914  0.50922168864440276  0.51899134367884681  0.52814190692030061
  0.53634332931201967  0.54593819961070211  0.55670657407277035  0.56715985232599264
  0.57720725154786334  0.58801894029530921  0.59889756210191614  0.60995924618052599
  0.61824493124550350  0.62700549418348384  0.63539243329642436  0.64358306344463534
  0.65158511122180429  0.65912606810141872  0.66733273982703190  0.67652625106188158
  0.68485236491210488  0.69336640396929217  0.70181598293910952  0.71261323451503800
  0.72402053505364417  0.73496852909528110  0.74553110382719734  0.75709025419833220
  0.76899968349252690  0.78240962336030340  0.79865086332828861  0.81817784520650960
  0.83450735423247169  0.84773178014906525  0.85950916128382981  0.87109096275870213
  0.88349896739553946  0.89365756217146808  0.90407261902197711  0.91422354554365293
  0.92419600190634410  0.93496253178688027  0.94452924029352237  0.95572476602286593
  0.96780492363751713  0.97882672670431103  0.98930274732500756  1.00000000000000000
  0.03812928685165152  0.37339758897216885  0.40467800267220361  0.42552713819667715
  0.44037261420666396  0.45270767950659069  0.46136568798466177  0.46770370339274325
  0.47576139252438676  0.48153977222482852  0.48638201817522708  0.49122329957604632
  0.49552364498981899  0.50001088204390676  0.50403982621316590  0.50881683114927123
  0.51399849601292302  0.51996980575529461  0.52776078519219838  0.53548783373199804
  0.54201466010532839  0.54753834076697649  0.55306140534191650  0.56054088303564364
  0.56939000618904201  0.57763929783136203  0.58536802800559062  0.59367557102085033
  0.60225955173488199  0.61119151126484850  0.61993141870974344  0.62684059007587223
  0.63308550271042718  0.63933898257812671  0.64604599188079936  0.65596359453005626
  0.66495838117046091  0.67241571885116547  0.67906754958143878  0.68640212985511984
  0.69555276244999265  0.70467340163929071  0.71133928544355751  0.71691650702128940
  0.72267888913464851  0.72907791378586995  0.73853415450869886  0.74768195352827127
  0.75593373212347503  0.76357013661769402  0.77128980926951696  0.77971282556701083
  0.78886101009782594  0.79724312840315481  0.80404748104685375  0.80916412312298180
  0.81325947363409190  0.81750255529243199  0.82191658256802191  0.82651888098579529
  0.83151591932671731  0.83730686954552125  0.84311676868058427  0.84868357939350958
  0.85388459846240616  0.85870826193818151  0.86325453888906356  0.86771698162954991
  0.87224215963794205  0.87631853459612974  0.88080395142765144  0.88534037550852906
  0.88985572299290561  0.89397044505665957  0.89728092560831185  0.90030339619148425
  0.90307401439750290  0.90610747206009556  0.90923389800630061  0.91283596579208315
  0.91679964897161637  0.92064357732805968  0.92430233856193311  0.92806318241749053
  0.93179259409487203  0.93575262791506553  0.94001311898810669  0.94438051947922308
  0.94873714210327509  0.95292354714873706  0.95734260493118817  0.96230088514970791
  0.96805975199024075  0.97465377428433975  0.98483705588515513  1.00000000000000000
 -0.01848572692110573  0.10643095621484469  0.14766929745682270  0.17031225834301167
  0.18659562792590439  0.20033935126637797  0.21382434580167767  0.22526109141863576
  0.23567386720745021  0.24592658304071027  0.25696060198631332  0.26808510290717047
  0.27848202044423276  0.28773535645781434  0.29573006408681518  0.30313029542285763
  0.31156212171176678  0.32090378347396337  0.32952377844097908  0.33622589165926203
  0.34173009288772666  0.34742224859380366  0.35344755815363771  0.35941562015253353
  0.36460702091391323  0.37001075130482980  0.37604235395964286  0.38310934190331986
  0.38883308061011296  0.39399112682065668  0.39950877361500547  0.40649976402430565
  0.41251637054452789  0.41969175737940373  0.42653017836801488  0.43278811232224851
  0.43901743417562544  0.44558202337941216  0.45189908037160570  0.45704421375719761
  0.46239658240736231  0.46799690101841590  0.47390797144947999  0.48197140498028856
  0.49098998122875631  0.49963347987182027  0.50682982333318471  0.51330303545819822
  0.51946417064253780  0.52555366088921041  0.53243851213262428  0.53892446834642782
  0.54502310309403545  0.55004440538558741  0.55545583099241880  0.56082463028112106
  0.56631411716972369  0.57217839551162830  0.57835906052221009  0.58453594965872202
  0.58954553014342126  0.59432964528903731  0.59890513482995267  0.60314011398727085
  0.60780935840545069  0.61236420434598660  0.61642569326872487  0.62051992856875149
  0.62441087109669213  0.62986515197219939  0.63557679773664622  0.64137778905249310
  0.64752545747606405  0.65502252695963437  0.66259071399181735  0.67005782464848429
  0.67738437808662977  0.68440199576027094  0.69117893231384142  0.69825987645745602
  0.70544633974963333  0.71328044219387199  0.72200326594361841  0.73095736155766289
  0.74033303987837518  0.75074728730839535  0.76033078165956591  0.76951182761170356
  0.77957889004139436  0.79170129678662182  0.80630501610811345  0.82058969755937139
  0.83694157459014529  0.85515823048149231  0.88300514041306044  1.00000000000000000
   2.8610081445843984E-013  -1.0000000000000000     
 F F F F F F F F F F F F F F F F F F F F F F F F F F F F F F F F
  <DiscreteSampler_grid>
  grouped_processes
  1 # 1 for a reference and 2 for a running grid.
  10 # Attribute 'min_bin_probing_points' of the grid.
  1 # Attribute 'grid_mode' of the grid. 1=='default',2=='initialization'
  0.0000000000000000 # Attribute 'small_contrib_threshold' of the grid.
  0.5000000000000000 # Attribute 'damping_power' of the grid.
 # binID   n_entries weight   weight_sqr   abs_weight
    19   10   4.253293836969498E-004   8.909506291607382E-007   4.253293836969498E-004
    20   10   4.253293836969504E-004   8.909506291607400E-007   4.253293836969504E-004
    31   10   2.900153704286895E-004   3.436693119579802E-007   2.900153704286895E-004
    32   10   2.900153704286890E-004   3.436693119579784E-007   2.900153704286890E-004
  </DiscreteSampler_grid>
