  0.00969093522000072  0.01749786592377084  0.02582756180515466  0.03644976636259275
  0.04514939220722747  0.05497683877461835  0.06603431698016304  0.07611287802283324
  0.08504550995980466  0.09398270842818986  0.10385397114076422  0.11542308964258560
  0.12862677688142296  0.14459685960011115  0.15552445074312277  0.16382789534552183
  0.17096701311960155  0.17773597914825864  0.18548504072029892  0.19516479945648565
  0.20480566265931752  0.21558915613429427  0.22764163310168548  0.24205904203460199
  0.25828772484306711  0.27209915197953594  0.28418079714136374  0.29605683420544843
  0.30933107455465675  0.32535034629427678  0.34287111608718573  0.36010662475311972
  0.37470759638536627  0.38363669913784060  0.39193603212160560  0.40001034667123531
  0.41160300182017645  0.42347248288071337  0.43310316844792918  0.44261028104146460
  0.45223721313250509  0.46107648391778960  0.47096005251132089  0.48005527345984678
  0.48904927197827641  0.49720572169294230  0.50476619452636018  0.51244220659387030
  0.52081786290719612  0.52963070675223356  0.53871515786078683  0.54698256266812995
  0.55473522832270905  0.56228953862969411  0.57105246493215300  0.57997065131224934
  0.59110857082491453  0.60450410513488817  0.61568951320121590  0.62475322458640714
  0.63307217988115461  0.64169466194961844  0.64924545848267479  0.65503863234092896
  0.66084852243408410  0.66666509867972046  0.67286102097089628  0.68176483566642554
  0.69501249404486620  0.70988451891379367  0.72462118471106007  0.73827354691666425
  0.75157612038163935  0.76660848687089522  0.78030709829747502  0.79322874000462318
  0.80517626351524807  0.81859200553153677  0.83320806902258127  0.84737493912371487
  0.85771654456575863  0.86753349321570927  0.87651534135863618  0.88612382911565091
  0.89559883671756380  0.90546690519245865  0.91875122143527288  0.93228015870172665
  0.94396731695823199  0.95300910358163538  0.96029742744525448  0.96760223074090757
  0.97548201217134123  0.98519224698457708  0.99111790340984374  1.00000000000000000
  0.00000303267526444  0.00000319194945334  0.00000337246499759  0.00000351075886748
  0.00000365584932358  0.00000380702608919  0.00000397553740254  0.00000419685370396
  0.00000444382515747  0.00000467718894402  0.00000491842530507  0.00000519631461804
  0.00000548397871379  0.00000580107354488  0.00000608548104324  0.00000638379267407
  0.00000671005058968  0.00000706244820760  0.00000743894888330  0.00000778355407203
  0.00000815624701516  0.00000856332470380  0.00000898535700533  0.00000948666115756
  0.00000996129064634  0.00001037403305755  0.00001078188832056  0.00001113581969571
  0.00001158039574724  0.00001206023321945  0.00001257568814621  0.00001330417465569
  0.00001404676983312  0.00001482277378717  0.00001554213817413  0.00001624355566186
  0.00001696616661008  0.00001772512316039  0.00001856222548214  0.00001941674874086
  0.00002029178260167  0.00002108649986246  0.00002183188587447  0.00002249105127503
  0.00002317189400959  0.00002388265614347  0.00002460711857750  0.00002528208541838
  0.00002588472270538  0.00002658045731901  0.00002725904604120  0.00002792938905652
  0.00002871200908455  0.00002975966934236  0.00003092284981263  0.00003218135496920
  0.00003346034768670  0.00003479276987876  0.00003622703311700  0.00003760247089618
  0.00003903231289960  0.00004027007510617  0.00004141605608363  0.00004274632046717
  0.00004419948123903  0.00004576560040942  0.00004760293613319  0.00004959231765350
  0.00005145366741415  0.00005310664707925  0.00005480437721822  0.00005683020182735
  0.00005930540082287  0.00006196162999248  0.00006492868610012  0.00006818099497191
  0.00007190287565218  0.00007630500338012  0.00008256452727716  0.00008941754995666
  0.00009696514203781  0.00010570983766016  0.00011623164743772  0.00012668971600769
  0.00013843711258526  0.00015251339265103  0.00017555383596105  0.00019912398059534
  0.00022981663286580  0.00026517331087021  0.00031547273640553  0.00043186427867365
  0.00082360744168702  0.00223461709851784  0.03338519830743752  1.00000000000000000
  0.00000002692229500  0.00000637351751461  0.00000972717861333  0.00001214858636550
  0.00001428667366461  0.00001633079413795  0.00001802927188718  0.00001954971287074
  0.00002106898316581  0.00002255993944945  0.00002398240030867  0.00002529745847651
  0.00002657131455881  0.00002797623974529  0.00002938922419898  0.00003117794226319
  0.00003306965791681  0.00003505079456633  0.00003705086641341  0.00003907723982997
  0.00004083542099226  0.00004266328453238  0.00004449570031439  0.00004613939803147
  0.00004800153126316  0.00004986176163379  0.00005184511108733  0.00005395583208703
  0.00005606453737550  0.00005820739495016  0.00006040781933264  0.00006263942059229
  0.00006498252205644  0.00006718367257489  0.00006933861866187  0.00007149521721339
  0.00007422579348926  0.00007695331294137  0.00007947730325783  0.00008262199996766
  0.00008561156212883  0.00008830821905363  0.00009131133719469  0.00009458164414989
  0.00009756679226571  0.00010092660426622  0.00010492686073339  0.00010954618596179
  0.00011388190358839  0.00011770563445755  0.00012177095889983  0.00012537911166966
  0.00012889147324555  0.00013230845429776  0.00013632756422848  0.00014542253299643
  0.00015421434917787  0.00016371625835533  0.00017322048654550  0.00018262798531214
  0.00019143504751427  0.00020154344240525  0.00021273961953516  0.00022441744229610
  0.00023753705480708  0.00025330889829274  0.00027100152396876  0.00028773136642111
  0.00030204697092837  0.00031466560782753  0.00032805415025095  0.00034349020908595
  0.00035986221021488  0.00037647738359351  0.00039536219302059  0.00042390310967268
  0.00045172586821842  0.00048108551843295  0.00050989849702827  0.00054108958208286
  0.00057701099413295  0.00062652043277617  0.00068494417420316  0.00074447735161461
  0.00081038382264171  0.00089940374244750  0.00104874304431138  0.00125861347233601
  0.00149702017897753  0.00172134753888656  0.00194431096016367  0.00221696446199689
  0.00279856449856528  0.00435409295057724  0.10916529986996364  1.00000000000000000
 -0.00183305737583124  0.01176807076435551  0.02186665961294391  0.03034529218595453
  0.03870666189841064  0.04697664877801220  0.05438707243306660  0.06194823611512339
  0.07130612679010623  0.08059901844381893  0.09037438328998601  0.10147419882075673
  0.11447556829367955  0.12650088222910247  0.13770014502620939  0.14909221446060336
  0.16488867867896953  0.18080152805616437  0.19317785181127109  0.20505536923181872
  0.21508777156057957  0.22380834424093862  0.23526329465781895  0.24590307346077223
  0.25697182764483756  0.26589700360238833  0.27370334351590186  0.28227331691072377
  0.29142314222795296  0.30614692202698696  0.32054443233277014  0.33150706983665135
  0.34349605021302493  0.35698051547189319  0.36987990876439247  0.38314404315049033
  0.39486844364848345  0.40762611340308474  0.42138673493265533  0.43350236226898042
  0.44426767137869005  0.45447482341939566  0.46543767469801395  0.47523378777055758
  0.48390615963405109  0.49284007168993088  0.50430220626862399  0.51669407334489525
  0.52628144158927159  0.53434581239953438  0.54061516065484039  0.54705140400878594
  0.55514428337126742  0.56574271128376619  0.57774967690224088  0.59208310992715885
  0.60448528579553396  0.61396354175892132  0.62167956101564747  0.62859314916967934
  0.63417855466576312  0.64067797496355783  0.64966160147972107  0.66125304432094001
  0.67416491333871609  0.68629266977775993  0.69819499263877460  0.70968360050489077
  0.72110611442130623  0.73357630250961559  0.74607831751795850  0.75730650977633740
  0.76727595030357321  0.77649152658333087  0.78212264170546064  0.78834265066101450
  0.79492929329543971  0.80139929940956456  0.81225627671811318  0.82325713759214170
  0.83425550020160300  0.84423165641054976  0.85389276558540483  0.86471102200930727
  0.87739228840021899  0.89139752715684162  0.90406282236410196  0.91601742389161322
  0.92744577794101035  0.93670905723449849  0.94716084956402791  0.95730606354971159
  0.96676455375164749  0.97779528478090028  0.98891462663333374  1.00000000000000000
 -0.00239366941841540  0.01184539176813075  0.02241450798140649  0.03312274161445605
  0.04375619948275716  0.05368029292308466  0.06442795314122046  0.07714078946904797
  0.08857527728852851  0.09798459167399631  0.10793849928543563  0.11857215327120005
  0.12864471118218132  0.13919348575867035  0.15040962180654552  0.16307946081179087
  0.17693309932591103  0.18871895184466853  0.19912981376531855  0.21047792030384346
  0.22341883328392267  0.23383207940844727  0.24351065339572939  0.25212803755683283
  0.25944432456968586  0.26686294557469437  0.27469985707710554  0.28446812832894974
  0.29547700753706307  0.30557028783507811  0.31333766454954676  0.32019029354063155
  0.32829967128031134  0.33567457505910925  0.34494385311994574  0.35871474476064313
  0.37314643218327020  0.38410607529285407  0.39311604179734544  0.40248231091035624
  0.41355937013026212  0.42046656286273709  0.42676406158714097  0.43306293973587795
  0.43885974339148603  0.44622002131741872  0.45379527088385668  0.46133772872760576
  0.47010824973648613  0.47928808950999657  0.49002870077630628  0.49989640327680773
  0.51305033419806667  0.52979232950426636  0.54683610994340837  0.55937148875666864
  0.56901164577056873  0.57734551267462253  0.58626627116312324  0.59282481326754177
  0.59983583263779316  0.60802095382848809  0.61818255197106808  0.63045536247575407
  0.64325462868777072  0.65705511454689780  0.67042607625010509  0.68350850379201367
  0.69730454986697121  0.71031942668133929  0.72419531641155221  0.73606540819392652
  0.74585472637334016  0.75253172242218991  0.75861508002192191  0.76487747380120130
  0.77345439987495457  0.78516586283015277  0.79648621491202221  0.80833123454686362
  0.82117101795654945  0.83552612477274657  0.85074486966077911  0.86355402742026444
  0.87309178121376452  0.88170756658461003  0.89028966176516278  0.89897564296538113
  0.90909665569036813  0.92232719912671157  0.93605174236315014  0.95023945992770542
  0.96515878193185944  0.97906108497299960  0.99031368439544221  1.00000000000000000
 -0.00308824051829471  0.01228446341244745  0.02628680274250908  0.04159078354708882
  0.05168042543323673  0.06216468909582050  0.07274450714436953  0.08276792252047113
  0.09251419991399602  0.10346492733384260  0.11302396665151940  0.12304861436968570
  0.13274698356588774  0.14065126525089022  0.14842367332097672  0.15642246667787782
  0.16620185729989881  0.17718276690437010  0.18874531172068557  0.19885031857512470
  0.20610094818433125  0.21273962672471231  0.21908969025619193  0.22588775710325024
  0.23465267769190057  0.24702634422228259  0.25911240868113805  0.26857878708313365
  0.27747201822742157  0.28425005535531989  0.29163492325117368  0.29926949700833644
  0.30916805402990716  0.32323561918745075  0.33796471279632073  0.35272489963699677
  0.36485902573632367  0.37442270214712853  0.38436408274958916  0.39441262900215485
  0.40609512799870023  0.41759905744014519  0.42877293641274400  0.44043900796218272
  0.45294881215618132  0.46602698166307860  0.47839155301179337  0.48962984855413277
  0.49997735450936653  0.51033942130375431  0.52280511723609568  0.53849032129872354
  0.55469232865965634  0.56909670718173344  0.58157450149753076  0.59464382605428678
  0.60810584921448274  0.61882468318944506  0.62843860864987056  0.63762030509697143
  0.64556959743715714  0.65282814025035574  0.65942603053336879  0.66573934507328325
  0.67513002449114234  0.68638796741735053  0.69395972353967272  0.70033081456505442
  0.70700636269149419  0.71694261752111810  0.72900026087420433  0.74222531111967893
  0.75924845090811766  0.77572785786739540  0.78609801275103286  0.79368635306554514
  0.80081141672566525  0.80854049873283262  0.81700561622433121  0.82829624594557727
  0.84152518801771703  0.85256565614826418  0.86224644293677943  0.87232637886291231
  0.88330698708781819  0.89702538297373191  0.91331536289780224  0.92565863459101061
  0.93669002618741370  0.94727762501912038  0.95822331299849295  0.96888430277199888
  0.97943982047990330  0.98788885163833973  0.99436775785285658  1.00000000000000000
  0.00008752512147453  0.00012356121786046  0.00015572602907152  0.00018789084028258
  0.00021993698567819  0.00025188207621126  0.00028382716674432  0.00031577893800548
  0.00034784257798602  0.00037990621796655  0.00041196985794709  0.00044189514556996
  0.00047030668201636  0.00049871821846276  0.00052311817330752  0.00054483897463968
  0.00056706114043392  0.00059145862832698  0.00061593305948226  0.00064226883768711
  0.00066855922624597  0.00069398987937342  0.00071942053250086  0.00074816705319104
  0.00077659753715805  0.00080330885749162  0.00083013913327033  0.00085742325098225
  0.00088468614109545  0.00091189636664684  0.00094155192688759  0.00097552344808090
  0.00101251588762714  0.00105109413114170  0.00108800885668223  0.00112257122669650
  0.00115713359671078  0.00119109156542716  0.00122499140397309  0.00126277742110130
  0.00130743076064598  0.00135816784340532  0.00141714193337747  0.00149504134792781
  0.00157780984521959  0.00166342594401759  0.00175067541055517  0.00182349902352226
  0.00189383099988245  0.00197010645256610  0.00204863312800991  0.00212994197496145
  0.00223937060370159  0.00235217010886477  0.00245570255156135  0.00255236890761721
  0.00266077366823405  0.00277172820370757  0.00288076895431749  0.00300564624095333
  0.00310873654453189  0.00319921577427427  0.00328978304070416  0.00338509004619863
  0.00349531729104678  0.00361114981448738  0.00371979885775110  0.00379808378698560
  0.00387766690828000  0.00395889553319836  0.00404290534709700  0.00421748439944214
  0.00437967770204714  0.00458264950344441  0.00481904176481626  0.00504960784734052
  0.00529735447184615  0.00559749703411791  0.00594627137176332  0.00627949313275413
  0.00654444913284926  0.00684816837073549  0.00725402075527798  0.00773376970143996
  0.00811337243372237  0.00860308023197490  0.00925378810906076  0.01000326652166540
  0.01089348315010825  0.01366137692883718  0.01628042026647948  0.01851631542009840
  0.02205973881623449  0.02999289774931388  0.12928249752667584  1.00000000000000000
 -0.00545321126609866  0.03019710275963075  0.05235953637956401  0.06919901367431469
  0.08586375728401832  0.10444276450774768  0.12172982902878006  0.13941925786361026
  0.15588943003128625  0.16862164568425200  0.18020708820995951  0.19156054054855887
  0.20456345987086980  0.21867310375464083  0.22951619483192459  0.23826763866745948
  0.24639949893143515  0.25493258406006253  0.26458265150547172  0.27115921507486174
  0.27769485755818502  0.28423894110142323  0.29345623778970042  0.30412370857866322
  0.31465639849303267  0.32456421463389673  0.33367488304985160  0.34226683504016558
  0.35231863186207324  0.36358027007235127  0.37420308141399650  0.38290344649259367
  0.39104748863939193  0.39963203000492703  0.40800652615848426  0.41648392009725810
  0.42516164451269495  0.43377330389864643  0.44229588781443552  0.45021855836732194
  0.45748052467946987  0.46420368475788493  0.47078934603937422  0.47775394292599777
  0.48482552309540200  0.49165348243204693  0.49832897492116757  0.50557109174002501
  0.51322931726727927  0.52081563279716314  0.52832946267231318  0.53667744312159049
  0.54610865693017596  0.55470399209347354  0.56279633575576571  0.57002071041533575
  0.57542136447892644  0.58107590541376086  0.58674595148294617  0.59305231317589790
  0.60029747789800303  0.60782513152613471  0.61499500314956668  0.62144744358245818
  0.62871563294085253  0.63510312921125534  0.64353573133752340  0.65146461836339642
  0.65944436241963234  0.66827313395339072  0.67648562232434517  0.68346404029805163
  0.69076094771876917  0.69968365845296687  0.70916533821329486  0.71982177285151061
  0.73056584090702836  0.74284684446256244  0.75834798941711401  0.76904681499977556
  0.77936480215425985  0.78840754033650828  0.79960344439611719  0.81032502120306038
  0.82427687180553577  0.83830649383472478  0.85050138296518496  0.85804746986172498
  0.86771779637638757  0.87685062550005777  0.88877984554760292  0.90949307494444476
  0.94301888617807250  0.96894109363766057  0.98538850323938043  1.00000000000000000
  0.06835722240344674  0.21181925105169594  0.28727794974128829  0.33877923926799569
  0.38082502356259773  0.40499465463671347  0.42348240560685535  0.43684707390106442
  0.44761221566520309  0.45729567215224254  0.46597843340977058  0.47210725252123004
  0.47913556721535971  0.48526161339823581  0.49064587831243295  0.49584446471162769
  0.50027937398348366  0.50467765223711980  0.50903045828884363  0.51447628968196346
  0.51995324572825763  0.52547246815039572  0.53209746213691933  0.53838332819138368
  0.54368166848136579  0.54808334542845583  0.55225333440858693  0.55635054770288928
  0.56127714241045401  0.56676604526027630  0.57235778933380721  0.57781193858687752
  0.58416512819848776  0.59030556585780769  0.59523958596339210  0.60001814922868235
  0.60480709116483078  0.61032101619075596  0.61717051788036437  0.62337783848827999
  0.62987367009604489  0.63637979659415955  0.64240863044549401  0.64851751250635115
  0.65490013987584694  0.66155467031709081  0.66839757793963217  0.67594906524597076
  0.68327039105650245  0.68988887304207258  0.69603501348017893  0.70201236231859487
  0.70834810057227804  0.71465663503362364  0.72076732327503179  0.72735864703187325
  0.73563575698636263  0.74270425828475284  0.75001350398969524  0.75630663506345708
  0.76302970492296551  0.77015569155861974  0.77545211237197109  0.77952901222875370
  0.78322471449823616  0.78652823828525575  0.78983657669636609  0.79391834103663161
  0.80110395886159502  0.81063239407332111  0.82107074601168628  0.83139725563389189
  0.84074024864065522  0.84772583854648154  0.85345547873227101  0.85921081366741103
  0.86448040839380713  0.87049857226831429  0.87694540657965314  0.88332812939154637
  0.89123555231000851  0.89967593206701801  0.90884202430127992  0.91605644920690188
  0.92241339557761448  0.92845750130337323  0.93492151319534944  0.94195107693798896
  0.94918979821382454  0.95690635944420521  0.96425950704220365  0.97082957399377279
  0.97764128641324177  0.98454875420705712  0.99182351064740903  1.00000000000000000
 -0.01977477707617074  0.11178164032123838  0.14800321464261099  0.16440674544059963
  0.17423835893447190  0.18396710580579456  0.19552195044719256  0.20739606709270500
  0.21862661335714564  0.23070226204236952  0.24309577467517779  0.25366329553427702
  0.26192805581170386  0.26893586929791696  0.27443912446412322  0.28116271065897408
  0.28639480493689978  0.29131605570565416  0.29725620234227607  0.30270792337512142
  0.30837825901838439  0.31400521009190568  0.32044043537763472  0.32746623203665887
  0.33485907226141182  0.34255101255989112  0.35042905010293884  0.35854666782776318
  0.36697336361487215  0.37508137578536299  0.38272103066202340  0.38984287698635695
  0.39639712443997011  0.40309982009318390  0.40892138431294001  0.41442887200107320
  0.41914948669224661  0.42302659608920035  0.42716021842206686  0.43166997397335061
  0.43574854652429701  0.44046261418353644  0.44502119314683330  0.45004797276420316
  0.45541168693551098  0.46219380156149908  0.46974905958150859  0.47725447348949063
  0.48465464069207376  0.49166266119132201  0.49824313490384142  0.50416523219148435
  0.50914100178159083  0.51472737642033861  0.52004623877950984  0.52483917855003659
  0.52958405585888713  0.53436981607158518  0.53926912443776831  0.54479981542795397
  0.55090085897648966  0.55618599174638550  0.56057523940417875  0.56527083420501545
  0.57206242325469714  0.57944492570776562  0.58900671997226450  0.59711244942699715
  0.60425790285558145  0.61206724336658258  0.62020511585267657  0.62818166600264869
  0.63512792988149247  0.64001480331119320  0.64544138393343864  0.65149210711226935
  0.65756445121009788  0.66535323467255336  0.67749402968876660  0.68753807656623378
  0.69576441368009800  0.70335069616154200  0.71139364479440537  0.72054923224671374
  0.73075768176139699  0.74264341576569526  0.75628848937752013  0.76989840295936940
  0.78323333253156135  0.79372717638676815  0.80534715436392634  0.81867265344398921
  0.83521528701184167  0.85741618208942783  0.88697304469193650  1.00000000000000000
   8.8481162630462468E-010  -1.0000000000000000     
 F F F F F F F F F F F F F F F F F F F F F F F F F F F F F F F F F F F F F F F F F F F F F F F F F F F F F F F F F F F F F F F F F F F F F F F F F F F F F F F F F F F F F F F F F F F F F F F F F F F F F F F F F F F F F F F F F F F F F F F F F F F F F F F F
  <DiscreteSampler_grid>
  grouped_processes
  1 # 1 for a reference and 2 for a running grid.
  10 # Attribute 'min_bin_probing_points' of the grid.
  1 # Attribute 'grid_mode' of the grid. 1=='default',2=='initialization'
  0.0000000000000000 # Attribute 'small_contrib_threshold' of the grid.
  0.5000000000000000 # Attribute 'damping_power' of the grid.
 # binID   n_entries weight   weight_sqr   abs_weight
    25   10   1.029057019270402E+001   4.922077094944314E+002   1.029057019270402E+001
    26   10   1.029057019270404E+001   4.922077094944319E+002   1.029057019270404E+001
    28   10   1.927740159405542E+000   1.549798990850885E+001   1.927740159405542E+000
    29   10   1.927740159405543E+000   1.549798990850886E+001   1.927740159405543E+000
    31   10   1.927740159405543E+000   1.549798990850886E+001   1.927740159405543E+000
    32   10   1.927740159405542E+000   1.549798990850885E+001   1.927740159405542E+000
    34   10   2.987568420242126E+001   4.247606130968791E+003   2.987568420242126E+001
    35   10   2.987568420242129E+001   4.247606130968788E+003   2.987568420242129E+001
  </DiscreteSampler_grid>
