  0.00000055470750804  0.00000130064260336  0.00000213740616105  0.00000309456577615
  0.00000423763909047  0.00000543752529434  0.00000656565989756  0.00000766487292475
  0.00000875308005584  0.00000983503976684  0.00001096381173074  0.00001208780220998
  0.00001321320251428  0.00001430617620883  0.00001536092894757  0.00001634534526062
  0.00001722538931856  0.00001803500236018  0.00001880448778801  0.00001957003986864
  0.00002031395397880  0.00002101531404814  0.00002166002310590  0.00002225552256412
  0.00002283211901936  0.00002338774440258  0.00002391229190094  0.00002440450172788
  0.00002488065794987  0.00002534088309874  0.00002578192524939  0.00002619098823906
  0.00002657837631404  0.00002695189959189  0.00002730185010420  0.00002764256748033
  0.00002797771246277  0.00002830857090423  0.00002863176436927  0.00002901760016886
  0.00002949068808534  0.00003012881679382  0.00004815804334511  0.00004880655922119
  0.00004935743239857  0.00004978735570468  0.00005021967199346  0.00005065418838382
  0.00005112159013931  0.00005161987020134  0.00005214327068886  0.00005266725092781
  0.00005325571388005  0.00005384971906640  0.00005446256740938  0.00005514608078697
  0.00005585251815867  0.00005661354590315  0.00005740454036003  0.00005821600484201
  0.00005912510275984  0.00006005784860094  0.00006107171650599  0.00006213719756434
  0.00006324480330150  0.00006438954758379  0.00006557274620958  0.00006689218033070
  0.00006852068496125  0.00007040743132706  0.00007265964705962  0.00007498270348783
  0.00007737434084295  0.00007994151975682  0.00008282121416241  0.00008598532047168
  0.00008938933598775  0.00009293344627498  0.00009697846679557  0.00010210140581882
  0.00010759518597093  0.00011395986745653  0.00012162862441526  0.00013034920492074
  0.00014133096574018  0.00015520679257824  0.00017214590784869  0.00019380212374798
  0.00022258353460173  0.00026613578024762  0.00033744529155543  0.00045341319656196
  0.00068987804370585  0.00138238257113916  0.11134674516843510  1.00000000000000000
 -0.00002217411861058  0.00025088691646503  0.00067862634918548  0.00131741763991289
  0.00226286301735138  0.00339628092938843  0.00470319161481083  0.00625610518581980
  0.00789747170396216  0.00971707234108060  0.01174515311079672  0.01375042118055898
  0.01586595431361761  0.01816526098830010  0.02075286043348093  0.02371610956654537
  0.02636183310485471  0.02876360919590838  0.03143062744511815  0.03447753477747453
  0.03818616067266647  0.04253991112966791  0.04719130687386151  0.05219433466957342
  0.05714963823165756  0.06194082060313692  0.06679642403880118  0.07193590948293395
  0.07750005626416440  0.08314930053113331  0.08860763899606189  0.09399157531121610
  0.09954860642467658  0.10530309967408330  0.11118691536481212  0.11735784006305523
  0.12424515838752646  0.13108149479848116  0.13787709048806884  0.14465413299218016
  0.15137396484228244  0.15825593837962626  0.16442830334514763  0.16960881676639766
  0.17478695063805202  0.18012111656757440  0.18551932946088451  0.19100092173560804
  0.19655540725926388  0.20215829266635707  0.20817016321381707  0.21411861528334405
  0.21981548833155423  0.22630902155765883  0.23336668119233797  0.24059146308217622
  0.24785633993756437  0.25527752636374229  0.26342174730606444  0.27194087583791354
  0.28129666349952231  0.29110216200320260  0.30122053586889003  0.31128353326741842
  0.32144294377351856  0.33206015256279076  0.34335917873859073  0.35465006712169728
  0.36752299026245422  0.38038390757659180  0.39336653943843114  0.40678590567145623
  0.42156261976781534  0.43670348901029676  0.45207077866246637  0.46740728315502161
  0.48238994110813915  0.49785823686542041  0.51375420085470469  0.52977532540891970
  0.54720920256758210  0.56595478961373213  0.58599713543043319  0.60785879562761558
  0.63129854089011417  0.65549459204864502  0.68217208163364951  0.71042212440726948
  0.74249247636440407  0.77918723398638656  0.81471499022163307  0.84960576166267510
  0.88489968131010133  0.92249606302795573  0.96020044184078146  1.00000000000000000
 -0.00207118642448418  0.00874881266063374  0.01786846123230140  0.02789364176839537
  0.03806749741488371  0.04792132880888022  0.05855626015618449  0.07002235848020172
  0.08410263092473758  0.09611515987157761  0.10721493747694880  0.11793019494251863
  0.12825164735703040  0.13788423620783763  0.14868895621068146  0.16059340238479786
  0.17265296205739625  0.18401347429240214  0.19524523448162731  0.20643625843430763
  0.21613765036326368  0.22495309576115843  0.23391502621548430  0.24387666163269758
  0.25461212696113200  0.26480488310799433  0.27468210391566605  0.28564615302850305
  0.29678816474971220  0.30834878949082828  0.32003429220773860  0.33154462343039010
  0.34137177753904224  0.35102134075896418  0.36040002106654123  0.36939240863659828
  0.37780328952195824  0.38565999650130883  0.39391687560284927  0.40245825063843077
  0.41177121981015113  0.42164115479977987  0.43142770715309459  0.44162961116584482
  0.45252796764129966  0.46328618558156387  0.47443655514259131  0.48606520619754934
  0.49777110207058406  0.50982819134573032  0.52178605457491478  0.53393164101362567
  0.54589846931655894  0.55755704365511372  0.56807149362895781  0.57787809389092859
  0.58816687418097102  0.59912526049931980  0.61021064912407852  0.62130655543531588
  0.63232184795199031  0.64318969825556160  0.65457861073515800  0.66587196277300553
  0.67759456794047346  0.68915854716311453  0.70090623263708129  0.71310481487082578
  0.72546225262525244  0.73886111274587485  0.75331199267646964  0.76664969226372748
  0.77781398453228867  0.78745744719894983  0.79703993798594264  0.80661330443696455
  0.81575308653165823  0.82483749476425805  0.83435147243650276  0.84388854534463920
  0.85353973350246470  0.86254466484186199  0.87132721904500232  0.88171862351377583
  0.89314461210990592  0.90398461772110494  0.91402234548356243  0.92391266524834736
  0.93395644201509331  0.94379022145063030  0.95349259743433434  0.96330332086589776
  0.97268129799435366  0.98159835331573830  0.99038853738968446  1.00000000000000000
 -0.00131582429491107  0.00988411617511084  0.01889626232519610  0.02833705850286683
  0.03816526595118330  0.04839671579677126  0.05857793188212729  0.06978485184852556
  0.08314833284846176  0.10014605555064995  0.11707295318690407  0.13204920398261405
  0.14681314763546185  0.16074466732999648  0.17376790267571823  0.18565677419286414
  0.19623833945745836  0.20631700214135626  0.21623034264058510  0.22569677089992066
  0.23537107882981353  0.24459883640913974  0.25415005834244975  0.26386620471674316
  0.27379085633749373  0.28385982618944566  0.29415798966928280  0.30492179308657408
  0.31587066767850869  0.32637235207615162  0.33678130999937078  0.34653038872817460
  0.35649776380784926  0.36651572478255923  0.37658806372393194  0.38626356597716038
  0.39652312445010551  0.40691699319374847  0.41709565319920328  0.42622071150612351
  0.43533862624587977  0.44599245542759341  0.45718453033432871  0.46629240657219240
  0.47508297867571664  0.48451509044917335  0.49499049518409716  0.50470469513333072
  0.51299165969531690  0.52102235603922131  0.52927459319895431  0.53758843146425472
  0.54635421331613199  0.55582929760409672  0.56602473134060027  0.57765581332161420
  0.59085638393437467  0.60373162545341041  0.61505726570327079  0.62615977672854728
  0.63775549437176682  0.64885492939338940  0.65881422959345104  0.66895782555308048
  0.67996959725763995  0.69126189364043011  0.70185171329141227  0.71279874289582712
  0.72332034499127862  0.73478849162351367  0.74666077958233756  0.75873339740750478
  0.77071480599076458  0.78175471021160625  0.79151359487652717  0.80062345943743607
  0.81019056875130901  0.82091762634879484  0.83220428337382235  0.84304591919698668
  0.85373618167447984  0.86350225378033263  0.87365801295303436  0.88381578151322138
  0.89354393596877701  0.90157014428882620  0.90918992499448492  0.91723646955079630
  0.92585724121225510  0.93419839130913840  0.94252692579951836  0.95113493197149246
  0.96068142421516223  0.97169870367813493  0.98439963369906669  1.00000000000000000
 -0.00394919247066336  0.01178788205272094  0.02471060818491858  0.03712335058065867
  0.04979887271463448  0.06230528482001219  0.07432273365071208  0.08628601002564151
  0.09910902211498757  0.11189882153184280  0.12341790148945631  0.13363231917580756
  0.14327552571343780  0.15348185565905484  0.16381110272170812  0.17409042310910208
  0.18451486272116344  0.19617553093392132  0.20866666242420054  0.22004744013924668
  0.23077014977740229  0.24197877423951653  0.25288401658931681  0.26244787285455995
  0.27208211638617130  0.28153590734306772  0.29164120903290586  0.30166897803687415
  0.31181278236725118  0.32177894372470989  0.33139405522374699  0.34114374264366826
  0.35091344081551612  0.36052071797003016  0.37012548039898696  0.37988077844875301
  0.38963922121253747  0.39894084261814766  0.40822103237896595  0.41773490826726567
  0.42728375528066426  0.43665920397327990  0.44638745166845545  0.45642875724034093
  0.46579258513699978  0.47483685302973971  0.48424238162363564  0.49397051123776464
  0.50246386058196479  0.51011729111852278  0.51815114318371547  0.52627997376089886
  0.53525906300701209  0.54430411720670335  0.55269658853199088  0.56099060733920370
  0.57104608262622403  0.58220029369731807  0.59331110776989116  0.60427552548296692
  0.61522767956245428  0.62624055273467505  0.63741170289573623  0.64906071061745285
  0.66063136461536942  0.67235459692817301  0.68438903552938946  0.69582955810748437
  0.70769149928806607  0.72026451621338861  0.73194193755311054  0.74179262325114226
  0.75169400745515014  0.76275938473381244  0.77384849403377376  0.78374760554591838
  0.79360996453123467  0.80368055831542884  0.81352527888897141  0.82306884277284209
  0.83313902874756807  0.84426617975481433  0.85596642908128229  0.86802527092263015
  0.87985999111147950  0.89125105795956239  0.90296696230568163  0.91473161032477091
  0.92680557930402807  0.93946690411285882  0.95100680585297048  0.96222544774993268
  0.97244014716106719  0.98202135173439842  0.99077795125455681  1.00000000000000000
  0.07669824180087775  0.15549137584491921  0.18893599611848694  0.21856944694388555
  0.24062433971017352  0.25883392640104064  0.27446462913659225  0.28663789441347637
  0.29793146693466804  0.30911537098005681  0.32064342192391776  0.33096312272944622
  0.34125215102599515  0.35242330423111318  0.36482813497621819  0.37793562900261318
  0.38900365208577431  0.39975605073090675  0.41070263532211715  0.42084313118651973
  0.42949520948540365  0.43783579407031642  0.44646610944162479  0.45503356809089374
  0.46282421335644808  0.46996991006757399  0.47715828094424972  0.48448340229820747
  0.49189749224719509  0.49903330869341206  0.50576627721822487  0.51193778036799875
  0.51819876733330139  0.52444021424053888  0.53085559078278122  0.53733232196956804
  0.54376717542966069  0.55004611373372814  0.55621735065632250  0.56248043978353401
  0.56880388433486029  0.57523041262263419  0.58121172127734022  0.58762743979158405
  0.59418171052033486  0.60078184712626326  0.60689980862459181  0.61260221371194667
  0.61835779390797774  0.62435698086258662  0.63048931130463071  0.63648754734280499
  0.64214188336600220  0.64783630996484398  0.65392362591258602  0.66036573203989024
  0.66702484930541706  0.67360446659330331  0.68009469606376138  0.68651304596050966
  0.69304694600007155  0.69958225571247412  0.70600238709547070  0.71258938829204865
  0.71906431087705647  0.72577720666985290  0.73255508567183680  0.73937728548979154
  0.74608101708383534  0.75268420606368469  0.75947665991545721  0.76654088440753088
  0.77369284341863542  0.78077078969566716  0.78773485660740805  0.79484258290758869
  0.80208542528360838  0.80966063574922453  0.81722052935349598  0.82471354721062484
  0.83204852642372717  0.83957370883848736  0.84757751678091686  0.85602684452628308
  0.86519230174016015  0.87463245890640196  0.88437661299721126  0.89397227787238753
  0.90362520606082697  0.91323249609113899  0.92286446196883620  0.93298392870092628
  0.94477893744187746  0.95888440511013240  0.97576640359875833  1.00000000000000000
 -0.02169476647930558  0.13410168319458468  0.18755440136230433  0.21797961536923630
  0.24310483298858052  0.26565579277782753  0.28425988288794374  0.30278884509415915
  0.32010311120668666  0.33658596533802959  0.35172832562336315  0.36494094600397803
  0.37689585698296568  0.38858475102366208  0.39988489198068411  0.41062156438582637
  0.42094341981159206  0.43139394928958569  0.44237566401713097  0.45319575498551262
  0.46322531462731470  0.47246372501242884  0.48168304281866009  0.49138049833810260
  0.50097208079280708  0.51043130174897566  0.51959743944613801  0.52757582231606726
  0.53547961088015239  0.54342121790449649  0.55112717456510807  0.55958490739580780
  0.56605237331362845  0.57165298900425410  0.57754634524737480  0.58302603513766615
  0.58803851655911177  0.59300580354388277  0.59831691774748408  0.60366633248920532
  0.60918654839124931  0.61430987064840670  0.61936464797417590  0.62438079834593807
  0.63089048406664983  0.63789981261179352  0.64514679479209114  0.65276583877772887
  0.66042670405530723  0.66770901018021156  0.67446986830959710  0.68095969036347204
  0.68722398192917455  0.69316309416801680  0.69884150292152036  0.70478427012028511
  0.71043391087941921  0.71590985861127732  0.72142803737854277  0.72692204509152536
  0.73187101466152804  0.73622038843736604  0.74072069634445747  0.74520470092831870
  0.74960246865349467  0.75404312647557170  0.75856365172098361  0.76325494503972779
  0.76763013742835140  0.77212782084326625  0.77648263975317100  0.78098104067911855
  0.78552949695070351  0.79019709268817362  0.79542972996833694  0.80118492068847502
  0.80697570534438978  0.81292261877810157  0.81878886304171472  0.82411762534424626
  0.82956400323866086  0.83538154969136746  0.84161566962239009  0.84826075708186122
  0.85497453087079789  0.86109478225692104  0.86735840827999389  0.87406976165754335
  0.88092491842376519  0.88825328615176069  0.89569417927958150  0.90402603856489694
  0.91305164958907903  0.92528264616851519  0.94704079865679824  1.00000000000000000
   1.8742764498735270E-007  -1.0000000000000000     
 F F F F F F F F F F F F F F F F F F F F F F F F F F F F F F F F
  <DiscreteSampler_grid>
  grouped_processes
  1 # 1 for a reference and 2 for a running grid.
  10 # Attribute 'min_bin_probing_points' of the grid.
  1 # Attribute 'grid_mode' of the grid. 1=='default',2=='initialization'
  0.0000000000000000 # Attribute 'small_contrib_threshold' of the grid.
  0.5000000000000000 # Attribute 'damping_power' of the grid.
 # binID   n_entries weight   weight_sqr   abs_weight
    67   10   7.235767098102892E+000   8.793427823896226E+001   7.235767098102892E+000
    68   10   7.235767098102888E+000   8.793427823896209E+001   7.235767098102888E+000
    70   10   1.354044053973909E+002   3.079318654982914E+004   1.354044053973909E+002
    71   10   1.354044053973908E+002   3.079318654982909E+004   1.354044053973908E+002
    73   10   3.866663373642140E-001   2.511087079894995E-001   3.866663373642140E-001
    74   10   3.866663373642138E-001   2.511087079894992E-001   3.866663373642138E-001
    76   10   7.235767098102892E+000   8.793427823896226E+001   7.235767098102892E+000
    77   10   7.235767098102886E+000   8.793427823896209E+001   7.235767098102886E+000
  </DiscreteSampler_grid>
