 -0.00317958092537716  0.01172402086223096  0.02441920837932844  0.03767600179888237
  0.05039496323992302  0.06225254123208259  0.07347442869382759  0.08459893857885056
  0.09528272953654066  0.10566092923029007  0.11579311499032079  0.12586170003691835
  0.13613307414584855  0.14677921135126248  0.15728793504893057  0.16772157321761991
  0.17747496184169767  0.18666923607832026  0.19537682214178281  0.20393974602804077
  0.21302029511804760  0.22213331070823114  0.23113575251639099  0.24091921175355438
  0.25071075646857477  0.26139765593908409  0.27184029829306472  0.28276701926188441
  0.29349524360242968  0.30471031267355964  0.31568779800217128  0.32744734322736729
  0.33783120040815923  0.34782933562340290  0.35798594443944032  0.36835908916089433
  0.37879241313749473  0.38841850312548482  0.39810478920930231  0.40789604678208630
  0.41783970819713762  0.42796752269421440  0.43863269477577560  0.45008002092547283
  0.46119809954117547  0.47154742317813680  0.48186350963266822  0.49191417614748656
  0.50250184048163482  0.51336981043600227  0.52506958340437659  0.53735476920817660
  0.54940044587461911  0.56133867378687952  0.57327320430412465  0.58479655382772744
  0.59555537612738196  0.60526560727954493  0.61400437070981928  0.62302935359626854
  0.63263339873036195  0.64233310750216854  0.65227384892459717  0.66291540674740301
  0.67434932305735484  0.68598534121215626  0.69699821231507908  0.70727039379538958
  0.71621658729652993  0.72487618262518427  0.73412534861830669  0.74398571028080274
  0.75391652861998038  0.76345115964129129  0.77316189363214283  0.78343318372152049
  0.79376889857564614  0.80392231422588523  0.81429352337802041  0.82519816731969819
  0.83587192925045750  0.84640925378409693  0.85647244210684215  0.86690276989729875
  0.87784843550905378  0.88986139978373124  0.90188354173968877  0.91355463911136336
  0.92463761854230608  0.93580392957874547  0.94763502614967743  0.95884278862293748
  0.96980300547200970  0.98054064492986193  0.99041911965620255  1.00000000000000000
 -0.00000005313059895  0.00001063009937876  0.00001471075376402  0.00001819232444384
  0.00002129061944052  0.00002424910168713  0.00002713801255633  0.00002992823306402
  0.00003266834889257  0.00003536877542712  0.00003815805321818  0.00004100382732468
  0.00004375603857824  0.00004637707381308  0.00004899513848801  0.00005170275437007
  0.00005449766916317  0.00005739321128091  0.00006041821876196  0.00006364159189836
  0.00006707055519387  0.00007058082882350  0.00007418756771314  0.00007778721279677
  0.00008146796732696  0.00008516517232990  0.00008908804546951  0.00009302227255170
  0.00009716971174021  0.00010152985237926  0.00010607910381318  0.00011099524818286
  0.00011612142420834  0.00012122098869352  0.00012639993690571  0.00013174437386962
  0.00013725654489834  0.00014304148962382  0.00014879374409413  0.00015451371437015
  0.00016024627335874  0.00016647518938668  0.00017310057635285  0.00017996184818010
  0.00018692010584336  0.00019440205144160  0.00020213169387870  0.00021091505221093
  0.00022042284132742  0.00022985598999603  0.00023932412064675  0.00024893577440767
  0.00025872182883783  0.00026843422520373  0.00027839131954655  0.00028976726711471
  0.00030099845629634  0.00031396723625388  0.00032705206702131  0.00033992256099122
  0.00035401585261286  0.00036802197518899  0.00038424377700119  0.00040002503641076
  0.00041592128539643  0.00043271405139949  0.00045043654355015  0.00046895064798593
  0.00048945443301643  0.00051081248674337  0.00053376576864342  0.00055900381559199
  0.00058555490352552  0.00061313696064324  0.00064219182995767  0.00067220430089591
  0.00070444283467922  0.00074591214328600  0.00079012815316011  0.00083053117545224
  0.00086799481197338  0.00090364771876710  0.00094375991550481  0.00099121651067409
  0.00104059727999764  0.00108834435741770  0.00114153877536284  0.00120138421003622
  0.00128280769249972  0.00139414627119399  0.00155475027863023  0.00182315214714213
  0.00233798691141222  0.00311369396187713  0.01837857574670651  1.00000000000000000
 -0.00155136625205634  0.00804013167858301  0.01569693870376485  0.02334656524889944
  0.03100562030931660  0.03895694090962055  0.04735726798846407  0.05555414956275890
  0.06345344795457085  0.07196259386614219  0.08022135685327590  0.08989865527757153
  0.09921025871208689  0.10803624573679921  0.11625673993779274  0.12393832166673865
  0.13196958990208249  0.14081227104216271  0.15017388433374099  0.15991928034845310
  0.17004473900075620  0.18051384701433032  0.19116314661070219  0.20225190150076686
  0.21414532863260746  0.22588741508020491  0.23688290642040147  0.24759788817537798
  0.25861336994205758  0.26978868232931424  0.28046335792822291  0.29103283870331353
  0.30176740558992787  0.31269195404757666  0.32325466046687357  0.33391107811381410
  0.34450835338617797  0.35478944008254654  0.36462272676859414  0.37457252577548039
  0.38492052780428854  0.39524390279449156  0.40511277756050396  0.41477190928905577
  0.42479205130812325  0.43490826093344581  0.44467417943262133  0.45429750804670532
  0.46416586223497575  0.47492969369729132  0.48581616294687041  0.49646482363357858
  0.50693737955612683  0.51769171468529729  0.52845333637711789  0.53937533665596504
  0.55023032731160104  0.56150182574955221  0.57317116782466160  0.58492250062091211
  0.59587973315283005  0.60613732798027231  0.61631777661649123  0.62698731051211154
  0.63797760343531418  0.64934167428446898  0.66084391826965971  0.67251964837139588
  0.68439688286930322  0.69634969506817301  0.70870460471535213  0.72104733922065722
  0.73302666515893566  0.74485455187650285  0.75717342711016045  0.76951577454143549
  0.78161723389171600  0.79437430996107794  0.80741785492366924  0.81999638953322607
  0.83152097873471043  0.84425289464397213  0.85694554387206545  0.87003961520674988
  0.88355874061424355  0.89658886135038562  0.90777075635035231  0.91873485231764251
  0.92951951219086537  0.94038876375279390  0.95055919166962310  0.96035765871690093
  0.96997519344820093  0.97940792721823511  0.98897862373474077  1.00000000000000000
 -0.00295003848754853  0.01245235092817084  0.02467994185648997  0.03669550641059022
  0.04841656036799340  0.05988402056506680  0.07144426958974734  0.08284202629647958
  0.09429517019577481  0.10578376340384653  0.11686407424891858  0.12761892790010526
  0.13863474820727714  0.15013827862596352  0.16137754328775955  0.17214968224163074
  0.18273710149893055  0.19323400255038814  0.20350691451984937  0.21351856927049268
  0.22348663682995706  0.23391945753218710  0.24513451719466481  0.25638330857338476
  0.26709115368686781  0.27755961923095801  0.28816625568884036  0.29914731426935776
  0.30936817194963823  0.31917838409072224  0.32881806370870459  0.33849996354807804
  0.34857954402985469  0.35864841781370527  0.36847895104530615  0.37822601124449418
  0.38878531844714148  0.39969146575954889  0.40987282612381348  0.41952508843646269
  0.42939776184855710  0.43961531854869740  0.45032083548449492  0.46078483174441653
  0.46995475574946521  0.47883146264913257  0.48786778915112144  0.49756239122299528
  0.50764172477481950  0.51734356717486640  0.52854003167163710  0.53970930594564392
  0.55051308665161724  0.56098001010185250  0.57165322608678226  0.58173974202548751
  0.59141869414403769  0.60092523107643092  0.61108589606826547  0.62101193717956182
  0.63024699161754449  0.63935383676127600  0.64852761666986869  0.65871183558621282
  0.66956286029285217  0.67971664452375913  0.69033822380943743  0.70009201320531356
  0.71066708682707103  0.72057590759975643  0.73133368780121422  0.74160420061662047
  0.75208593885296826  0.76254232008269140  0.77389063110640277  0.78517305493041056
  0.79630253976813403  0.80714447947594992  0.81877255007616379  0.83031259444159544
  0.84082583125847821  0.85120086619226853  0.86202627019517475  0.87355379953629453
  0.88414551080668935  0.89383500946776517  0.90342091528452795  0.91362092122850103
  0.92395630262571715  0.93438425517796964  0.94538279426731575  0.95668026799502814
  0.96748092315794232  0.97817530129220276  0.98895097922293729  1.00000000000000000
 -0.00230390940451972  0.01020474062654772  0.02160626870999573  0.03341268950068600
  0.04536667897796251  0.05606235867423943  0.06678160112134260  0.07722283300109838
  0.08748341359648805  0.09733886152502146  0.10732703561543824  0.11707370361410614
  0.12630272948307938  0.13523799658314425  0.14446315045826258  0.15398028330038430
  0.16345802164918008  0.17317277628107378  0.18353805593309627  0.19460941570967150
  0.20549206339877693  0.21666580021138906  0.22801339445038907  0.23963461913140807
  0.25089318039185948  0.26239225573963731  0.27411063312107581  0.28475804418865808
  0.29451808970720211  0.30423529167392910  0.31413540903435772  0.32489574573293201
  0.33581508045582220  0.34612785437276050  0.35625351128547461  0.36680605437076536
  0.37750192807294519  0.38781318541527754  0.39794648881099376  0.40884513507386838
  0.41996140148752226  0.43084721382502716  0.44167008673071234  0.45255551442396857
  0.46417217672446587  0.47628066596587970  0.48853983671060386  0.50080002355777120
  0.51226673315857096  0.52316181042489518  0.53362175724667071  0.54362539596198878
  0.55307052275731750  0.56256072331823981  0.57244808459069840  0.58264153495672177
  0.59301663261208604  0.60324386306003097  0.61310132204761036  0.62270321078190516
  0.63242873765744645  0.64248880468555203  0.65253383817747024  0.66193420965044947
  0.67169725942394587  0.68193526258560400  0.69188688679659427  0.70161631634851918
  0.71127858874477279  0.72101043927657948  0.73102249087541538  0.74193610193658799
  0.75315632185575143  0.76451350710950972  0.77610297137219830  0.78800945008835743
  0.79933053341341309  0.80968604439947134  0.81974144910060087  0.82987516430853603
  0.84026405803512860  0.85102440934175738  0.86172092532886901  0.87262962443879366
  0.88331907422966205  0.89365725369263860  0.90317895317078734  0.91280143029662364
  0.92324138941430434  0.93400080101774685  0.94461217895789207  0.95481989754608732
  0.96541560785306246  0.97645626662599017  0.98802861932193886  1.00000000000000000
 -0.01006098324611816  0.07248450144212341  0.12302764509057657  0.15525558724892710
  0.17394694872527289  0.18740367427684004  0.19948224607594461  0.21069819496424361
  0.22060480976825642  0.22990462631864766  0.23912196882885808  0.24803867126324053
  0.25662087015489382  0.26475974781821726  0.27278371053121270  0.28058757892484221
  0.28801730890685118  0.29530923656414937  0.30246069221894367  0.30972279201807207
  0.31685061224277872  0.32399446166857898  0.33147902781368410  0.33875313115267952
  0.34607375936524504  0.35324547147267671  0.36021716175741270  0.36694956949513957
  0.37370055030451699  0.38033418574884237  0.38683547206403768  0.39335769779462826
  0.40023754105617754  0.40754847953520951  0.41506756786567844  0.42307534759863019
  0.43132823179764090  0.43955560961814927  0.44739785266074311  0.45498643898013186
  0.46218720480443265  0.46909175599209968  0.47624249330317603  0.48319155333535269
  0.48997842663228403  0.49667060484790493  0.50347108575528221  0.50995350177701404
  0.51612016967620211  0.52249553456914055  0.52928844755674098  0.53645788144462636
  0.54402744723356788  0.55189574575875522  0.55993915897636892  0.56787707848729752
  0.57563798747175576  0.58336724653582073  0.59116213594835076  0.59935526644318360
  0.60772147284720335  0.61577919660949665  0.62383840551199066  0.63190466650254906
  0.64023016378696973  0.64846207096276787  0.65692064491957103  0.66573850111963839
  0.67452480643069912  0.68270953154318437  0.69074212297820115  0.69887024000591236
  0.70813081539071321  0.71744161986537502  0.72632794969516834  0.73517671160375653
  0.74404217625236591  0.75282101728411377  0.76168814586311873  0.77071500524049863
  0.78000751354507869  0.78939394880729741  0.79876277003500351  0.80851904439203448
  0.81829599269084019  0.82814969869221622  0.83738140282936413  0.84669309131200243
  0.85645986048601197  0.86728787008991626  0.87928959659901462  0.89172387035345291
  0.90649489217781354  0.92454729035740868  0.94897845608692688  1.00000000000000000
 -0.01668972364835690  0.10774820621219230  0.14401691730728913  0.16625431497057144
  0.18325286728895679  0.19769437296379822  0.21048292992949016  0.22217672942911618
  0.23316178353043218  0.24411846888481864  0.25403764706794812  0.26311061024480897
  0.27164814936995479  0.27996572429545907  0.28799731858402344  0.29581212407123775
  0.30331561645805843  0.31107451689048365  0.31906068422715672  0.32710071568068061
  0.33459560166131541  0.34164353176588247  0.34883222104799738  0.35594432483046673
  0.36268721846355689  0.36909630447767017  0.37520049552630080  0.38100629336129493
  0.38674195084788299  0.39249479878881022  0.39845130132343604  0.40423233158716743
  0.41032416959142082  0.41603384752217670  0.42206853236411190  0.42766764674197139
  0.43336003218492319  0.43885151262233046  0.44449589245577770  0.45016801073215712
  0.45533219233683336  0.46035698137537134  0.46542341680289168  0.47065085856328209
  0.47604205382136267  0.48135992420851653  0.48667382189009450  0.49202551493344304
  0.49735616051687603  0.50274495865190594  0.50824976627688179  0.51400975644872704
  0.51994476365051845  0.52590380401637038  0.53174377559419006  0.53748880785166397
  0.54325297330720701  0.54868225424538875  0.55439157309129683  0.55981204750391478
  0.56546043616239805  0.57108320949044944  0.57697259777845311  0.58316382997713490
  0.58934452282447480  0.59541727941267231  0.60130781389943444  0.60726903852045677
  0.61348997953595408  0.62005982113128610  0.62683330441254925  0.63340696915895467
  0.63979838180182691  0.64617494840474776  0.65291963687047760  0.65984804583622225
  0.66709768590012686  0.67442658002519273  0.68183971223489659  0.68909855488945448
  0.69648363280362358  0.70430623357516653  0.71246816031208293  0.72132472584004315
  0.73004274214216891  0.73904843742508508  0.74890203521011334  0.76037879758076843
  0.77285951388928031  0.78560084185168666  0.79985291270644154  0.81637753511715316
  0.83524216610798441  0.85743089799423777  0.89221718961201546  1.00000000000000000
   2.4614585024455663E-008  -1.0000000000000000     
 F F F F F F F F F F F F F F F F F F F F F F F F F F F F F F F F
  <DiscreteSampler_grid>
  grouped_processes
  1 # 1 for a reference and 2 for a running grid.
  10 # Attribute 'min_bin_probing_points' of the grid.
  1 # Attribute 'grid_mode' of the grid. 1=='default',2=='initialization'
  0.0000000000000000 # Attribute 'small_contrib_threshold' of the grid.
  0.5000000000000000 # Attribute 'damping_power' of the grid.
 # binID   n_entries weight   weight_sqr   abs_weight
    22   10   1.424329731325537E+003   5.048971680022310E+006   1.424329731325537E+003
    23   10   1.424329731325538E+003   5.048971680022319E+006   1.424329731325538E+003
    25   10   1.436210115294141E+003   5.130944980191112E+006   1.436210115294141E+003
    26   10   1.436210115294142E+003   5.130944980191118E+006   1.436210115294142E+003
    28   10   2.764700049719293E+003   1.376883004789953E+007   2.764700049719293E+003
    29   10   2.764700049719292E+003   1.376883004789952E+007   2.764700049719292E+003
  </DiscreteSampler_grid>
