  0.02409860170298563  0.03421453634114285  0.04654708385386604  0.05872599290020409
  0.07064644526707475  0.08200915154373149  0.09283759982710682  0.10353672346715606
  0.11395956277855537  0.12420450209118816  0.13395539044314719  0.14378568079494095
  0.15412207963834718  0.16481540903783512  0.17543402919957810  0.18569787615779379
  0.19565161957751045  0.20528423474532528  0.21480500764579960  0.22450727595677961
  0.23439808130615969  0.24450647209508164  0.25451198974893757  0.26505208541199199
  0.27526541992477843  0.28506039448284115  0.29476247348960910  0.30412186695953508
  0.31344660746728953  0.32315461405523466  0.33282393505138697  0.34267810960862172
  0.35267755515543248  0.36268799967324344  0.37262966069880271  0.38240530179307125
  0.39196358531072423  0.40159911409322874  0.41143023254834593  0.42156910888985849
  0.43166877838928525  0.44136209863318998  0.45094703171782557  0.46072813309108235
  0.47075333432318711  0.48103032997353817  0.49114337721850193  0.50172148535848959
  0.51280888271032476  0.52396197280224865  0.53453121994043562  0.54456872148549029
  0.55481541948595003  0.56536735711739150  0.57567428846675639  0.58606983066303653
  0.59624666992102848  0.60633285264894377  0.61652388274705439  0.62724014559990859
  0.63839515861870366  0.64984208193136650  0.66093868320512594  0.67143017909240088
  0.68134338500360847  0.69101265247332855  0.70077152076212568  0.71034679317017380
  0.71978235584706174  0.72946496952242323  0.73958994247504972  0.74946580024404352
  0.75861818322599439  0.76763896434673784  0.77673646023720888  0.78583976212916151
  0.79504645969714882  0.80464693185058200  0.81443333287069941  0.82473438795503162
  0.83464421989168636  0.84459341893392803  0.85471349813246389  0.86494131642809635
  0.87531512673571832  0.88529060976441221  0.89598001184654052  0.90677254241434668
  0.91786241300214666  0.92856540050375669  0.93852057464331440  0.94801917786815182
  0.95731986246021450  0.96612893375427544  0.97059038292866762  1.00000000000000000
 -0.00003275786557317  0.00031806324630023  0.00075638866379015  0.00139059829633247
  0.00220246858676161  0.00323971972772910  0.00447127950705968  0.00582832001566975
  0.00730874393165630  0.00896259397749612  0.01082728119673111  0.01277756827047728
  0.01487675443474460  0.01722940209181830  0.01963611375919919  0.02210741738109955
  0.02462090544849295  0.02717290446617638  0.02981736899829293  0.03250913319714753
  0.03546536820849265  0.03865569048529747  0.04205620256847110  0.04558977979686361
  0.04940193138454953  0.05328862425671543  0.05706026176076059  0.06067365416589530
  0.06446670413125133  0.06839719592032592  0.07253185927898714  0.07685352817373513
  0.08127743097734344  0.08593122433848936  0.09068687069181612  0.09561564023965451
  0.10066245199602797  0.10582014939193987  0.11109451654977905  0.11658428511160052
  0.12233317896565035  0.12805114439108192  0.13382501260515300  0.13964305835070676
  0.14562293042980792  0.15171239416415461  0.15787393180997933  0.16405834676814623
  0.17032729218432430  0.17702468655280351  0.18421542894366538  0.19141318071126268
  0.19868701712108514  0.20600139229973016  0.21341628185776562  0.22102398493908837
  0.22878434270854231  0.23666165852118737  0.24464819922233069  0.25271942433333927
  0.26082554855335816  0.26955709235561748  0.27813768446588627  0.28709502061809788
  0.29652408579596368  0.30642803020618697  0.31685911635375119  0.32793721862130565
  0.33932240362479127  0.35103746085711957  0.36291301308590423  0.37503252804677334
  0.38740546869652143  0.39982973629246821  0.41194822962737038  0.42565809415080841
  0.43957627069521021  0.45350346583515760  0.46793975804573684  0.48309207669740378
  0.49847556870699961  0.51472304469021002  0.53233681481975670  0.55067154950539388
  0.57153176414177198  0.59466133605362492  0.61987306902555661  0.64700552584845217
  0.67693232172740392  0.71170692718248885  0.74894907175648961  0.79071552588470495
  0.83814339846673303  0.88960034864127535  0.94488632330540745  1.00000000000000000
 -0.00211475658910626  0.00999844482973397  0.01956606613598077  0.02963627430931425
  0.03929358253614665  0.05013081345742131  0.06078271517729381  0.07203246672770318
  0.08308715549041477  0.09397090869466808  0.10505843883186192  0.11597809179288156
  0.12645586688612209  0.13647570910373355  0.14675345607688595  0.15751931385461113
  0.16782661826417938  0.17810042297723933  0.18859354979137061  0.19928640445701723
  0.21006523893867923  0.22017544368385622  0.23022695065246243  0.23942782106303265
  0.24825471069639002  0.25762981061633500  0.26754669573687440  0.27813405672361979
  0.28922739266370956  0.29945689705312983  0.30934084486758695  0.31894368572834386
  0.32883139984311699  0.33894369366406546  0.34912143603218815  0.35934973566392375
  0.36927873068736800  0.37890525014665499  0.38863693368212721  0.39897195106879868
  0.40963236156462685  0.42059550952513652  0.43196887917542504  0.44363606635615471
  0.45551100973105502  0.46738259265860127  0.47908196080169207  0.49058065641530957
  0.50202860355603218  0.51376134316900002  0.52532857780754294  0.53735254773645613
  0.54841597431137135  0.55949454774497243  0.57022170547033235  0.58117668444447346
  0.59114832734528144  0.60118944476921865  0.61168886744066031  0.62260672501767522
  0.63284307585549560  0.64315772453415099  0.65457469472075580  0.66629631469232731
  0.67767467624733568  0.68840855250378485  0.69888066657645931  0.70921709103740449
  0.71928303050331432  0.72920808368164491  0.73884900037609080  0.74853856188967771
  0.75893309866752512  0.76947490980034672  0.77942910496494033  0.78961593797067364
  0.80004011868326597  0.81000448240952572  0.81909302256064476  0.82812083303661910
  0.83778958500053846  0.84764853477619173  0.85705839115299642  0.86645500968241729
  0.87612709816400958  0.88629217919723924  0.89696069643954968  0.90836161298525042
  0.92031759722618212  0.93206487491382173  0.94372009082076391  0.95560842575755400
  0.96708316604224753  0.97845467207951753  0.98928779868968675  1.00000000000000000
 -0.00204609233626023  0.00972569605876762  0.02010273013703432  0.03143308319867560
  0.04284302691515151  0.05372175646513419  0.06406945241789716  0.07458263198751673
  0.08537103764404320  0.09589481449698831  0.10623961515114635  0.11677152534648269
  0.12768178655885454  0.13885873163904874  0.14985519437819861  0.16040626496848340
  0.17123847333447323  0.18254183452926087  0.19358928397165631  0.20398262248437835
  0.21472873842299048  0.22574160307165089  0.23648951019981143  0.24698260912226569
  0.25734111384497410  0.26742544000133139  0.27794059245095465  0.28792732498648288
  0.29839800876295269  0.30893515861391463  0.31997442299325246  0.33134859657822069
  0.34197188671020179  0.35216789065440429  0.36223575894375776  0.37185602653569644
  0.38134062899203663  0.39079377254950737  0.40057280629970865  0.41062769660517501
  0.42039587644646709  0.43003866245301664  0.43965901510720506  0.44962350111146610
  0.45984189687704058  0.46982802928620693  0.48017455225600197  0.49015344182577969
  0.50011440900674131  0.50973268753383860  0.51965698396608384  0.52993704254195884
  0.54030507604909250  0.55067802734674176  0.56110287918827884  0.57177157560154401
  0.58242407181268063  0.59289269018543556  0.60335436585004765  0.61394174176542005
  0.62441791371673683  0.63453010098110829  0.64450870012209927  0.65451017018473689
  0.66456070976300829  0.67443134483255907  0.68390023515563791  0.69322023031370561
  0.70275361231827305  0.71301728595828961  0.72408684981979476  0.73501501078646503
  0.74552316371856209  0.75614525667385979  0.76718134406492211  0.77888237228897117
  0.79114488625377266  0.80282892350591517  0.81447249717587178  0.82585510462189626
  0.83695557054069136  0.84726690968447749  0.85746455726599480  0.86760893107763581
  0.87789484485934022  0.88872898625713703  0.90012648805155282  0.91169954041910606
  0.92317947922067045  0.93467674781070664  0.94615332421707399  0.95735078994107137
  0.96771755023008332  0.97805473127267495  0.98887852357931472  1.00000000000000000
 -0.00245184868412672  0.00951753114006851  0.01976456980726407  0.02949116833414940
  0.03963381228281412  0.04959827126744684  0.05986278299749632  0.06998630246906315
  0.07992571369206192  0.08971871954636526  0.09970387348818191  0.10980258385953787
  0.12009293425476068  0.13055356340130869  0.14139422632831394  0.15229555748361154
  0.16328948931069659  0.17443425350384839  0.18561242218703794  0.19660668010356133
  0.20748048841895339  0.21844534417981867  0.22942708712965096  0.24007635222510332
  0.25020049444885673  0.25998024900196642  0.26968071031614388  0.28005365389006126
  0.29105678875651886  0.30220436429809505  0.31340657901353641  0.32367986107615571
  0.33477282318960161  0.34513409319137428  0.35621310603349376  0.36729142638966383
  0.37804339841690632  0.38786945236214915  0.39808601563962565  0.40959129655116011
  0.42030949886844438  0.43031126869483971  0.44055260568407639  0.45191032453533975
  0.46304380960248470  0.47282484967197080  0.48265949561209787  0.49281521906746539
  0.50343713879483565  0.51433320198981480  0.52527098286426666  0.53644960872763559
  0.54730325374097599  0.55810977448960497  0.56914500081979724  0.58033731459146620
  0.59133696894299270  0.60275316247600408  0.61435228637119765  0.62613577140785048
  0.63754958065913603  0.64887268933403486  0.65937483084082638  0.66986397669376718
  0.68012064145686579  0.69064890557170699  0.70137048251011835  0.71210936206180986
  0.72179074785145747  0.73068993718679998  0.73929520098453161  0.74821991632067797
  0.75757763658154176  0.76703816180551210  0.77680430333326522  0.78711776175729176
  0.79753197528319819  0.80799316807698707  0.81806197344468023  0.82797737521856951
  0.83816569585544787  0.84852363327950753  0.85888365551039536  0.86920659839085612
  0.87962391250498495  0.88974898902513566  0.89979421975484708  0.91010115704035843
  0.92018925811503660  0.93005215895157223  0.94013650310061059  0.95095301779494179
  0.96240981307825291  0.97393201440653165  0.98645549791531517  1.00000000000000000
  0.00811306804480419  0.07962651172134036  0.10389118012665632  0.11709164859916422
  0.12763766928979420  0.13663281229357782  0.14529712751737148  0.15362402990889804
  0.16181975713679825  0.16928151610535022  0.17603805030485592  0.18276758990125053
  0.18938599199662648  0.19591952697083287  0.20248254115899902  0.20886122547551605
  0.21511625578241103  0.22129013639007544  0.22765365240823010  0.23419695439711985
  0.24059030166406473  0.24690918110649349  0.25336283383319014  0.26020583084141791
  0.26726123965643317  0.27442729993581300  0.28180077028886785  0.28924338914867792
  0.29665531623051655  0.30392224858375427  0.31103424897375065  0.31814770605881976
  0.32527476861195403  0.33247305041869896  0.34023291312729637  0.34822465499907507
  0.35622764843362692  0.36397320894914303  0.37177481539567120  0.37967666804367656
  0.38752648040716758  0.39519478384086010  0.40260770682244451  0.40983475428506139
  0.41723281974931303  0.42493566595692539  0.43259556077075345  0.44029486056118966
  0.44806177716261070  0.45569725287117846  0.46376307323294497  0.47182136527298768
  0.48017222312905061  0.48892174061245541  0.49743856560266975  0.50598032091473244
  0.51444922565334117  0.52318947693572104  0.53230164360955046  0.54169822881742857
  0.55114770756503428  0.56025056875854806  0.56901615429086372  0.57759080830633147
  0.58621677983410736  0.59568556652325277  0.60543780004984382  0.61637360624217263
  0.62689319550023459  0.63725714214625306  0.64741572137992764  0.65729216419959835
  0.66689441521000059  0.67646706700443371  0.68617712523331909  0.69609514842332210
  0.70604534934318719  0.71632634633439984  0.72661129216583142  0.73685953962007500
  0.74725212480211878  0.75817801417371944  0.76972551216986951  0.78168712888121272
  0.79425888264479483  0.80724926707769085  0.82064273405836685  0.83434221551613952
  0.84908748007855295  0.86497783456622113  0.88144807389789692  0.89796081521012849
  0.91528022553801247  0.93426531452824935  0.95967940464846069  1.00000000000000000
 -0.02129957116825961  0.13381304735646568  0.17976705767520218  0.20842738754332252
  0.23247957249417253  0.25500323854150575  0.27560153239028090  0.29433517682226623
  0.31095410543773738  0.32581908050094671  0.34016227105578623  0.35392317071363999
  0.36606825857388314  0.37746358896621535  0.38888123497117177  0.40044219937555925
  0.41191981388125565  0.42325705276693409  0.43405920860318609  0.44426380260291931
  0.45380894446268638  0.46290105264671894  0.47168272239638259  0.48033181062089519
  0.48907694397485130  0.49767746208702557  0.50614137523155789  0.51425306774059787
  0.52206129455656247  0.52968314968058383  0.53723522493641962  0.54470840436635493
  0.55208638093364870  0.55917727593075550  0.56593853135085215  0.57260494694625763
  0.57933787632647571  0.58598808197759977  0.59237162495671303  0.59851320154765586
  0.60459505450174367  0.61074251685341763  0.61692794700256448  0.62315564715627836
  0.62953697833671896  0.63598350226557088  0.64217328629419501  0.64854738229208697
  0.65502674522355431  0.66162881651452954  0.66795782720169095  0.67384612105812591
  0.67931995978982529  0.68452550125006262  0.68958918481978204  0.69463100954036106
  0.69974231747781568  0.70482166780888145  0.70994489957222606  0.71497953880790854
  0.71999085011469610  0.72499435161339587  0.72993500323418092  0.73479476678607047
  0.73969453324522394  0.74459716787062946  0.74947132954107876  0.75456220414783515
  0.75958173612990254  0.76464553477057884  0.76967897891721127  0.77529600714826075
  0.78093977439768270  0.78646705532633021  0.79196810265068418  0.79753610382689899
  0.80315467036117538  0.80903831973982565  0.81456584695983603  0.82003564260098993
  0.82546430600231036  0.83101864374650769  0.83694794338907752  0.84322685483927373
  0.84970997343821975  0.85633793622247245  0.86311141530648094  0.87012021237791015
  0.87762289451871744  0.88577696322960819  0.89436028473035711  0.90381678154281264
  0.91479871618594732  0.92874478955656981  0.94944355579740425  1.00000000000000000
   3.5675828051218149E-006  -1.0000000000000000     
 F F F F F F F F F F F F F F F F F F F F F F F F F F F F F F F F
  <DiscreteSampler_grid>
  grouped_processes
  1 # 1 for a reference and 2 for a running grid.
  10 # Attribute 'min_bin_probing_points' of the grid.
  1 # Attribute 'grid_mode' of the grid. 1=='default',2=='initialization'
  0.0000000000000000 # Attribute 'small_contrib_threshold' of the grid.
  0.5000000000000000 # Attribute 'damping_power' of the grid.
 # binID   n_entries weight   weight_sqr   abs_weight
    67   10   2.551853560047769E+003   1.139102917114140E+007   2.551853560047769E+003
    68   10   2.551853560047768E+003   1.139102917114140E+007   2.551853560047768E+003
    70   10   4.775336315759480E+004   3.988957358679770E+009   4.775336315759480E+004
    71   10   4.775336315759479E+004   3.988957358679769E+009   4.775336315759479E+004
    73   10   1.363664496349258E+002   3.252868705037742E+004   1.363664496349258E+002
    74   10   1.363664496349257E+002   3.252868705037738E+004   1.363664496349257E+002
    76   10   2.551853560047769E+003   1.139102917114140E+007   2.551853560047769E+003
    77   10   2.551853560047768E+003   1.139102917114139E+007   2.551853560047768E+003
  </DiscreteSampler_grid>
