  0.00946324885386896  0.01665043027159464  0.02855690761152486  0.04378326384878021
  0.06356076254736905  0.07900168114077154  0.09107419975955040  0.10138620267903380
  0.11054274075891007  0.11922913100393009  0.12751495061809751  0.13506411272524665
  0.14168669155334709  0.14911652647379006  0.15692864708970611  0.16430830622418646
  0.17153328004381610  0.17935033449932108  0.18723666619225082  0.19594126984164190
  0.20354372500191620  0.20983526363918556  0.21661373091080036  0.22378400398721174
  0.23318523913024197  0.24457837004244479  0.25647162026317655  0.26847435656276647
  0.27913496807666061  0.28841665131975952  0.29861837015036269  0.31007518938464984
  0.32095316545673414  0.33062274540924652  0.34044996499566066  0.35067139245448897
  0.35913625616697992  0.36875344487557182  0.37886464607319736  0.38863155349614076
  0.39868190016219712  0.40980086593636533  0.41929361657772635  0.43039013391663766
  0.44248533982211508  0.45335811452872327  0.46351014222832315  0.47240733493400638
  0.48141357976081584  0.49086536814972653  0.50007859380388786  0.50915224594204000
  0.51973226179461063  0.53464197546846703  0.55212849799772767  0.56885404663580730
  0.58538165237212603  0.60158926005828239  0.61938363953043973  0.63908751318712931
  0.65789720696904930  0.67772462846940196  0.69676940847534841  0.71046235648169542
  0.71808412300968905  0.72300181605182445  0.72854061871667686  0.73488604233341392
  0.74268652289967130  0.75074296872840340  0.75906679809876831  0.76614271354845909
  0.77510657060010890  0.78703278483582195  0.80143300926393235  0.81524712206007721
  0.82514265720587088  0.83378700917267412  0.84204628783163959  0.85118817487828036
  0.85979629290626725  0.86638667812385683  0.87405650139263324  0.88284624235527343
  0.89322368650461426  0.90256541213834252  0.91131275487451657  0.91980535404175323
  0.92843450290503271  0.93750645612352568  0.94613196597450866  0.95704537338840201
  0.96846264889475531  0.98004235428683184  0.99139716406300427  1.00000000000000000
  0.00009904120545902  0.00010469520409004  0.00010934716522430  0.00011233303092170
  0.00011513208263478  0.00011743094692020  0.00011948780938601  0.00012189211683281
  0.00012423108647423  0.00012650283589767  0.00012876333738123  0.00013108830852964
  0.00013342153885335  0.00013555892497835  0.00013723670030882  0.00013897585999748
  0.00014080841898411  0.00014298024480946  0.00014557506526774  0.00014932592195257
  0.00015314716292942  0.00015662043973661  0.00015987100257785  0.00016304273859206
  0.00016631163478340  0.00016959410422409  0.00017318954058690  0.00017729260159369
  0.00018133197439976  0.00018555768945531  0.00019006703495245  0.00019448122871703
  0.00019853781399735  0.00020234486380973  0.00020615989081607  0.00021043907144081
  0.00021532801119046  0.00022059698739569  0.00022590038106361  0.00023078508767869
  0.00023518758901002  0.00023966870091386  0.00024406597523266  0.00024815439979119
  0.00025196423410622  0.00025559150314273  0.00025900301996753  0.00026216773767273
  0.00026536646280123  0.00026858191768620  0.00027176862929791  0.00027530002826000
  0.00028031889648514  0.00028579671854778  0.00029168358540043  0.00029796934108677
  0.00030462142330333  0.00031073036090183  0.00031699393387427  0.00032405154434256
  0.00033090556215482  0.00033624429397989  0.00034140724002391  0.00034678305296791
  0.00035305015277439  0.00035960511973605  0.00036642780708457  0.00037479830574420
  0.00038380328368247  0.00039477239545679  0.00040658951275297  0.00041956291465875
  0.00043881448064847  0.00046676781745170  0.00049876405133045  0.00053170656699898
  0.00056583633898386  0.00059715820848128  0.00062508573686110  0.00065686458951095
  0.00069133028509915  0.00072029874511980  0.00075605003202648  0.00079648234669642
  0.00086232074678163  0.00092932396059743  0.00099489143577345  0.00109456092240475
  0.00124373032456439  0.00138798466972287  0.00157177070091891  0.00190881056879669
  0.00247678211972273  0.00372926714593607  0.06046178291766701  1.00000000000000000
 -0.00002211974501665  0.00033938137231293  0.00094033403960512  0.00202942897244663
  0.00316680943395308  0.00568946002573666  0.00866721641800034  0.01159769161136089
  0.01491362020102281  0.01800214810643412  0.02086677855880897  0.02396149370762538
  0.02819922151051968  0.03402301523798916  0.04080886755125902  0.04808869288216270
  0.05560903414088730  0.06290309959305100  0.06992635363984601  0.07716201263812771
  0.08395693516351373  0.09130737991932182  0.09967959225993127  0.10913030717862739
  0.11634076541331803  0.12339458859754608  0.13012881106407231  0.13692339292166231
  0.14446816709521260  0.15374904383269417  0.16347853790136738  0.17239787881539839
  0.18170531757030839  0.19297928466723085  0.20639148407187460  0.21952611274606035
  0.23278544451776031  0.24665045376317987  0.25970652986733173  0.27301622217191751
  0.28657336819591611  0.29805169637493045  0.30592793892430425  0.31334758568131577
  0.32076162449296874  0.32776577948591307  0.33696629892180668  0.34920886302298620
  0.36192220628582450  0.37482632536637056  0.38814086628562200  0.40129612975399337
  0.41295265050114460  0.42404349247045897  0.43608123949369360  0.44886012111203333
  0.46196724732520389  0.47364443589388400  0.48423952148704141  0.49465213890088022
  0.50487627318852490  0.51331364706439131  0.52682500381995034  0.55201849038192219
  0.57472529985593301  0.59140385589500710  0.60670661977954521  0.62190332210144217
  0.63704484788425331  0.65103625373877905  0.66342874453897849  0.67647755481700733
  0.69197788571386720  0.70738253170739218  0.72047721036649004  0.73140398105502991
  0.74187368880511950  0.75220313591654819  0.76258128134792258  0.77622947437206180
  0.78924122545854269  0.79960366213121536  0.80938388199781641  0.82034091057381364
  0.83148437105099804  0.84235464497685397  0.85350010738751358  0.86739460519167888
  0.87910377303402698  0.89046545904054675  0.90400626679886598  0.92140387738151219
  0.93865742311644318  0.95731040431886882  0.97778154313028998  1.00000000000000000
 -0.00231978806192492  0.01257272238363070  0.02402923932724819  0.03577075460494484
  0.04758581322393218  0.05932374987418414  0.06844604559628077  0.07734505418443256
  0.08715586963150047  0.09703221768955349  0.10626343502719150  0.11512978575484197
  0.12522621204742101  0.13569206166577447  0.14587873868149001  0.15677901695510488
  0.16924299362381659  0.18584783602686636  0.20390648903939604  0.22035054835168846
  0.23363207704524366  0.24246892093052405  0.25165910401838737  0.26093138045484920
  0.27194467893505475  0.28354379617008668  0.29333909971416433  0.30158439435674239
  0.30846266477584744  0.31745270909203432  0.32904375485831805  0.34330063238420233
  0.35650540549777904  0.36714060843150015  0.37572413397528848  0.38336457469208046
  0.39102238988258964  0.39959109909922003  0.40866232296861921  0.42002856597743116
  0.43394290582926726  0.44829846040894122  0.46070068995442348  0.47139064030692918
  0.47885681797354418  0.48402860671573572  0.48892928362811944  0.49380045776115167
  0.49866681356313758  0.50453819247454312  0.51254387979298122  0.52231494869385575
  0.53266771519014677  0.54561819002456280  0.56302996810340755  0.58049402665090288
  0.59865222255647710  0.61280048266645348  0.62614953761046011  0.63833095299795950
  0.65024346080404027  0.66088859381857656  0.67181358238226241  0.68183488368109302
  0.69248814015211713  0.70342615786188512  0.71583108078225943  0.72870739546342289
  0.74628319374194318  0.75547398109693142  0.76202876399768815  0.76954267169310309
  0.77829563108394317  0.78550546900913842  0.79175160486126817  0.79792809669898646
  0.80489450274670860  0.81304794406098635  0.82245880781492153  0.83420669005601189
  0.84404481859259817  0.85242990382142836  0.86306489011920262  0.87303528719633250
  0.88259159656402242  0.89187778537915019  0.90117338241086864  0.91031178435397719
  0.91977465063050301  0.92894876511260160  0.93787557254235476  0.94771689874122955
  0.95997339340827159  0.97295056049462447  0.98593549361561283  1.00000000000000000
 -0.00125113539434419  0.00654476993523006  0.01185913660964715  0.01724577497901205
  0.02310426637890379  0.02943637323325431  0.03552298257648585  0.04232249376563280
  0.05059589014602452  0.05970031490512058  0.06933485603775524  0.07567819678487488
  0.08197069638947356  0.08694955962028794  0.09074014237974413  0.09584362798388901
  0.10091225233852129  0.10573219039368881  0.11273080931335171  0.11922587107137782
  0.12573670196574538  0.13243247375628017  0.13918789372615847  0.14696729249133031
  0.15514974627964315  0.16361654215411009  0.17355099774141336  0.18222736541347026
  0.19025720856004813  0.19755979209251698  0.20545388194779582  0.21393936402263664
  0.22271775398587534  0.23072291220880839  0.23751141797410946  0.24509741599615339
  0.25321773485924420  0.25836284147600369  0.26314734585521776  0.26843609823380193
  0.27511865850198453  0.28150671075947448  0.28681197098986372  0.29262888572315354
  0.29865881338799288  0.30516844236748547  0.31082323542273460  0.32018876228475501
  0.33162526524323754  0.34347320111970014  0.35734769117751408  0.37191382272118689
  0.38295006898214817  0.39117676952475589  0.39877639063388570  0.40583884428939387
  0.41233093119568409  0.42087884892115840  0.42885299300756718  0.43763734125314940
  0.44799178422133440  0.45689577437872614  0.46558274587998877  0.47435896649188919
  0.48254992076038916  0.49349283677429445  0.50555997390010166  0.51855428954485017
  0.53369388486840186  0.54746169104030129  0.56326528968347733  0.57761533144836907
  0.59101914413652379  0.60345228494116154  0.61547241056087787  0.62781252653941477
  0.64062006047466247  0.65467992003207598  0.66934053172423091  0.68334710014978350
  0.69628315029473387  0.70899521389995890  0.72293731181302756  0.74040280131447089
  0.75782022208906663  0.77848521486257694  0.80072977806708145  0.82239870372319568
  0.84634497401737119  0.87133205062838370  0.88807497708310790  0.90351032691465205
  0.92206560722565112  0.94832680201224506  0.97666298059080070  1.00000000000000000
  0.00237828949116247  0.01323650401030804  0.02118660761056066  0.02890899902487059
  0.03600556187126702  0.04279441256656531  0.04963612453927880  0.05732638355499606
  0.06504960992090142  0.07422778373626429  0.08204276139318713  0.08972532101106971
  0.09742117609155210  0.10532531603262354  0.11447625086979485  0.12508713628913995
  0.13630088488464356  0.14902118188409499  0.15947460353623971  0.16855582565422431
  0.17741504881013653  0.18819129282329664  0.19908875692953076  0.21110240543372275
  0.22184679519145684  0.22935549620559498  0.23584001627433673  0.24214048213295963
  0.24906988400004201  0.25806892176849849  0.26967501102659547  0.28056565157862495
  0.29116135670435661  0.29861509810748399  0.30626821549838568  0.31621928864152271
  0.32915417534790653  0.34293882841686019  0.35566127931796454  0.36832369837058726
  0.38129464705129462  0.39054959300603082  0.40290352235303045  0.41495226871318769
  0.42843594894867920  0.44280104925680891  0.45623999578033014  0.46775391539297007
  0.47931332449174124  0.49160697323829144  0.50383393215690997  0.51608717969873452
  0.52783913886981393  0.53895963242322109  0.54799394708520188  0.55460100282388136
  0.56044482146118224  0.56590320700449714  0.57196352645186610  0.57940862938238946
  0.58774140819019505  0.59637067518679776  0.60632038352040052  0.61734777432413213
  0.63307151870483069  0.64911473914819162  0.66023422520898445  0.66848757834997008
  0.67735495234588849  0.68654335675230782  0.69618515600801678  0.70942900829904842
  0.72180335445662736  0.73505817511124516  0.74855205752748277  0.76373963323549110
  0.77931771525079796  0.79695041485653617  0.81231458108138455  0.82540588182311481
  0.83803116511139597  0.85221292311033392  0.86636595008190065  0.88154222141163885
  0.89521037571077977  0.90502750629779660  0.91314062200418944  0.92090460832393584
  0.92900488692370942  0.93707846207993095  0.94480975031456660  0.95230895341966038
  0.96117293408875826  0.97229769370489116  0.98534143852948441  1.00000000000000000
 -0.00179001463555904  0.01283255745866445  0.02396825117618761  0.03453133627187960
  0.04436295432581393  0.05378017179299135  0.06458108834625537  0.07615497313749950
  0.08606020280081779  0.09382270067364629  0.10005462469711120  0.10793202713158313
  0.11675789319932947  0.12632218791359032  0.13569178339825960  0.14459604532573739
  0.15268897709040424  0.16312403433793432  0.17174224041774250  0.17929408695318072
  0.18616293710397427  0.19259317967368217  0.19841313563295002  0.20383253514370248
  0.20910199324680265  0.21413560702582332  0.21882959381975406  0.22385263296265415
  0.22874117349627299  0.23377349140769002  0.23946612998962372  0.24495403122272952
  0.25096751519852428  0.25776714285716856  0.26522571663906919  0.27275596110145789
  0.27990576914198367  0.28714313252629320  0.29324947192109818  0.29871098191453566
  0.30315051166954327  0.30710823374513124  0.31117734086664217  0.31604927303370089
  0.32430795633211823  0.33381514182654465  0.34303385444017775  0.35068681978800936
  0.36176546511986918  0.37224923991547437  0.38210133300378635  0.39148205853861573
  0.39921151194512111  0.40659316621321534  0.41435598581931377  0.42251979049529942
  0.43109792047127155  0.43964637750094360  0.44811047952024213  0.45625381347774213
  0.46375089194238628  0.47055308152328157  0.47717892130327350  0.48456953547533616
  0.49354029446381026  0.50384694960942766  0.51375516169332969  0.52439598738864623
  0.53386850089156779  0.54194210378912477  0.54991638349896332  0.55772750970860674
  0.56527606358873916  0.57879917093645927  0.58963905188244292  0.60096237575932476
  0.61102266642477432  0.62061252980478099  0.62914452623536210  0.63628492009406457
  0.64218818717078385  0.64989277064113593  0.65944822921593471  0.67089346387272586
  0.68499763180033579  0.70040999499457424  0.71681802105209680  0.73235566718920397
  0.74753707328427399  0.76377103557511739  0.78166974851068438  0.80158035016729279
  0.83009124494108488  0.86249588596011639  0.91204676738035917  1.00000000000000000
 -0.00117695742815107  0.00616291850850177  0.01227843596140576  0.01933903793399675
  0.02740742697938202  0.03521488907691815  0.04362359179635145  0.05200863556074947
  0.06095012999559602  0.07432361742339547  0.09000208971853001  0.10314425315025742
  0.11602527856565607  0.12684367435137922  0.13572710163311727  0.14234803347885441
  0.14808728959943762  0.15413174840052482  0.16209969011986394  0.16972696336034138
  0.17545335856836999  0.18177326577288935  0.18849286292180004  0.19529593258155370
  0.20171214892352274  0.20862841791261522  0.21819197984991417  0.22884779669068897
  0.23595605733126318  0.24095639836352237  0.24596689383330270  0.25022288244163199
  0.25427407147572761  0.25897534231143665  0.26404283951130764  0.27016957317827628
  0.27940934933574924  0.28802110969971284  0.29795307446469377  0.31044022560479401
  0.32341649762640340  0.33736540394390557  0.35342264043784938  0.37117506269478517
  0.38832000891937413  0.40442701335944620  0.41919706307794857  0.43376322898502667
  0.44637578336668676  0.45859632091145774  0.47140910581335960  0.48316723529772310
  0.49467553794366431  0.50408249342637879  0.51252524480754913  0.52149869034406582
  0.53351518305317602  0.54466187591708237  0.55868913188262059  0.57270897553108546
  0.58696293089726448  0.60323919190685826  0.61972593496628892  0.63062398855008261
  0.63890041144619703  0.64750469004072431  0.65465669127819393  0.66112166051311594
  0.66707331546425230  0.67334389511857162  0.67995447097905126  0.68818634174051796
  0.69960220733461698  0.71259043458157978  0.72650567328770022  0.74129511151006833
  0.75692663083524614  0.77249176417427834  0.78574979596850425  0.79524644142295564
  0.80448919141316588  0.81478923092767908  0.83034558467781083  0.84525525189662221
  0.86044138701593431  0.87345226014264665  0.88475567471459216  0.89566963780306297
  0.90829297629638528  0.92356103085253616  0.93843706881144862  0.95100798036597178
  0.96195782589389922  0.97243580872722302  0.98492244510281846  1.00000000000000000
  0.05652758600724254  0.34150804040531257  0.37734788468271574  0.39479453981173090
  0.40676034305160980  0.41878675459442760  0.42321353384738136  0.42595494656037453
  0.42909156019838796  0.43248113924363424  0.43646335555451454  0.44097652184556607
  0.44743804422285194  0.45560561202799799  0.46354509892371498  0.46919730841130403
  0.47371434897634085  0.47706810849378523  0.48401851447521776  0.49512805564442919
  0.50992582631674388  0.52864710676139692  0.54341828818681404  0.55289588298232306
  0.56028078347449617  0.56631767711154746  0.57260928088214180  0.57914863745952938
  0.58460963303543012  0.59040642630194196  0.59561992290293664  0.60064900176178548
  0.61188010204842669  0.62087503840483371  0.63023549492139674  0.64096779936778070
  0.65078565363760743  0.66521575106550657  0.68019470691326855  0.69120848809536661
  0.69905802191947397  0.70883741614396367  0.71974551696053235  0.72808842381157413
  0.73482153466347633  0.74019685180676720  0.74562024789388126  0.75147049392289833
  0.75948174730052387  0.76818655631047739  0.77636706244996379  0.78480142421621091
  0.79240447669043079  0.79960119049339762  0.80680207833276030  0.81349454013675027
  0.81865295671338656  0.82388071038470889  0.82875876203131227  0.83305912106963598
  0.83703168836037167  0.84109798457219875  0.84547998145126624  0.85007103271183637
  0.85476325238615891  0.85909371113671584  0.86375388878463111  0.86839103661290518
  0.87177854930179033  0.87464717393704350  0.87786701797195943  0.88123335500963040
  0.88472397257559776  0.88822847664365923  0.89167905519213964  0.89503240721524846
  0.89863094056672932  0.90228885401497150  0.90609993086203044  0.91006730151102300
  0.91391764387805918  0.91760502278769152  0.92150534847890919  0.92535285894623143
  0.92949023643522721  0.93395437574411400  0.93826246418250314  0.94237341091041682
  0.94663920377339850  0.95135052727232594  0.95668735822513429  0.96252981567434925
  0.96880937931012823  0.97626107930145467  0.98668777022627863  1.00000000000000000
 -0.02312993150306197  0.13542684478677869  0.18006845252159584  0.20845879910512663
  0.23152315853722277  0.25290489046788728  0.26981433917270287  0.28119778757648489
  0.29145055934116110  0.30281388926858777  0.31960285838044578  0.33480393299835637
  0.34357807894642045  0.35086320765014894  0.35852243594857569  0.36719522588426917
  0.37695975713563851  0.38501148072471847  0.39281306517765130  0.40336330715545327
  0.41781815847529852  0.42829960212590584  0.43597036546893692  0.44353407886071472
  0.45026235512080559  0.45662644154332921  0.46290004611974955  0.46793259759823558
  0.47396580679063860  0.48172619325326832  0.49060770463160569  0.49986090975100889
  0.50743337405029787  0.51341580903169859  0.51860890046351749  0.52375662230819420
  0.52862303448089643  0.53351809976552689  0.53831627378910818  0.54245083887550238
  0.54687082678834142  0.55162870922020490  0.55646402280115204  0.56294243548495637
  0.56931723158714109  0.57602936269339522  0.58268885967273787  0.59081560377623021
  0.59820061790928170  0.60516230721606989  0.61048752085437052  0.61520988827923107
  0.61978773323527669  0.62391248561018420  0.62825652647258778  0.63298997007511670
  0.63822192814708711  0.64408001400128290  0.65045422652364648  0.65651711882297625
  0.66151112865911865  0.66532270892693846  0.66949522927790650  0.67379498334589549
  0.67822736275796824  0.68360028341754819  0.68859310464343249  0.69330467189120903
  0.69837358348184242  0.70434629877557553  0.71087134090991133  0.71784114862401527
  0.72458723575118522  0.73129941756485362  0.73759365423006196  0.74353897320434614
  0.75058593697160447  0.75904056478428061  0.76690423460907819  0.77419926108164450
  0.78060460552712396  0.78668548268360983  0.79190370988553593  0.79700350104002082
  0.80250759048347364  0.80868810303408578  0.81642732706054633  0.82542548524770920
  0.83343810034251475  0.84395875007222021  0.85550292476112388  0.86705513795961175
  0.88261212116123389  0.90033489938842393  0.92782036679873936  1.00000000000000000
   4.2772267215517820E-013  -1.0000000000000000     
 F F F F F F F F F F F F F F F F F F F F F F F F F F F F F F F F F F F F F F F F F F F F F F F F F F F F F F F F F F F F F F F F F F F F F F F F F F F F F F F F F F F F F F F F F F F F F F F F F F F F F F F F F F F F F F F F F F F F F F F F F F F F F F F F
  <DiscreteSampler_grid>
  grouped_processes
  1 # 1 for a reference and 2 for a running grid.
  10 # Attribute 'min_bin_probing_points' of the grid.
  1 # Attribute 'grid_mode' of the grid. 1=='default',2=='initialization'
  0.0000000000000000 # Attribute 'small_contrib_threshold' of the grid.
  0.5000000000000000 # Attribute 'damping_power' of the grid.
 # binID   n_entries weight   weight_sqr   abs_weight
    34   10   2.478230699844171E-003   3.527025798157143E-005   2.478230699844171E-003
    35   10   2.478230699844124E-003   3.527025798156972E-005   2.478230699844124E-003
    37   10   7.217255834005418E-004   3.221195563485946E-006   7.217255834005418E-004
    38   10   7.217255834005277E-004   3.221195563485787E-006   7.217255834005277E-004
    40   10   7.217255834005422E-004   3.221195563485949E-006   7.217255834005422E-004
    41   10   7.217255834005277E-004   3.221195563485787E-006   7.217255834005277E-004
    43   10   1.019405349904606E-002   8.235214844511356E-004   1.019405349904606E-002
    44   10   1.019405349904584E-002   8.235214844510960E-004   1.019405349904584E-002
  </DiscreteSampler_grid>
