  0.00000038887275823  0.00000176174894118  0.00000298632773720  0.00000457466923570
  0.00000639954932451  0.00000858263015016  0.00001107006837710  0.00001368218806074
  0.00001659660607882  0.00001989828513910  0.00002322933436511  0.00002601097108706
  0.00002865694942763  0.00003133471761711  0.00003395134501546  0.00003614951026203
  0.00003807089674518  0.00003970158838622  0.00004079698359826  0.00004158958929544
  0.00004234075585214  0.00004302075500687  0.00004364319099660  0.00004419843075247
  0.00004466545883711  0.00004509856223332  0.00004548928477971  0.00004583246092448
  0.00004614919096910  0.00004644323829723  0.00004668887150906  0.00004693499187692
  0.00004715538174369  0.00004734372927696  0.00004750104396202  0.00004764429744623
  0.00004778279877053  0.00004791427886793  0.00004804823954197  0.00004818579392009
  0.00004832653250784  0.00004846892236050  0.00004859301280724  0.00004871652244793
  0.00004884121494453  0.00004896547471066  0.00004908341621653  0.00004920135772239
  0.00004932656107042  0.00004945172046416  0.00004957075388579  0.00004968978730741
  0.00004984618936945  0.00005000576439235  0.00005018512442890  0.00005037482719300
  0.00005057933508615  0.00005079407852292  0.00005100428722717  0.00005120610848072
  0.00005142046888019  0.00005164435109286  0.00005190641903431  0.00005218113755203
  0.00005249151334246  0.00005285834239386  0.00005323160134457  0.00005370403109231
  0.00005422392506512  0.00005481237109177  0.00005541683077944  0.00005602014518387
  0.00005663729495444  0.00005731672491731  0.00005810946325136  0.00005909826511858
  0.00006024819294836  0.00006161141725550  0.00006301493122468  0.00006470709731031
  0.00006656815877379  0.00006942010026254  0.00007461289591796  0.00008123548425974
  0.00008918981906965  0.00009954327220482  0.00011554386820276  0.00014214932386713
  0.00017590249252262  0.00021685008209574  0.00026970852974258  0.00034459659042247
  0.00049247896796566  0.00079711809040421  0.09391789849107930  1.00000000000000000
  0.00786734768190835  0.02064043484651741  0.03472285116801474  0.04758689822896965
  0.05936280425708547  0.07089368248253429  0.08259284188581745  0.09291662280009073
  0.10343819539422230  0.11087369564784193  0.11803314901181917  0.12584234654990734
  0.13436162402044616  0.14254905988852590  0.15122026091537688  0.16015828184811562
  0.16975500442134081  0.18444327259865065  0.19679326290698168  0.21024071006088593
  0.22311385629693178  0.23644857420317877  0.25057697600476553  0.26462241058602548
  0.27816347790877954  0.28927533714833181  0.29957339870382976  0.30996128314175181
  0.32166801289407104  0.33454289143665644  0.34566226802846473  0.35543653502486022
  0.36347638491134671  0.37064008534771903  0.37699382339963622  0.38333461330874108
  0.39204901970387446  0.40354692985303131  0.41418807216829623  0.42469591397452500
  0.43098889317776218  0.43829006147922817  0.44666190985424492  0.45765288779352753
  0.47235377657468447  0.48869621300598803  0.50509424904909395  0.52158650337120493
  0.53682792410020541  0.55273432557982294  0.56888212974856300  0.58618067786051919
  0.60284309023227844  0.61526814057770796  0.62527777356031289  0.63475707010718430
  0.64482399606408169  0.65644019814679089  0.66829482635734205  0.68319441101094602
  0.69590010234157107  0.70888371515905313  0.72115090180877106  0.73131635974215881
  0.73912724407527619  0.74741750890833825  0.75515359159472095  0.76117161777491171
  0.76716423335832307  0.77295060477608046  0.77814485422311386  0.78416041375706047
  0.79094518465603592  0.80185658158452966  0.81461836751933381  0.82926649493114257
  0.84643545482400440  0.86071005019229962  0.87218652559141774  0.88260226217970927
  0.89306590078077241  0.90406664626169475  0.91444155191625764  0.92181452052210933
  0.92929086646520909  0.93555673759292290  0.94152814845548716  0.94819738435547007
  0.95463022637160966  0.96060193503589686  0.96567112464400262  0.97073551015188486
  0.97653567253659612  0.98571924911428199  0.99001948546726992  1.00000000000000000
  0.00000308637685530  0.00001065070568396  0.00001598011830827  0.00001980457217050
  0.00002269345389384  0.00002513780259826  0.00002783987431686  0.00003098888696154
  0.00003393436712162  0.00003637056000967  0.00003835795549089  0.00004022790556442
  0.00004197020013954  0.00004364331798054  0.00004525893739199  0.00004702069985948
  0.00004903186777854  0.00005125689350715  0.00005370163859560  0.00005613782000457
  0.00005842880467566  0.00006089052090366  0.00006356301579004  0.00006736015073663
  0.00007207076577350  0.00007685414977364  0.00008115059189337  0.00008508125918315
  0.00008864643476013  0.00009229709714565  0.00009575906956706  0.00009869479724985
  0.00010201215716715  0.00010507681376437  0.00010808243653791  0.00011107622265858
  0.00011420934051793  0.00011776685787880  0.00012151218683454  0.00012561043574714
  0.00012990713065931  0.00013380446952196  0.00013830305303158  0.00014326101880884
  0.00015056990121862  0.00015794977111964  0.00016569708287892  0.00017417379495142
  0.00018310740252169  0.00019183056355060  0.00019986065730790  0.00020787481188346
  0.00021655179503350  0.00022616931712614  0.00023554351480984  0.00024383991400280
  0.00025160741389885  0.00025950951103953  0.00026948262096923  0.00028349155328449
  0.00029745270957201  0.00031192162705947  0.00032734786017797  0.00033949571663030
  0.00034996911598488  0.00035848486709399  0.00036625620896320  0.00037438178409134
  0.00038203456437063  0.00039002096940419  0.00039816120848328  0.00040836145974879
  0.00042289862819897  0.00043973726068589  0.00045778683125826  0.00047364189084829
  0.00048859468934815  0.00050179200747555  0.00051358829719048  0.00052521793148476
  0.00053951603138041  0.00056391999740003  0.00059125618801532  0.00062141458857983
  0.00065261785716378  0.00068227454121076  0.00071685233307601  0.00075728404105453
  0.00081009743542557  0.00086454094196291  0.00092214232204610  0.00097733330447498
  0.00107050648770913  0.00120959017475706  0.02880487709744990  1.00000000000000000
 -0.00416460162865363  0.02351041842897820  0.04747650007409424  0.06746192564236211
  0.09005568207153500  0.11167620368983203  0.13970826271054618  0.16381668879162764
  0.18618168674547891  0.19922511482560812  0.21109865204812522  0.22422367641631477
  0.23600387194335629  0.24768915729686386  0.26089676841501486  0.27512869744380836
  0.29029956457579464  0.30800791712349423  0.32635203734721180  0.33792405062035635
  0.34486285113614595  0.35094728714136531  0.35706266357783112  0.36415097559107251
  0.37103895272243109  0.37657656478438295  0.38107155248890262  0.38602020029350426
  0.39163004106979649  0.39718587999597760  0.40400823247782819  0.41170063251449374
  0.41909958247489343  0.42511617775248384  0.43070356311443830  0.43799590360668766
  0.44845404448421144  0.45885441886565592  0.46822097418495418  0.47772769300602486
  0.48602917134123308  0.49532273387324943  0.50530203176442134  0.51584100627537999
  0.52781039233428395  0.53969326240849880  0.54937030894362182  0.55804609606755085
  0.56763494713876261  0.57721450147620645  0.58629657269805557  0.59480209345450175
  0.60351477609977966  0.61256029293475589  0.62300507375249059  0.63241948091672173
  0.64129392131010654  0.64909682806247282  0.65768953876654812  0.66672642313357822
  0.67625058619853151  0.68517390682782842  0.69366535600714496  0.70215848741876508
  0.71064353350555531  0.71923821180721570  0.72807192033254708  0.73840307056865639
  0.74787312044201404  0.75829484766520494  0.76693623706040059  0.77449273189596290
  0.78135346127167127  0.78771540941733309  0.79442865239012994  0.80211879150410759
  0.80988765187819667  0.81735658528853483  0.82531895685996071  0.83512514901531931
  0.84635392477753801  0.85743617951660833  0.86822223195379067  0.87882606464922153
  0.89014482102916714  0.90215256608012384  0.91467514163958474  0.92721368436508123
  0.93849899258429148  0.94828768500133831  0.95646732138573298  0.96446738603468596
  0.97260727639305877  0.98127819875939337  0.99036672925378721  1.00000000000000000
 -0.00275623085123171  0.01088924102420247  0.02327109315240997  0.03645302028451652
  0.04950404903478522  0.06096414785905520  0.07047233467573130  0.07817209723694001
  0.08558666974012669  0.09289231870160303  0.09995308239764264  0.10616893732986049
  0.11219485571256890  0.11842019173206250  0.12628229934566057  0.13756501929537795
  0.15086907759008025  0.16531073046755126  0.17349423610318254  0.18160341259090651
  0.18966062902432904  0.19717581687231603  0.20598840308506608  0.21636695965654279
  0.22423972930948616  0.23140495877520470  0.24079329612036729  0.25369069130964922
  0.26442268652972434  0.27986012962697449  0.29613300555162059  0.31224191894258402
  0.32714727923561948  0.34033715186001950  0.35163658756023974  0.36275062269897312
  0.37423348768771703  0.38648121329919899  0.39953732234058803  0.41386924969996980
  0.42629411412225565  0.43780697834081905  0.44921789755811831  0.45907019729269549
  0.46976154462961539  0.47910066969754533  0.48833428461704431  0.49754462045543185
  0.50523662801722047  0.51277288081203454  0.52045812040342798  0.52857674489903439
  0.53685919258878068  0.54601589918916948  0.55496926538862790  0.56481936794750642
  0.57770145331745770  0.59236570544630529  0.60688555619977291  0.62084882942806696
  0.63540039239324209  0.64873651655684406  0.65714075334800004  0.66752724679337350
  0.67692868485185442  0.68381535984148589  0.69076776933042039  0.69710390095197450
  0.70501276098952792  0.71340432470217086  0.72216700472861073  0.73138467871358082
  0.73990562425187367  0.74943347978102071  0.75969845608143294  0.76800535255722702
  0.77793948466293039  0.78800291989753557  0.79836111873060944  0.80976401357255046
  0.82221825064820664  0.83568817130870066  0.84717767563761992  0.85850273055236848
  0.86843534528448474  0.87849142035216565  0.88882300346806653  0.90041425147460030
  0.91292633769810050  0.92626340667222040  0.93967724961085131  0.95245488220740449
  0.96375822503942199  0.97539295261344550  0.98839890514828277  1.00000000000000000
 -0.00259303704531017  0.01065120857438063  0.02223482226958017  0.03169865356786604
  0.04038160266567888  0.04873290525133356  0.05620312082382410  0.06544640326831512
  0.07585437833780631  0.08682708056894370  0.09717685487877536  0.10819337627020280
  0.12106688690516378  0.13878040380994089  0.15880730592637146  0.17195977792233658
  0.17953321218926155  0.18711305613127821  0.19495036591197704  0.20367936842613527
  0.21184550179994321  0.21915827636562443  0.22493275745140917  0.23127848184099109
  0.24138303132245673  0.25343919847918822  0.26571116140369466  0.27786731383017305
  0.29009777545392568  0.30250186644004112  0.31585142057021304  0.33132417739895598
  0.34696317855976200  0.35820352450803616  0.36606577928008560  0.37490554272408921
  0.38439883216162779  0.39130430010467948  0.39648436802682446  0.40117449246444681
  0.40706513523784127  0.41359657437687697  0.42220861030870649  0.43262434237580855
  0.44242481430352792  0.45166601580117549  0.46384948331897513  0.47781408772441797
  0.48936886078284902  0.50121876173288915  0.51377689065269549  0.52581728525405136
  0.53764070741997438  0.54982099983767507  0.56323337189535627  0.57628540201226308
  0.58817416451410098  0.59844950249425022  0.60890623360956275  0.61979215048462299
  0.63024023753157954  0.64030398330122129  0.65046596486269592  0.66216878950501079
  0.67300304856917770  0.68285617821252487  0.69161174610290832  0.70051750661761025
  0.70993310034047941  0.71943208639961653  0.72914562655116433  0.73988334838256276
  0.75135575984034664  0.76256528433214454  0.77489586718733872  0.78798315653974538
  0.80255866020767608  0.81399206852933703  0.82407180133299374  0.83440542663450978
  0.84586430121114287  0.85914943195817528  0.87292823991510293  0.88322889559534901
  0.89189234184487864  0.90066971969765708  0.90829800812039807  0.91514220595106466
  0.92199284285826588  0.92908788753949412  0.93638783769058209  0.94538654154263968
  0.95615261569526044  0.96899246294496322  0.98457083476748630  1.00000000000000000
 -0.00298836928694826  0.01131897368145535  0.02549733376541619  0.03735959405370067
  0.05033788791864061  0.06522384771194877  0.08235081386457557  0.10303199014855444
  0.11372757743042572  0.12233547369848231  0.13112586415219887  0.14062159027475621
  0.15045824236910471  0.16002688081461577  0.16969726101773888  0.18124174141720115
  0.19340772957665697  0.20715193708612473  0.22149084972535132  0.23400665248979516
  0.24700918099755492  0.25937473184015225  0.27329869450614541  0.28854937128654545
  0.30263232940365892  0.31638061117458532  0.33108405650249906  0.34662464235711499
  0.36164887440179677  0.37482162040579126  0.38578337115035455  0.39553902705838417
  0.40575452955358354  0.41613424213238498  0.42795532586240598  0.43985626247274917
  0.44899580347277140  0.45708580570536078  0.46545688246808015  0.47469108732351961
  0.48311657962197435  0.49113215615265410  0.49982795234893984  0.50825030100901214
  0.51643821647832089  0.52377846206186485  0.53103621691508285  0.53919610305964882
  0.55006073988800686  0.56356607047927232  0.57610011542138784  0.58850747326650921
  0.60152537369249592  0.61581518515432587  0.62891098590875272  0.64022319301301933
  0.65061284871663916  0.66116762952261943  0.67254722965583247  0.68349895114375792
  0.69359150664738722  0.70212968883971205  0.71146198197609567  0.72175324510112993
  0.73263254781721499  0.74387770641714235  0.75393855385341468  0.76282620977376048
  0.77106472756510369  0.77767879803182738  0.78410649844549563  0.78995888831874572
  0.79610535054427845  0.80345265659105580  0.81177258644108374  0.82287230970020808
  0.83272753898536211  0.84271482628124095  0.85344256557971510  0.86139631085661472
  0.86772579443986109  0.87364715976972152  0.87957896749735376  0.88563278298919912
  0.89151155847847696  0.89800532829661128  0.90450255532217527  0.91004101957068861
  0.91570674480135783  0.92251279215607174  0.93092247813824247  0.94319023301186444
  0.95805757196985797  0.97321968574985618  0.98717094462442290  1.00000000000000000
 -0.00184322946352141  0.00857044230118154  0.01804940324127586  0.02792984628019231
  0.03839564870442538  0.04697345537694636  0.05414685182434101  0.06132611705897394
  0.07046586918475277  0.08120266677647917  0.08999034817193464  0.09727794806567343
  0.10494254420470216  0.11765850280962886  0.13029272906071157  0.14265068568137104
  0.15212431201475998  0.16207272979339099  0.17160216325198377  0.18075918385394321
  0.18844021264859936  0.19518862985619631  0.20225454575304330  0.21166820412197848
  0.22499194509910389  0.23887757682880778  0.25184650820352855  0.26342435054617364
  0.27584647414147689  0.28746455148495248  0.29706228496850356  0.30714940543605024
  0.31897068224481867  0.33461618795781939  0.35128708272565395  0.36403864125833613
  0.37497042620946847  0.38567313494091349  0.39630713684898583  0.40774415710712902
  0.41880711354740036  0.43129029308559669  0.44078851899764815  0.44826198800605227
  0.45541314686275725  0.46240832818391170  0.47075149905780178  0.47995649305305060
  0.48997117690155290  0.49871260108001042  0.50889560547425583  0.52152005715645866
  0.53590485345980832  0.55210524919359816  0.56893092646996024  0.58533782522173450
  0.60171672089755057  0.61544040642930720  0.62863166817403027  0.64148781646446185
  0.65362913576841597  0.66510440078818878  0.67636662027133621  0.68811644951796802
  0.69944239698379784  0.71024566200192296  0.72028845944851849  0.72831163712641322
  0.73649286490878474  0.74531021204074532  0.75570699673220099  0.76782868822798911
  0.78067184402890266  0.79358595224936612  0.80617994413342009  0.81786060160029095
  0.82882224097175738  0.84048378856395711  0.85215001142609270  0.86131196670957810
  0.86857088918302849  0.87682158336134897  0.88477600294432202  0.89199695341233620
  0.89943403267286304  0.90813941020766686  0.91497371493594459  0.92433763318282980
  0.93450622118880156  0.94375021357137723  0.95155724712951884  0.95927384641568758
  0.96682833116901334  0.97541555000100333  0.98636769752885567  1.00000000000000000
  0.05596885646679415  0.25463859974025010  0.29959873261419578  0.33526446914688551
  0.36011035591772789  0.38232259974640220  0.40418792631707912  0.41517053490532374
  0.42321765165238623  0.42948518424612442  0.43523691727454034  0.44092351536576430
  0.44678777831535760  0.45218198306117274  0.45734912202393818  0.46252426511175049
  0.46811353182570925  0.47472703946113620  0.48249388862563536  0.48992154673462013
  0.49689417006993342  0.50365821307411540  0.50969992722070245  0.51494898786954957
  0.51968860929375971  0.52386054403148985  0.52786388853748201  0.53371795117660037
  0.54057090637243466  0.54519754587336633  0.54960947818918415  0.55366510372448896
  0.55794738548748601  0.56284608455642915  0.56782960018696460  0.57263026511899651
  0.57758993315668505  0.58286408547102930  0.58852807901644444  0.59520798390610397
  0.60189429373867764  0.60901493852612809  0.61618449505705541  0.62285371193332473
  0.62884439107099377  0.63439649082681315  0.63977155066086000  0.64551146414257354
  0.65221458272214905  0.65918811970455127  0.66578705865711318  0.67104484026445743
  0.67503657996170197  0.67885231765898890  0.68270382421437126  0.68678738360286806
  0.69188532550245840  0.69740108015376368  0.70267291162115697  0.70759425911775453
  0.71160240061751256  0.71521118803127637  0.71865083360957283  0.72238655744771851
  0.72676884429561550  0.73274218142676928  0.74036228941535220  0.74794447188524271
  0.75381006173871623  0.75960252536047990  0.76572258744201571  0.77220978363578041
  0.77961123222716200  0.78768077199654407  0.79491420238568489  0.80207858917270547
  0.80838943430935473  0.81444836006624155  0.82000110229057466  0.82506025530987503
  0.83006334896857259  0.83527368200130070  0.84079512495980657  0.84508494578266147
  0.84931694442154648  0.85412772973689810  0.85993610401549647  0.86539876332281329
  0.87053978904826346  0.87639287964257384  0.88791955281179469  0.90142754309088025
  0.91866477544575476  0.93654173567276844  0.96081130110896273  1.00000000000000000
 -0.01666606723014203  0.10355503607311631  0.13389098212795650  0.15370542752852054
  0.17422408249014659  0.19273466241178788  0.20413938322232786  0.21587407591925808
  0.22644330504070573  0.23640133686138234  0.24558247575609554  0.25571946984331950
  0.26662928362258587  0.27686343106462991  0.28629118912725893  0.29378601540041721
  0.29868006347393244  0.30309996046744425  0.30720223515042205  0.31208163596355942
  0.31806984891987217  0.32414176716691862  0.33007755206903189  0.33588030691810294
  0.34139985062530293  0.34708696369642206  0.35196422681300982  0.35625348575560267
  0.35994191683800630  0.36329664761898878  0.36672314110572601  0.37048777220749840
  0.37503281594773097  0.37988339978812552  0.38358566790931803  0.38693133684083963
  0.39042031886037831  0.39446189728836567  0.39936828776306960  0.40384678051193645
  0.40783225256891587  0.41186120146709881  0.41525411196236944  0.42116568803080184
  0.42765010280434224  0.43519460438594065  0.44351264774593568  0.45206916820788706
  0.46027340545838613  0.46782143917484326  0.47565091723715369  0.48253949665086082
  0.48944605956686327  0.49644515503863046  0.50360489803431918  0.51110606628364330
  0.51866339951687823  0.52563484153280904  0.53244505184961144  0.53912087145961696
  0.54573172442962548  0.55332556990943726  0.56024806590692611  0.56681995523600326
  0.57356251244147116  0.58189393789701982  0.59003739314613879  0.59849479545465190
  0.60860991066241854  0.61800570271074340  0.62705242239632875  0.63534946678616389
  0.64363551009149866  0.65277036723098203  0.66186007462795837  0.67243232755546201
  0.68151001668201339  0.68941558940354841  0.69714761662206193  0.70539903024650563
  0.71462563919578914  0.72396323309130095  0.73444684807791827  0.74525112701535856
  0.75486869731134532  0.76432511055506225  0.77391360288038069  0.78206987072097633
  0.79082986971403690  0.80126482738744698  0.81180695265195246  0.82407702757676682
  0.83988442383687656  0.86015962357014164  0.89543221170353415  1.00000000000000000
   1.8112422224661210E-010  -1.0000000000000000     
 F F F F F F F F F F F F F F F F F F F F F F F F F F F F F F F F F F F F F F F F F F F F F F F F F F F F F F F F F F F F F F F F F F F F F F F F F F F F F F F F F F F F F F F F F F F F F F F F F F F F F F F F F F F F F F F F F F F F F F F F F F F F F F F F
  <DiscreteSampler_grid>
  grouped_processes
  1 # 1 for a reference and 2 for a running grid.
  10 # Attribute 'min_bin_probing_points' of the grid.
  1 # Attribute 'grid_mode' of the grid. 1=='default',2=='initialization'
  0.0000000000000000 # Attribute 'small_contrib_threshold' of the grid.
  0.5000000000000000 # Attribute 'damping_power' of the grid.
 # binID   n_entries weight   weight_sqr   abs_weight
    19   10   2.076253506744242E+000   1.841154480863050E+001   2.076253506744242E+000
    20   10   2.076253506744242E+000   1.841154480863049E+001   2.076253506744242E+000
  </DiscreteSampler_grid>
