  0.02427396942035426  0.03172850823966325  0.04086358655457577  0.05177284901445246
  0.06332966202727591  0.07468679572616758  0.08577791679117654  0.09715243152852969
  0.10938948980386141  0.12144864999074917  0.13368620823751440  0.14481949178133352
  0.15428257225114633  0.16310432242395945  0.17241237726968692  0.18197947454330859
  0.19139858913990448  0.20054734910167052  0.20998130207653173  0.22002553960104276
  0.23061015373757918  0.24200465001224056  0.25398019733068788  0.26610983538445437
  0.27720749079445062  0.28733076415839887  0.29799889539181534  0.30919954595059396
  0.31946797973578295  0.32892051727560462  0.33860541434934588  0.34968787744542090
  0.36002719190589111  0.37015414801889152  0.38076884600790217  0.39204272340600349
  0.40253230285234076  0.41316732488525204  0.42345235722227981  0.43352896545979008
  0.44308348560075722  0.45241700576355970  0.46245705836154521  0.47297917671211720
  0.48302442431232007  0.49242417495102792  0.50182028957098790  0.51141768824273603
  0.52132694124048184  0.53138334437721779  0.54148260592487585  0.55204704792533599
  0.56310712367993421  0.57413555506029024  0.58475174079904546  0.59503561475716216
  0.60550020553120965  0.61614488564220093  0.62573607796476571  0.63388621922759480
  0.64197648194374923  0.65059559058794703  0.65939619960322426  0.66775984879413741
  0.67602227272991910  0.68481555807521843  0.69576995797324270  0.70761940633734355
  0.71964442630389036  0.73154227084438539  0.74238848115984590  0.75235262462431951
  0.76056097713205373  0.76906601316828704  0.77711166863032155  0.78590097910753287
  0.79502398616986925  0.80420140367863469  0.81265936664912186  0.82107175795376164
  0.83011406533647059  0.84038321361673496  0.85068729816444455  0.86071221542031484
  0.87094758118034510  0.88108400245564222  0.89060309363577794  0.89995378919160252
  0.90959833066914519  0.91979672641941090  0.93061169693856560  0.94227203557948336
  0.95427145010738090  0.96487599499771548  0.97033188117327307  1.00000000000000000
  0.00939621868878152  0.01570987982085603  0.02485236796825321  0.03749259356694985
  0.04961851097891945  0.05954507283480205  0.06909990255816656  0.07861195928161906
  0.08928299041690677  0.10040268717522705  0.11058468111298250  0.12001403607387882
  0.12884380843044257  0.13718533253698736  0.14548857415454639  0.15353280342983763
  0.16179239568092252  0.17058335757960827  0.17902880147381603  0.18745473170002253
  0.19675832097998322  0.20670318039682292  0.21715359611459073  0.22750390734123277
  0.23796372625588177  0.24920832149607092  0.26125224711922151  0.27305898209004764
  0.28496293255545196  0.29625904198614567  0.30869682268680243  0.31985237004422740
  0.33051563950285490  0.34069653776528047  0.35118789431879005  0.36118052801417094
  0.37109928524164543  0.38122592928657162  0.39227299512436631  0.40288991777918604
  0.41345541992081708  0.42429001833186092  0.43536772446826466  0.44562401065580082
  0.45577774133363913  0.46605744323508735  0.47631772548356310  0.48638786989121147
  0.49622876536978144  0.50735319106700505  0.51847965255051143  0.52919200106597808
  0.54017006119143496  0.55192776183939807  0.56391170151686199  0.57600431679589670
  0.58738356153258076  0.59867629626620600  0.60915160196702345  0.61924763201806476
  0.62938655021398815  0.63869364326329847  0.64928439270559168  0.65998343020514272
  0.67268364111318713  0.68397442103963058  0.69546590994637791  0.70657826832264681
  0.71750322145941703  0.72883709004091457  0.74032956923350701  0.75225666799421953
  0.76438658843983298  0.77487863913014055  0.78395943304104876  0.79259956002601029
  0.80174210908616561  0.81163198041740903  0.82227042049482546  0.83160692277863690
  0.84085550052483582  0.85023690706194144  0.86015029244122254  0.87071538052474196
  0.88202604349302571  0.89432423562742691  0.90562398137946265  0.91689184519726952
  0.92705014943259756  0.93722587668648771  0.94728898371632930  0.95912644234760169
  0.97109926871010632  0.98141404668812393  0.99130838795645704  1.00000000000000000
 -0.00004316524984512  0.00041035389588235  0.00106309118123447  0.00202956682748235
  0.00315241112608082  0.00462610379329123  0.00645049824496482  0.00857107259905218
  0.01087432072522813  0.01383344941591075  0.01684926887668622  0.01978287241119591
  0.02282809637384403  0.02626807303057037  0.03007217234768550  0.03411294467075290
  0.03797625323560221  0.04189802945925420  0.04623924126846075  0.05087349850213822
  0.05545481832953533  0.06014084714150532  0.06483731760809582  0.06989064817702256
  0.07505883356514215  0.08039400500615508  0.08554376389363229  0.09089298485301145
  0.09671228393152610  0.10256991771825107  0.10876366007279184  0.11546726677937348
  0.12253427897196492  0.13005121083358914  0.13768676478552125  0.14592071206963966
  0.15414197939823765  0.16175234354899054  0.16911566082627563  0.17677746137230224
  0.18481810656364925  0.19432472555214347  0.20325247211889735  0.21211227982115310
  0.22176098925652510  0.23224157740586471  0.24297300929530963  0.25392436456871886
  0.26488808040114037  0.27628862432826801  0.28792186326764568  0.29976423980662203
  0.31212839574612866  0.32473344528481041  0.33756358435712652  0.34936467025222495
  0.36260575882363705  0.37662821481462611  0.39233756912712503  0.40867886085830063
  0.42442758001962699  0.43939732924947000  0.45355945575900641  0.46805398025087946
  0.48286653570941007  0.49809534774671127  0.51373465545812735  0.52958132078551179
  0.54510814415008468  0.55992621792898689  0.57388643680506224  0.58767841749738281
  0.60238300006907897  0.61623791977292142  0.63013631394062908  0.64398016111260015
  0.65782095396267160  0.67182621210344295  0.68653657354791364  0.70138881060446301
  0.71645999988396458  0.73212204402496128  0.74883634850662251  0.76783370354883951
  0.78665823543434865  0.80451077990075537  0.82133940623088819  0.83866420879085424
  0.85655848813846136  0.87479152907618751  0.89369008249106641  0.91426366890932131
  0.93618432989799683  0.95757842888048339  0.97876186575239743  1.00000000000000000
 -0.00191686570658232  0.01101513746974045  0.02252132912368943  0.03229105954792184
  0.04227048724707782  0.05132505038343441  0.06112288101501118  0.07156294784519758
  0.08208599918615499  0.09289528758204280  0.10387788306246917  0.11522052143900693
  0.12721803569284346  0.13885926756651215  0.14948111753126761  0.15920324389090210
  0.16838691328886787  0.17986398992611907  0.19152674070235759  0.20311428456946670
  0.21382071399722852  0.22332002104927370  0.23291586431930220  0.24236869090773649
  0.25184094008356916  0.26279287344449320  0.27322055949632773  0.28533758961311861
  0.29650257770215349  0.30754152367037441  0.31819150934110046  0.32899911551124150
  0.34011129545000690  0.35090886108043429  0.36184840350320635  0.37359060421066081
  0.38394227465573072  0.39382153585571361  0.40390992899791073  0.41459608567583017
  0.42419874394351664  0.43381596227203684  0.44355073581743915  0.45313791813693605
  0.46219678166574690  0.47152956148418801  0.48149699590020012  0.49168014573887514
  0.50192720837386040  0.51297447940679886  0.52480599105269199  0.53687191384520305
  0.54904487203146002  0.56077155966018444  0.57267573710258690  0.58471850986048013
  0.59684500599272960  0.60946217643801759  0.62114913466392763  0.63193995909081213
  0.64252542233148380  0.65320145363094051  0.66370651544432269  0.67283548673155447
  0.68159533547473972  0.69057842513302192  0.69981948605743971  0.70916097371114406
  0.71928017016586798  0.73008184566940404  0.74254766627596025  0.75437409287981527
  0.76523928417668863  0.77572213187104455  0.78545998442923293  0.79575006030041229
  0.80643249343692780  0.81743876867579557  0.82917856431125547  0.84085073383795805
  0.85201526183446086  0.86268354255523039  0.87225484512412443  0.88178228435500927
  0.89092876609016103  0.89973173953467445  0.90867187669225435  0.91801729215524086
  0.92750984062364361  0.93780973163604975  0.94879078008817397  0.95968610112676722
  0.97001634199083242  0.97994630315553699  0.98964124045049917  1.00000000000000000
 -0.00197582865302994  0.00948097366098390  0.01843344740485283  0.02878959993377624
  0.03779861392933387  0.04783360117669204  0.05835817690619321  0.06872969564859328
  0.07913826423654219  0.08971052372274962  0.09939286165114876  0.10849181238996988
  0.11703087728923570  0.12576796773615173  0.13569481631045779  0.14621341212402433
  0.15602813749348377  0.16535830427803272  0.17506862080034402  0.18528744384906892
  0.19571539589768935  0.20632462780892155  0.21715451523431939  0.22845578499329477
  0.23889196919843775  0.24841697696018869  0.25721590259081900  0.26519053746285465
  0.27328238487855089  0.28170744164267164  0.29094053259552632  0.30187831962056683
  0.31516977453756528  0.33119461148115814  0.34444640922660841  0.35585375654121004
  0.36655843587839271  0.37714295533149900  0.38779545348290057  0.39833135366865652
  0.40891844259637555  0.41805492117944248  0.42629373568226697  0.43509497713317907
  0.44471969809064221  0.45381607173035976  0.46250219651486923  0.47120974473853172
  0.47950799137826261  0.48851357705085574  0.49766396082890418  0.50715769939438238
  0.51737397718470679  0.52826758739940882  0.53951525884098550  0.55178785815203568
  0.56468740731976352  0.57703867745788462  0.58987063355118607  0.60215785523279952
  0.61689350538817944  0.62908183272715723  0.63929987823238366  0.64879091207068151
  0.65836728937179556  0.66776707622900622  0.67683797088048825  0.68540393911499953
  0.69467271761241012  0.70492875018461099  0.71711610880378018  0.73003724164482631
  0.74318415487677358  0.75537941902516847  0.76688661526015689  0.77758599570743880
  0.78814429360510185  0.79886885130253649  0.80874290794715087  0.81898170469601006
  0.82935310904648762  0.84018072224428242  0.85082169274676078  0.86183942324782437
  0.87326520680678810  0.88499923705892214  0.89609381225024543  0.90700146610031718
  0.91868557568359988  0.93108400514984535  0.94396613143077113  0.95615911464619430
  0.96842120130858811  0.97994410276753052  0.99042135793228814  1.00000000000000000
 -0.00228626698931542  0.00880375398582189  0.01880413849312299  0.02952393332186666
  0.04176412668097858  0.05625685335273046  0.06929959570359230  0.08160552859401821
  0.09401719490052564  0.10552771411519427  0.11513969834877344  0.12401650194186185
  0.13309604860072130  0.14266453818041758  0.15307966964479219  0.16404683109891266
  0.17564186246085234  0.18678407340917905  0.19636877665944227  0.20596167179206290
  0.21540451710106778  0.22522406803062289  0.23504557382446131  0.24463822867154689
  0.25542839775773829  0.26678581480994118  0.27765774939276988  0.28844993689011406
  0.29906296027467533  0.30999644172009450  0.32021947364171938  0.33058386988650568
  0.34041300054221052  0.35030749463470279  0.35997688083042939  0.36968219351216969
  0.37969380745479059  0.39019907156030276  0.40085953966051441  0.41130592347776579
  0.42113539342146300  0.43064524586320607  0.44054728265207871  0.45053452835595220
  0.46078003274848595  0.47108207011765635  0.48195427795356338  0.49255723625325504
  0.50306942849303693  0.51385361689636766  0.52560190042575461  0.53792952980242836
  0.54909848405985040  0.55928097856476111  0.56973914301013773  0.58003126021318407
  0.59036993248020275  0.60061257392633993  0.61073672121336242  0.62162987775629652
  0.63332197406566126  0.64504008881702624  0.65597855950972417  0.66600052808153642
  0.67575016758326945  0.68617461265604673  0.69709067328113539  0.70783039935429160
  0.71836091681827030  0.72921920461251732  0.74045197781847361  0.75093776864272821
  0.76086730398850289  0.77031787817178377  0.78006128114637685  0.79010431317412000
  0.80033823971397500  0.81123227295888600  0.82267672339509645  0.83432611586916683
  0.84494176678211896  0.85544052778638457  0.86491795857900389  0.87484507452153570
  0.88500188396726187  0.89567905292876171  0.90629476929514363  0.91738557041254642
  0.92828160534075810  0.93882877865798675  0.94878874108407851  0.95960552714003711
  0.97102150003403609  0.98100172577626144  0.99070058394146376  1.00000000000000000
 -0.00285675833399559  0.01661272191200988  0.03275251975146522  0.05032618518102779
  0.06726185914231009  0.08196300659073509  0.09552776121073284  0.11020766253246765
  0.12489847753781480  0.13741809269613173  0.14982911002941499  0.16358681467967442
  0.17661938309198291  0.18824910088952582  0.19977389456686614  0.21175656158383446
  0.22287754422383652  0.23269695295946380  0.24196232122246922  0.25249593671624238
  0.26480076293955596  0.27705217991330217  0.28840890129786900  0.29894140010760573
  0.30883981377199388  0.31835994620248953  0.32771381794938376  0.33688434892122759
  0.34593801642113936  0.35487763855603632  0.36287085199280800  0.37050777569201560
  0.37817060387569540  0.38602091455423670  0.39333531241107661  0.40042135483145236
  0.40750015801373446  0.41500747689935413  0.42364308230211584  0.43258869285539847
  0.44135515155130584  0.44995772894350516  0.45888326839829380  0.46831855876266171
  0.47789695324102555  0.48771185087622099  0.49812723621469623  0.50868507786470318
  0.51859156280669649  0.52783148103344901  0.53665011512932992  0.54497042696495701
  0.55289491064264662  0.56062132728339042  0.56822909907809571  0.57590004478965207
  0.58343782925032206  0.59147317281565925  0.59899204136724826  0.60766705996883852
  0.61720420669440468  0.62640634537275985  0.63463206394943605  0.64202726650542075
  0.64942336954702828  0.65780228572627819  0.66710174177304238  0.67637542828512431
  0.68520469774731663  0.69387120905373001  0.70269520950606945  0.71214463691590535
  0.72211200392040042  0.73240731250739788  0.74293575861730965  0.75387985159865167
  0.76486832381957859  0.77516483925732693  0.78506175664462052  0.79477281261551569
  0.80422195819741094  0.81374131399592031  0.82370772799445724  0.83407224894324450
  0.84498918930101896  0.85698236381767978  0.87051387633894328  0.88444066591871917
  0.90022224205097356  0.91769910437212121  0.93336508116515549  0.94735832242761930
  0.96131310056104491  0.97419700144775978  0.98647248031640467  1.00000000000000000
 -0.00280472885171238  0.01006521806096388  0.02128844376956622  0.03323109096791181
  0.04561502495059053  0.05839846956206843  0.07093486950595779  0.08256265682600222
  0.09319065761728927  0.10321391886521218  0.11306347956552082  0.12287248389983244
  0.13265882939199833  0.14254160822677628  0.15321609289180954  0.16414290163219350
  0.17580381413065063  0.18730987663840939  0.19880378557390554  0.20976177172855268
  0.22021854133354826  0.23123830902632253  0.24382875657884920  0.25664411961662836
  0.26885052560682887  0.27987117559128200  0.29058912680349541  0.30086727776275457
  0.31116985716535517  0.32097036416045871  0.33101659791559623  0.34097473364503678
  0.35087855066065993  0.36081635825702318  0.37137802293247324  0.38144952166112595
  0.39158933080480085  0.40152457600818225  0.41117322521339067  0.42006044712387713
  0.42811866440994928  0.43645186305081585  0.44671854798724137  0.45724948226930662
  0.46783699397156325  0.47818132263051777  0.48974933788758818  0.50226898750297733
  0.51466903084287763  0.52649477711284276  0.53747590453175220  0.54822057128460211
  0.55834733428344507  0.56763478841849968  0.57640740095314436  0.58573204971213899
  0.59552151828554500  0.60555570894249344  0.61587492777670882  0.62643654310420249
  0.63710989268967011  0.64747667270616138  0.65796481271021101  0.66862971893899170
  0.67905281294886755  0.68909994406717023  0.69896672460389042  0.70927395659061709
  0.72011417947047318  0.73070348477153524  0.74064626315891491  0.75103752397723778
  0.76196266384762334  0.77204605365676715  0.78147489479670240  0.79189016731520845
  0.80459657527784534  0.81792233719221386  0.83029029583760472  0.84224962396906855
  0.85416538436506972  0.86638001552035115  0.87756173402134818  0.88586622685491978
  0.89433815028104857  0.90288205529312249  0.91273433924547653  0.92302138922276811
  0.93230332514981273  0.94092699365264032  0.94995923068580834  0.96009386698849508
  0.97122521923655325  0.98148297535170292  0.99111222383743514  1.00000000000000000
  0.02278867939167575  0.09871102793404196  0.11948102486697745  0.13650339351563229
  0.15023040097243578  0.16181776126247588  0.17250493425243579  0.18353104363604003
  0.19624873904507925  0.20900830092435196  0.21941441096210462  0.22934055166692593
  0.23913192833329983  0.24985328774457036  0.26134298518093391  0.27357511098988541
  0.28696297200553494  0.30133830999523203  0.31494296856368581  0.32611265259381994
  0.33679641395832638  0.34732402010692021  0.35834683817106744  0.36976909771916938
  0.38053139134616126  0.39067198108427498  0.40094534062222303  0.41154233184659417
  0.42152132851631174  0.43076693002534761  0.44043324633175318  0.45094300286267247
  0.46111565391730636  0.47048977921108792  0.47990504789598498  0.48958795263498417
  0.49857278553218182  0.50816877266977623  0.51744761666609307  0.52829909605417835
  0.53854287476878149  0.54940697112383430  0.56012532073413623  0.57043941185340052
  0.57991661153522589  0.58940985588026218  0.59887588934669767  0.60826750349931868
  0.61682407933840677  0.62499646027952838  0.63354911253073409  0.64301033008120201
  0.65329840064144751  0.66391033022888546  0.67417827347755044  0.68333519809334986
  0.69162843515888939  0.70015936955003222  0.70786858497085181  0.71567664106119688
  0.72327762908033555  0.73099628125567195  0.73861495153974233  0.74577459376622834
  0.75262689868103050  0.75950918658409472  0.76770609125903966  0.77737729912858033
  0.78788601384902357  0.79724604261384713  0.80588209977509129  0.81424715729539765
  0.82223874018479159  0.82984061668419773  0.83717216778424886  0.84403933306890200
  0.85105894558675466  0.85743479671677048  0.86337240437424101  0.86848269056603467
  0.87343451615900547  0.87838491855838230  0.88372980135830492  0.88969822889001371
  0.89568069433573838  0.90144855188006912  0.90711089045136617  0.91264122881502763
  0.91864808045881774  0.92507474415720192  0.93168065809812872  0.93923733607242699
  0.94826381633646528  0.96013414048134471  0.97668199386496679  1.00000000000000000
 -0.02047433534609051  0.13262093468065755  0.17908073886493461  0.20717587364868728
  0.23051760502443833  0.25100252915952648  0.26807217371557751  0.28393641195460106
  0.29966311352496589  0.31572351863172066  0.33051529731430751  0.34406908462998004
  0.35703375810152072  0.36816844152499212  0.37894350628151680  0.38996324421428297
  0.40137441321540729  0.41294314217865619  0.42305587871428652  0.43242179417979693
  0.44118216594058157  0.44981824387524078  0.45886026453430095  0.46805287317573591
  0.47710028642185065  0.48671189042218110  0.49605368823161727  0.50472274996502930
  0.51319936429532187  0.52199748067863516  0.53086326929402239  0.53970245922583626
  0.54728113310241266  0.55408501821731626  0.56074517084274700  0.56742727907487933
  0.57400955667518572  0.58013320892753151  0.58619918314255159  0.59204921375999375
  0.59803387262530872  0.60437916507680445  0.61082802730882746  0.61817490313137302
  0.62502270138520233  0.63093798384544930  0.63626386929780243  0.64133452860093987
  0.64640730772291521  0.65142054785298786  0.65686558846831655  0.66238633027935789
  0.66767459932142903  0.67278408031146475  0.67778029355355707  0.68274225986453352
  0.68767631448596289  0.69278285728070366  0.69819230564687706  0.70378999580924972
  0.70930358814283412  0.71497598119019368  0.72081771450821353  0.72672675305939471
  0.73242665037917842  0.73760712933269734  0.74256282005872931  0.74752813798850526
  0.75242023334433417  0.75727805282656402  0.76224990855849106  0.76717097447012628
  0.77210697958346686  0.77720495015877866  0.78193690159841300  0.78655731666565087
  0.79110621436262096  0.79578444211631472  0.80081205251843746  0.80573680901907585
  0.81092350771556088  0.81703360773501033  0.82379853783166201  0.83051237888253515
  0.83711271662525666  0.84359564099910833  0.85030575809501430  0.85756851293465841
  0.86492113250219871  0.87298266935762225  0.88264542118539913  0.89442811222940655
  0.90831520847815639  0.92432215450423005  0.94624175060964344  1.00000000000000000
   5.8621223393965209E-008  -1.0000000000000000     
 F F F F F F F F F F F F F F F F F F F F F F F F F F F F F F F F F F F F F F F F F F F F F F F F F F F F F F F F F F F F F F F F F F F F F F F F F F F F F F F F F F F F F F F F F F F F F F F F F F F F F F F F F F F F F F F F F F F F F F F F F F F F F F F F
  <DiscreteSampler_grid>
  grouped_processes
  1 # 1 for a reference and 2 for a running grid.
  10 # Attribute 'min_bin_probing_points' of the grid.
  1 # Attribute 'grid_mode' of the grid. 1=='default',2=='initialization'
  0.0000000000000000 # Attribute 'small_contrib_threshold' of the grid.
  0.5000000000000000 # Attribute 'damping_power' of the grid.
 # binID   n_entries weight   weight_sqr   abs_weight
    139   10   3.793606582569444E+004   1.250106610512591E+010   3.793606582569444E+004
    140   10   3.793606582569439E+004   1.250106610512587E+010   3.793606582569439E+004
    142   10   1.029583619453389E+004   3.330360082244982E+008   1.029583619453389E+004
    143   10   1.029583619453389E+004   3.330360082244978E+008   1.029583619453389E+004
    145   10   1.029583619453389E+004   3.330360082244983E+008   1.029583619453389E+004
    146   10   1.029583619453388E+004   3.330360082244972E+008   1.029583619453388E+004
    148   10   1.110887040818188E+002   9.931823842409236E+004   1.110887040818188E+002
    149   10   1.110887040818187E+002   9.931823842409211E+004   1.110887040818187E+002
    157   10   3.793606582569444E+004   1.250106610512591E+010   3.793606582569444E+004
    158   10   3.793606582569439E+004   1.250106610512587E+010   3.793606582569439E+004
    160   10   1.029583619453389E+004   3.330360082244982E+008   1.029583619453389E+004
    161   10   1.029583619453389E+004   3.330360082244978E+008   1.029583619453389E+004
    178   10   1.029583619453389E+004   3.330360082244983E+008   1.029583619453389E+004
    179   10   1.029583619453388E+004   3.330360082244972E+008   1.029583619453388E+004
    181   10   1.110887040818188E+002   9.931823842409236E+004   1.110887040818188E+002
    182   10   1.110887040818187E+002   9.931823842409211E+004   1.110887040818187E+002
  </DiscreteSampler_grid>
