  0.00900795763911912  0.02012434363577479  0.02867107308748253  0.03676887827431754
  0.04579900326138924  0.05741290323873587  0.06865584448930716  0.07871285297102970
  0.08849077140083132  0.09870449212195649  0.10894618557861056  0.11890018259333003
  0.12853110354587116  0.13734004320541299  0.14606644209483255  0.15526861726206759
  0.16426815305493578  0.17460703708256303  0.18517550087311274  0.19798761708213744
  0.21094359963892537  0.22330964485411200  0.23508132368642912  0.24704667778571121
  0.25845100331189552  0.26915239877479169  0.27941847997362856  0.28991684182540617
  0.30016022523160457  0.31035808186826797  0.32010311709925654  0.32978144212131760
  0.33959888088908086  0.34997179700225672  0.36144526783913133  0.37391035306986842
  0.38689129814482981  0.39923433508574735  0.41060521979801518  0.42210682142130679
  0.43444737887792206  0.44717259649508467  0.45487781552637768  0.46295605966175940
  0.47163785416406950  0.48035459960395788  0.49021065076286630  0.49992556018524220
  0.50991270770489472  0.52003487386874048  0.53058525494763775  0.54154030548239596
  0.55186045585977073  0.56285319585439064  0.57426978821970132  0.58710497799170902
  0.59857150801469650  0.60829573823269834  0.61754319112529032  0.62633283485331803
  0.63462101627482881  0.64446507678884679  0.65467737833706929  0.66619588835531196
  0.67763029907773764  0.68920263308458840  0.70162540121948269  0.71333149315806443
  0.72536709781234543  0.73212651654331640  0.73825841358940281  0.74507850960311428
  0.75197196474319761  0.75812244732972389  0.76422328831036845  0.77784808972619834
  0.79055487190618445  0.80196201511129195  0.81329418644192020  0.82663156201427079
  0.83927176307947693  0.85104371385007527  0.86330146296329235  0.87487775561231640
  0.88442607331873135  0.89387772687442635  0.90534988450266363  0.91648419890477817
  0.92659748627737260  0.93684349396737199  0.94903971838161938  0.96244217342437199
  0.97349708758800302  0.98340733125245494  0.99084439072758923  1.00000000000000000
  0.00010763032273487  0.00011453138156018  0.00012081104228888  0.00012782118520629
  0.00013542111816223  0.00014312173806587  0.00015096316903004  0.00015895815424417
  0.00016589289372751  0.00017075141529808  0.00017524256597075  0.00017956639509865
  0.00018366560530857  0.00018903648494274  0.00019516917642094  0.00020054995751584
  0.00020572255464637  0.00021107905179972  0.00021817278923250  0.00022628225174787
  0.00023398763240585  0.00024114930460117  0.00024818985255571  0.00025565243471697
  0.00026362457332796  0.00027138145036273  0.00027913492170059  0.00028652522086066
  0.00029418331385515  0.00030231734344426  0.00031065240991700  0.00031985223164399
  0.00032950807075338  0.00033878682712044  0.00034837137036557  0.00035808961190176
  0.00036756356688620  0.00037622446274899  0.00038468270590091  0.00039324386957842
  0.00040257171510649  0.00041264140207508  0.00042296618153347  0.00043395158103840
  0.00044568389865366  0.00045800242458617  0.00047098537096439  0.00048467181373162
  0.00049867601159647  0.00051256519778461  0.00052742328030579  0.00054389183998986
  0.00056140548678191  0.00057820187382157  0.00059536509557661  0.00061324230984719
  0.00063153712402082  0.00065063657847954  0.00067192413121584  0.00069517297659927
  0.00071844289794619  0.00074173262064955  0.00076545904065009  0.00079030137162951
  0.00082042146713533  0.00085609685232024  0.00089433903985238  0.00093538864765426
  0.00098214935473560  0.00102918571598604  0.00107952064569520  0.00113187241786285
  0.00118959032754484  0.00124851956764353  0.00130573487963464  0.00136293683860254
  0.00142890995047963  0.00150325422384009  0.00159390054987334  0.00168017750333485
  0.00178768205257214  0.00191625406724409  0.00207841755886053  0.00223058624090088
  0.00237086407433557  0.00251060959124415  0.00268741997891352  0.00293202358656124
  0.00320075574609820  0.00352085935454969  0.00389323189042009  0.00432869843648639
  0.00565560491413078  0.00779606491840259  0.07816596974476918  1.00000000000000000
  0.00000240390989773  0.00000319244712874  0.00000410099032312  0.00000500106778418
  0.00000593610302202  0.00000694608277282  0.00000812320619702  0.00000939343106267
  0.00001089970250602  0.00001272166637992  0.00001459186372056  0.00001674408714497
  0.00001895825867727  0.00002134554700511  0.00002408984164029  0.00002682147332428
  0.00002936296849502  0.00003185612685803  0.00003411138078521  0.00003650121083263
  0.00003928004605246  0.00004256211996495  0.00004628793904390  0.00004983592596770
  0.00005212695293644  0.00005455159768074  0.00005724580173483  0.00006032789072564
  0.00006376768495654  0.00006918423719127  0.00007546329874770  0.00008176552589956
  0.00008820132482236  0.00009504909346354  0.00010248253082980  0.00011056613792031
  0.00011823369467721  0.00012591727442230  0.00013334671069549  0.00014089265157644
  0.00014900909197469  0.00015759177169941  0.00016640414316841  0.00017577824672209
  0.00018569508712523  0.00019594201279191  0.00020625837467649  0.00021640293529048
  0.00022691154374684  0.00023737372551018  0.00024677708661312  0.00025661027040640
  0.00026616364733456  0.00027603764606115  0.00028753001353099  0.00029982803312763
  0.00031423201104009  0.00032844650252862  0.00034602314029000  0.00036471638766261
  0.00038320207731543  0.00040171797596366  0.00042211335021454  0.00044305483205234
  0.00046314674874802  0.00048236578057352  0.00050118602791509  0.00052179998207139
  0.00054245426028772  0.00056506719068003  0.00058961467628894  0.00061643332824848
  0.00064544759449957  0.00067715327901128  0.00071205964691873  0.00075210912376271
  0.00079567190024460  0.00083972853335764  0.00088712039209749  0.00093799670267205
  0.00099517748573051  0.00106049304307802  0.00113069584398348  0.00121261807746167
  0.00130111101894395  0.00140875233709350  0.00152376711640083  0.00165558166352625
  0.00184424653053487  0.00215785019545783  0.00267561197998683  0.00327876741564980
  0.00397923458568869  0.00542338255705161  0.25309837512510447  1.00000000000000000
 -0.00288865617645273  0.01199763237564009  0.02447880063954889  0.03755563431009223
  0.04953950920166748  0.06083119533191902  0.07261410998886995  0.08255052367128381
  0.09171280963158220  0.10003133805719319  0.10990943441880112  0.12022739093583940
  0.13158721559817005  0.14329228933099980  0.15396556794012423  0.16436647281124436
  0.17414976521136993  0.18350894272065477  0.19136743953224247  0.19850747356033197
  0.20675847255843516  0.21730020552637938  0.22767782773505094  0.23764220521927418
  0.24712980099016371  0.25550610338611646  0.26293512280982401  0.27016544587329588
  0.27803900617241145  0.28719122359948390  0.29843315791664321  0.30858971779758626
  0.31846095852842238  0.32841953187711470  0.33924215897896920  0.35039125287558986
  0.36330630366872263  0.37688874174669751  0.38548125290429330  0.39110350009054778
  0.39670481246562972  0.40229908415737298  0.40794822590567231  0.41360749767889893
  0.42480289378417629  0.43939696692668495  0.45249759003907408  0.46399223159572089
  0.47491171477195088  0.48570741611220380  0.49709891292865982  0.50949447252677460
  0.52182530888995571  0.53241261745858637  0.54296165976290711  0.55398152832434577
  0.56635814360771009  0.57998644345693828  0.59399276065263285  0.60722987479272705
  0.61949102639398790  0.63224360671332247  0.64457767996937010  0.65697188544398499
  0.66841187715489103  0.67897032638955823  0.68909060393991539  0.69875449961170299
  0.70893372484534289  0.71906926443515740  0.72872429352861434  0.73873422655465459
  0.74862370744854656  0.75941893479208777  0.77100215727983368  0.78187101039478957
  0.79259897744195751  0.80356262885222218  0.81496301232991131  0.82623412170936317
  0.83777938072624825  0.84973511525699741  0.86220150746388979  0.87307458308638397
  0.88367725254981633  0.89373657661383066  0.90399961334824486  0.91405337185423507
  0.92407790394743317  0.93455980253979365  0.94513940240934391  0.95559671203935814
  0.96604984974556052  0.97628923759768249  0.98775243312179284  1.00000000000000000
 -0.00203354944684413  0.00916659062153218  0.01903255668347367  0.03039321225799791
  0.04144083893510811  0.05157570406768293  0.06178857924868308  0.07393506889885750
  0.08714125467466342  0.09959972475260324  0.11200234774504510  0.12471952506773046
  0.13670946966571709  0.14763842814876624  0.15753861688170115  0.16616501454678301
  0.17317720938520195  0.18064408724733061  0.18993416011916117  0.19959508883936686
  0.20685250650679241  0.21384403915506164  0.22063825351919980  0.22903719938491396
  0.23989593615020344  0.25007173802953409  0.25977434447820186  0.27061106588259415
  0.28211294777198981  0.29436237553093103  0.30729492148882881  0.32194880921705749
  0.33590826431556070  0.34836444812751932  0.35992214290903474  0.37197856139852409
  0.38429823888736736  0.39696763766263166  0.40850553088659453  0.41872893989751192
  0.42870227501111308  0.43837076299941635  0.44865245247085650  0.45836079405253349
  0.46839801239829276  0.47911374929833384  0.48937172483083147  0.50055493279359353
  0.51155174721561225  0.52291886426292833  0.53454680560999968  0.54544508837059502
  0.55531244950374803  0.56493807174862110  0.57410929873517591  0.58331938364957980
  0.59243872840964906  0.60154150632682490  0.61140975095909733  0.62134631375957416
  0.63149151126151570  0.64204037396306013  0.65291771536075072  0.66454653666820340
  0.67606240056739064  0.68792451302190716  0.69896554254866683  0.70903611673041844
  0.71815514077514597  0.72801086095187750  0.73928905657361210  0.75200437207057436
  0.76519541183542772  0.77685414278713538  0.78697254515365245  0.79628790897110779
  0.80486471521106773  0.81530095371344014  0.82665913192597484  0.83859269900879074
  0.85061234171603906  0.86323419938420476  0.87632244188212360  0.88930883144891493
  0.90007775661535927  0.90758163412844084  0.91483300520933963  0.92184351518861929
  0.92857224877364775  0.93515793650657397  0.94754509688969546  0.95919629663620487
  0.96846689009401099  0.97764557704272981  0.98688755587723787  1.00000000000000000
 -0.00667400496811242  0.05148767647505275  0.09643529456068665  0.13027513962783099
  0.16158003548109093  0.19427259516294643  0.22085336838661837  0.24215498880500214
  0.26247663952095956  0.28192482414831982  0.29601743764464467  0.30511496093857782
  0.31331067178311001  0.32087808195930928  0.32792229347052854  0.33471377673535746
  0.34616254690585507  0.35892065797909523  0.37112512101058559  0.38332234751151961
  0.39539742692091612  0.40693298135320027  0.41733517574039097  0.42534671917238498
  0.43334132326804081  0.44108766115665277  0.44931301070931551  0.45951028962664930
  0.46879946683382334  0.47647637618393990  0.48330860076169646  0.48953663178299361
  0.49598869382066035  0.50285766617603989  0.50954344301893650  0.51631329071722121
  0.52339948841440487  0.53057318240778839  0.53777785342535700  0.54469956399870822
  0.55148309243698224  0.55838733765001447  0.56551847028480040  0.57290223071883195
  0.58016001841473708  0.58677642959692666  0.59345808247281273  0.60019549341200684
  0.60742711689367457  0.61485846607903560  0.62209301774572490  0.62891093913822749
  0.63527844784856591  0.64149756456294837  0.64768301567272690  0.65424305422746976
  0.66086340627106444  0.66743220786662949  0.67387642000620396  0.68055593430642225
  0.68762925990997925  0.69521397035876864  0.70292784523556162  0.71017513168602131
  0.71700667352198233  0.72427376660772280  0.73168425622043365  0.73876749356144389
  0.74549083174938779  0.75210372630718192  0.75939552005544841  0.76755740506388637
  0.77638415019580731  0.78577708111284728  0.79411148385982233  0.80164880172815967
  0.80950567898737480  0.81767930046375426  0.82570165083362168  0.83403125099970143
  0.84235759104786456  0.85131800407674285  0.85968841201303392  0.86750553802249120
  0.87530902030940239  0.88319642261584308  0.89141893587445964  0.90020193643002999
  0.90953549533328681  0.91995483042660020  0.93101764698340783  0.94265085373634250
  0.95639599249766372  0.97125255786222930  0.98533994629879307  1.00000000000000000
 -0.00205963276523088  0.00949141451576921  0.01992359304713363  0.03024810173255768
  0.04018664175722023  0.05099274881674205  0.06376263456362398  0.07767518510661210
  0.09179614098044138  0.10331020965225644  0.11272043775709271  0.12160916469060509
  0.13091948048425106  0.14130479012633340  0.15309171728981608  0.16536982313822715
  0.17882031538940921  0.19286603429936619  0.20584727995159158  0.21837778091744439
  0.23092115378347647  0.24560291281983876  0.25762888865221328  0.26769406729339545
  0.27707752736790486  0.28653246874442123  0.29673735926396405  0.30817575798920610
  0.31864536756158235  0.32900105527883827  0.33999439727538344  0.35098188685265275
  0.36046950019409568  0.37031740750478243  0.38016140967060869  0.39100987071732968
  0.40021444641324938  0.40970831702801247  0.41949034218262193  0.43054086444266287
  0.44259050933745797  0.45415169572983788  0.46452226318915996  0.47466202824830639
  0.48558867688490703  0.49305848515920486  0.49857620902407696  0.50403792768732847
  0.50947867449750384  0.51485087630612469  0.52020392918801017  0.52942007506340105
  0.53889121505341087  0.54749994896098542  0.55654687500530997  0.56664504504542157
  0.57657559839224004  0.58627531539369826  0.59639356361354823  0.60709092325462199
  0.61697629957617628  0.62681357058061227  0.63748407857633849  0.64971289151216705
  0.66221650664100340  0.67403658810518197  0.68521399649532788  0.69605035317121522
  0.70713118639048633  0.71841877730301762  0.72984739398062359  0.74172375750859332
  0.75355359097084229  0.76468483779780494  0.77581229902683446  0.78805230567699769
  0.80065688238002042  0.81334307737523293  0.82552326977432344  0.83741520922591883
  0.84877820411432359  0.86093358766250261  0.87284506109974236  0.88281344984809595
  0.89290367503123691  0.90345160720972162  0.91615571180133981  0.92879490684317223
  0.94127808488092590  0.95210229588169770  0.96050009255425739  0.96836549997819066
  0.97601489253758245  0.98330818272560083  0.99103331964374686  1.00000000000000000
 -0.00341262351636070  0.00953501700194830  0.02091891298029980  0.03194226365756560
  0.04380462273142420  0.05633375393048595  0.06816055427092563  0.07976555347232078
  0.09140535190488479  0.10234963216821083  0.11258241024919134  0.12259636152373560
  0.13321458711442660  0.14397239816240986  0.15483878762073786  0.16615404225289526
  0.17862496061026364  0.19046697406209517  0.20141056961809517  0.21006939607922273
  0.21793333703404766  0.22569394705635815  0.23323196277713801  0.24348069253183369
  0.25483796301465972  0.26694376122162611  0.27713965432101634  0.28524638503889294
  0.29318400102287095  0.30114186246547137  0.31047973190855749  0.32000470237376738
  0.32893973461586085  0.33917809228852436  0.34995668182015971  0.36122804332788211
  0.37211756817774777  0.38214446231836541  0.39221801938068818  0.40291597564087611
  0.41395190013165228  0.42472167926331156  0.43509916249624986  0.44670984762640270
  0.45851727781185742  0.46940068850091343  0.48027784702361032  0.49144162221668986
  0.50258762300182180  0.51371383014214622  0.52503837520856478  0.53726618961517936
  0.54819996682861893  0.55845957272962254  0.56909960485990185  0.58005036790483255
  0.59081312326572366  0.60189067056541201  0.61363781639750437  0.62486176668349236
  0.63503655605469844  0.64568063967636125  0.65663062911132730  0.66694402591394486
  0.67789702054398060  0.68824962240134546  0.69891277972723587  0.70952530419568238
  0.71955766271807720  0.72915619193503500  0.73872744114620092  0.74813100428201817
  0.75743362618823273  0.76697580783727481  0.77880003718418811  0.78661419813905209
  0.79299885206032450  0.79951005723154045  0.80603414152442343  0.81324367915967466
  0.82083858474550064  0.83464420314695076  0.84707732543976666  0.85949745296117708
  0.87100641078955787  0.88179724465372666  0.89312937647418988  0.90507697484330529
  0.91620444569528692  0.92683991518685804  0.93832541015348547  0.95160130807671794
  0.96484913984099840  0.97728522013260344  0.98867512835357252  1.00000000000000000
  0.03505022656625700  0.24134364682317117  0.33125753424914295  0.36423192242440516
  0.38422933227273598  0.40048148407250167  0.42217343512097144  0.45578876981097038
  0.48887649739202349  0.51332977224969811  0.52260851889360216  0.53064781679028350
  0.53887528135278318  0.55205263950303196  0.57176087308490620  0.59168344858350785
  0.60819993535612904  0.62361455556274537  0.63489247894965284  0.63966677089601287
  0.64444106284237301  0.64918412754332266  0.65392372688567590  0.65889329391988960
  0.66424314595927370  0.66959299799865790  0.67758449873374271  0.68607045751181017
  0.69452584010825202  0.70309490037330635  0.71251327153769739  0.72218777689662672
  0.73173706054265097  0.74226892666780453  0.75194914163040183  0.76097719120575236
  0.76959545523079020  0.77745760443834344  0.78521529210540686  0.79261828400820378
  0.79958503032055772  0.80632239474468159  0.81279590338844443  0.81897474211989796
  0.82484066372581510  0.83039010389847367  0.83581522929033691  0.84098592878444955
  0.84619460648474676  0.85128789032886099  0.85610746981336627  0.86027538786210467
  0.86452937792491225  0.86889930185189401  0.87290669171781998  0.87717099170870405
  0.88132159085317141  0.88535819916872383  0.88947576374681747  0.89365322769809286
  0.89776268517995828  0.90161539584062755  0.90532967196821834  0.90914291452919160
  0.91320970997026607  0.91710793987812433  0.92068208666205231  0.92399247879164970
  0.92718343123795077  0.93026069078924734  0.93324368513854505  0.93619657343570672
  0.93918896606084212  0.94202263639608586  0.94470718561236044  0.94728410209398539
  0.94983547180614059  0.95240877012027980  0.95502240207828459  0.95766541658339754
  0.96032684977128469  0.96302621458932347  0.96558088228112970  0.96806397238916120
  0.97051218047365562  0.97298463457864759  0.97538630883413724  0.97769083213373575
  0.98004252469049113  0.98240376846121757  0.98493634047977296  0.98748148017557535
  0.99005651812767725  0.99283833952828626  0.99601755554393667  1.00000000000000000
 -0.01388954571067078  0.08141945957177299  0.11472814782269947  0.13362081661748362
  0.14841331415687106  0.16183515048015842  0.17471079430570502  0.18676635934338917
  0.19682319233358206  0.20495900179028845  0.21272228755997555  0.22007560554458283
  0.22814216756635974  0.23622763169017447  0.24372372801070244  0.25087813391820529
  0.25771058131217522  0.26472245764533275  0.27197067163933103  0.27972787527313292
  0.28730096068713062  0.29441642624395997  0.30141250252312285  0.30871666423961475
  0.31562471544550091  0.32240064329265167  0.32879253835314137  0.33494045782113391
  0.34122535622772504  0.34756055380321399  0.35395573604063785  0.36019621202264074
  0.36625319918229843  0.37244878952750571  0.37825942107483473  0.38365968467566525
  0.38945112300751672  0.39537079518940499  0.40144368804771158  0.40726111533922815
  0.41299418179630981  0.41850667077724257  0.42356127699749185  0.42812540962825524
  0.43250867805473070  0.43693610442501801  0.44268183204017364  0.44849132806759417
  0.45426086388455256  0.46037875110250426  0.46691227859803097  0.47360571191032286
  0.47969697492429569  0.48504843349712001  0.49002750958945657  0.49522627595958385
  0.50066864702377445  0.50684816490964513  0.51395070853147706  0.52128981339131208
  0.52855081594122655  0.53547948525174127  0.54184155972202352  0.54803575605181609
  0.55383561143248217  0.55933604353841637  0.56469539064308738  0.56999439295563969
  0.57587126862880944  0.58264960703822544  0.58990362215736003  0.59776567879810194
  0.60626169038944444  0.61499954488622710  0.62356660523301610  0.63239963201753568
  0.64205835776068354  0.65182761496045649  0.66196944039556305  0.67162530746451055
  0.68142846028381210  0.69258856514695799  0.70440895565665285  0.71549466664635442
  0.72587424866376771  0.73766072729651300  0.75090026204184934  0.76758418668699302
  0.78223621176815139  0.79242419943318354  0.80326695425943162  0.81459483513785846
  0.82591605336636098  0.83723447202903212  0.87414284635375172  1.00000000000000000
   1.5351662345483687E-010  -1.0000000000000000     
 F F F F F F F F F F F F F F F F F F F F F F F F F F F F F F F F F F F F F F F F F F F F F F F F F F F F F F F F F F F F F F F F F F F F F F F F F F F F F F F F F F F F F F F F F F F F F F F F F F F F F F F F F F F F F F F F F F F F F F F F F F F F F F F F
  <DiscreteSampler_grid>
  grouped_processes
  1 # 1 for a reference and 2 for a running grid.
  10 # Attribute 'min_bin_probing_points' of the grid.
  1 # Attribute 'grid_mode' of the grid. 1=='default',2=='initialization'
  0.0000000000000000 # Attribute 'small_contrib_threshold' of the grid.
  0.5000000000000000 # Attribute 'damping_power' of the grid.
 # binID   n_entries weight   weight_sqr   abs_weight
    46   10   8.178462543453762E+001   5.704877759053898E+004   8.178462543453762E+001
    47   10   8.178462543453760E+001   5.704877759053900E+004   8.178462543453760E+001
    55   10   8.164458220645155E+001   5.686976508220410E+004   8.164458220645155E+001
    56   10   8.164458220645150E+001   5.686976508220410E+004   8.164458220645150E+001
    58   10   6.273297419333161E+001   3.351856120639347E+004   6.273297419333161E+001
    59   10   6.273297419333157E+001   3.351856120639345E+004   6.273297419333157E+001
    61   10   8.013958152534620E+001   5.482343854389961E+004   8.013958152534620E+001
    62   10   8.013958152534619E+001   5.482343854389964E+004   8.013958152534619E+001
    70   10   8.002086739565684E+001   5.464756047033868E+004   8.002086739565684E+001
    71   10   8.002086739565684E+001   5.464756047033870E+004   8.002086739565684E+001
    73   10   8.178462543453760E+001   5.704877759053896E+004   8.178462543453760E+001
    74   10   8.178462543453759E+001   5.704877759053898E+004   8.178462543453759E+001
    82   10   8.164458220645150E+001   5.686976508220404E+004   8.164458220645150E+001
    83   10   8.164458220645150E+001   5.686976508220410E+004   8.164458220645150E+001
  </DiscreteSampler_grid>
