  0.00000036001656343  0.00000183891117579  0.00000337481031981  0.00000518441823155
  0.00000709775198248  0.00000992326580137  0.00001289107199528  0.00001620907814640
  0.00001994554025505  0.00002388678387586  0.00002759249397817  0.00003063094567149
  0.00003321118579168  0.00003499796222651  0.00003654177109269  0.00003818492887392
  0.00003970710630094  0.00004071154810925  0.00004142897391847  0.00004212766802646
  0.00004273467482867  0.00004323663004412  0.00004371111014133  0.00004416830074333
  0.00004461013283405  0.00004502659568085  0.00004542414392253  0.00004575039717640
  0.00004602963133170  0.00004629090365077  0.00004651897576901  0.00004672347102557
  0.00004692609317571  0.00004712377761865  0.00004731937733675  0.00004750345484823
  0.00004760290334908  0.00004770235184993  0.00004781217834350  0.00004793384071305
  0.00004805550308260  0.00004817197703056  0.00004828596435388  0.00004839995167720
  0.00004853421645148  0.00004867730034822  0.00004880366793914  0.00004892224213033
  0.00004905122170528  0.00004918719031511  0.00004931617848252  0.00004944320880795
  0.00004956633282036  0.00004968881948716  0.00004981136120201  0.00004993793389989
  0.00005007178012964  0.00005021760422180  0.00005036947996281  0.00005052593571180
  0.00005069664009643  0.00005085435954672  0.00005100722751066  0.00005117196856265
  0.00005137168806573  0.00005159333312777  0.00005183916216319  0.00005211994573621
  0.00005249680252572  0.00005292856240337  0.00005337240167840  0.00005378290546487
  0.00005422773967289  0.00005467824224598  0.00005516520347695  0.00005578019896012
  0.00005662743373010  0.00005773489083477  0.00005901945569024  0.00006029220821713
  0.00006142730132778  0.00006266173444848  0.00006414682607663  0.00006577077053398
  0.00006778554704657  0.00007301223830168  0.00007923255235807  0.00008717481775890
  0.00009893545353173  0.00011552695390770  0.00015190249214411  0.00020356457675492
  0.00031395092138292  0.00063765054417412  0.17253962833672448  1.00000000000000000
  0.00931801363305041  0.01776677555687256  0.02589641852779461  0.03543999009959084
  0.04855396984421025  0.06590003907429841  0.07801876647100861  0.09019744651449026
  0.10077581229095224  0.10904067198941614  0.11725808675825053  0.12705299935571676
  0.13683378194599974  0.14583182012450371  0.15370475977974540  0.16116897638341532
  0.16983575865871411  0.18049796768810261  0.18974651589422861  0.19822492977932640
  0.20937763152292166  0.22061440190293782  0.22976495499747096  0.23900987245927363
  0.25029440516642848  0.26386816812829406  0.28309844446014398  0.29917296056263126
  0.31360644030615925  0.32691374949786900  0.34239739247954543  0.35016480148063683
  0.35678190835742141  0.36332039564232788  0.37076662159726664  0.37884516134118018
  0.38873155720724245  0.39993763413549804  0.41104075717579680  0.42147276644750087
  0.43148504820273592  0.44227274011151485  0.45521962239297492  0.46888663228292843
  0.48172115450911124  0.49656966895128773  0.51371742372143647  0.53435931311684048
  0.55822753560621041  0.57863847722469064  0.59847214664850423  0.61178355427591358
  0.62250116128591459  0.63348931535835562  0.64327146854392947  0.65165524850887113
  0.66026375695889328  0.66983899723109941  0.68210161245886114  0.69882109148581240
  0.71103985675373405  0.72218468807462821  0.73014522709718577  0.73810576611974321
  0.74874839858094544  0.75955658310473229  0.76757686605032527  0.77486890989324220
  0.78664202987088494  0.80029374611458659  0.81107436109421538  0.81702556798015413
  0.82086233484952620  0.82391111990302257  0.82696807215311186  0.83085982015281457
  0.83531147185348020  0.83961885976907236  0.84412158230359291  0.84823938164474399
  0.85189739644900075  0.85696069322946167  0.86407905665903284  0.87009660830296920
  0.87325851436601376  0.87814689482520181  0.88414317929311781  0.89229390201648762
  0.90225429905970933  0.91589445815297188  0.93080711261268634  0.94616128527806787
  0.96065673070066193  0.97415239459949921  0.98790282515344063  1.00000000000000000
 -0.00001753411953594  0.00030864131181259  0.00118588635925343  0.00267406513515791
  0.00399956063935774  0.00549052752984206  0.00842258902919560  0.01108992766282721
  0.01347145147271413  0.01683441202833210  0.01955963496598853  0.02209417456948104
  0.02506222104387426  0.02880199618970277  0.03468136593704448  0.03976600586302512
  0.04384682264778565  0.04776486689655293  0.05310579193557694  0.06125646610868739
  0.07090553914445302  0.07765029493587243  0.08415650277640946  0.09128935591854014
  0.10126242189255445  0.11342181945414670  0.12818653100887101  0.14370845768730967
  0.15732154392861938  0.16958902203528844  0.18025537001402403  0.19311656655020956
  0.20920131990995938  0.22400562229552284  0.24048764816666224  0.25039015357255756
  0.26176325726111882  0.27376596479384219  0.28642823902956033  0.30181172780530913
  0.31686364677791001  0.33084092016744271  0.34532787021619943  0.35713938049376515
  0.37217871422362320  0.38541993716984080  0.39545629376717301  0.40567962173742517
  0.41811493987751891  0.43055025801761260  0.44311487837786684  0.45569854808074206
  0.47241575136526626  0.48924058674321502  0.50168839635477214  0.51594909452935911
  0.52937186383367096  0.54181364612908056  0.55384534549792819  0.56625024104136523
  0.57941353351576885  0.59301068443731586  0.60958358904563004  0.63123477199148981
  0.65410290654521386  0.67538533333011186  0.69186743296157405  0.70745172632666276
  0.72265253797618401  0.73744726468548671  0.75462140985650161  0.77281772656163916
  0.79164924232002565  0.80745167241860150  0.81577652879553819  0.82288515602142287
  0.83011533040714824  0.83705008897871458  0.84534231676260763  0.85612092820051666
  0.86810734836483638  0.88057059211869304  0.89005143154254707  0.89955697529723444
  0.90772377027264695  0.91706748732188170  0.92809867521264433  0.93969138318067902
  0.94962074309636535  0.95811963103977615  0.96605071463206382  0.97364127071381101
  0.98084715838359593  0.98754179600654335  0.99390678740252214  1.00000000000000000
 -0.00360627780341194  0.01312089267924752  0.02450216564437205  0.03411943764832683
  0.04421540119753784  0.05354122881393804  0.06267223504180627  0.07315565140435348
  0.08453314321239193  0.09391776626781637  0.10246619763234817  0.11155522069259388
  0.11923060518351561  0.12688794582673762  0.13564998102131928  0.14306905178564347
  0.14843359556522639  0.15479901490978470  0.16142489560494425  0.17068370639967989
  0.18194207026695611  0.19941623511962689  0.21507139629271504  0.22652470421376414
  0.23373502730566467  0.23810637329556408  0.24197538336751284  0.24563961153055594
  0.24902173409038905  0.25233809545007169  0.25862811444160111  0.26538194913359869
  0.27283268544777650  0.28241486174670877  0.29304024141626750  0.29710777485245760
  0.30259147941539982  0.30823783718882503  0.31455845817832961  0.32048064887944638
  0.32579736674500764  0.33007664294787004  0.33371571808116285  0.33767600863365649
  0.34169532246277118  0.34614660848511236  0.35325811218101427  0.36354519145301128
  0.37465387512865406  0.38518198663684783  0.39523385812127643  0.40785738688103568
  0.42155680921425753  0.43471980997806825  0.44811454128709316  0.46157668719916534
  0.47445109110282696  0.48596001332926747  0.49901304504280392  0.51429684265248166
  0.52671989784606976  0.53706093645334207  0.54823167201083856  0.56122932936614389
  0.57486039919781462  0.58641977468812478  0.59671721714589121  0.60708229091764865
  0.61818517394735029  0.63252780888684501  0.64467105854922879  0.65849884074072473
  0.67074806584069557  0.68304538615518784  0.69638415068346793  0.70943119693880452
  0.72237568701875732  0.73554736920873620  0.75133765895012472  0.76953066092182265
  0.78832005264592198  0.80532338163617634  0.82204443445034658  0.83895621453008296
  0.85524634812080980  0.87485774635378388  0.89148269367128963  0.90880601432304953
  0.92505972007524040  0.93928257145005711  0.94825401727322178  0.95843866117732290
  0.96728035227096654  0.97548931478075473  0.98343885552708887  1.00000000000000000
 -0.00600289803421450  0.02243634197089215  0.03797611466591656  0.05162242691009980
  0.06436813084398377  0.07705691480009416  0.08936763839473495  0.09970920135242387
  0.10949984963732778  0.11976115057737723  0.13053564965135422  0.14634479491773256
  0.16101112809321297  0.17191882678618178  0.17813982396162473  0.18486846498273193
  0.19191256095275533  0.20035490836220293  0.20931836146658073  0.21749757652125873
  0.22563840245262595  0.24143871806296158  0.25949540034234947  0.27607560538081627
  0.29243310813728496  0.30913631124809682  0.32431562240165135  0.33191797274717816
  0.33952032309270491  0.34769540000921817  0.35590052191002913  0.36225498900154007
  0.36843242509333857  0.37824049557921718  0.38841644485220833  0.39812821143675864
  0.40741809182695232  0.41752881205735143  0.42636983754413954  0.43521827568129623
  0.44729639020377537  0.46073062455046504  0.47483308351645193  0.48690100764356553
  0.49571704145972695  0.50165304572431557  0.50588950605701599  0.51078045101019398
  0.51500860034968277  0.51919742749943265  0.52358525523405275  0.52754673749436576
  0.53444360858797235  0.54030594743282279  0.54389806948335206  0.54722497563721317
  0.55272957710771675  0.55769360648135136  0.56209999822823298  0.57211037943994847
  0.58613598016028312  0.59896303604052092  0.61047146397536989  0.62122317379556091
  0.62951597840769891  0.63878280057657899  0.64928551494942177  0.66644098279889608
  0.68353553554745849  0.69922210667445839  0.71352283357136836  0.72837931619294738
  0.74744179110062925  0.76329441205380610  0.77413579606229144  0.78554739533293083
  0.79804881477230316  0.81064052253835617  0.82360731559972633  0.84047287289125472
  0.85861937280055911  0.87505398813407020  0.89022433790043631  0.90349765748485078
  0.91421698670658547  0.92188661083842660  0.92788675335793569  0.93386562670908624
  0.93984363346121724  0.94591467361566828  0.95238558016163644  0.96071255289964430
  0.97084719057277813  0.98107118882404387  0.99119162664823124  1.00000000000000000
 -0.00292759280026172  0.00549752494987046  0.01400910306273553  0.02275396481792996
  0.03501825471253442  0.04967978997949601  0.06750418934972725  0.08493469725699709
  0.09983756857592135  0.11404522382799710  0.12785074088493192  0.14020429332618467
  0.15294131792957796  0.16459392118516300  0.17405907363321582  0.18306409990081446
  0.19023489882725064  0.19658181910144767  0.20214985145236647  0.20699907764816533
  0.21417341785202335  0.22521516394972299  0.23710458841198845  0.25232362001280095
  0.26981554040628253  0.28096976980758320  0.28918698450918412  0.29730861658222502
  0.30740295876215029  0.31761899331062454  0.32729365948281303  0.33593949160090375
  0.34431064054947652  0.35387345329706005  0.36394343449953109  0.37377076036678930
  0.38385171740486357  0.39781487283387934  0.40579677098570177  0.41727846388074996
  0.42508892118566033  0.43184576269048108  0.43798991203855009  0.44451624411619256
  0.45193799088212500  0.46119252815136424  0.47584499913742206  0.48920042625043048
  0.50278180450959131  0.51954227308878786  0.53760935278549871  0.55323918290207863
  0.56572829327522511  0.57613608039217945  0.58713889546117204  0.59802195019606874
  0.60787024045490157  0.61585190824602154  0.62557182578524839  0.63676551614440446
  0.64553685579475317  0.65415108616259909  0.66583137805026360  0.68590489773475527
  0.70568197745012728  0.72155087463749790  0.73508586691679934  0.74733526993558641
  0.75914564945519403  0.77415944483422461  0.79265979161224309  0.81214304736061627
  0.82903204163607891  0.84239176713815045  0.85254208095027817  0.85726324418266686
  0.86018973747277072  0.86410265775804018  0.86878500525115199  0.87289288440724488
  0.87620021823626426  0.87969194590760291  0.88418626740160033  0.88859034109077639
  0.89328885711447203  0.89767607369259483  0.90266779603457092  0.90831610721415190
  0.91312319800843966  0.92051220543492640  0.93167771138488942  0.94569985207758256
  0.95932127280673130  0.97114926310451988  0.98529215375950474  1.00000000000000000
 -0.01273980416746778  0.10353015774109234  0.16110074291680757  0.19236750160534655
  0.21740894449096887  0.24530520868470151  0.27155205996973275  0.28705789182307728
  0.29831252105678574  0.30701089341133181  0.31453319954464737  0.32149495301338676
  0.32749692617008447  0.33331910784451962  0.33903796464586156  0.34587722585258013
  0.35411115188975245  0.35937591659510476  0.36400360446650765  0.36836429978885593
  0.37307968235263483  0.37842179137211213  0.38373882424227457  0.38943747051425998
  0.39549126387035011  0.40038290437011542  0.40430663394669286  0.40787171130617395
  0.41197246636052443  0.41809179241313793  0.42606994679937510  0.43259052246167135
  0.43792583638475219  0.44208423566440780  0.44615123166153492  0.45016951330716487
  0.45399198341159142  0.45814870290616377  0.46254645288534857  0.46718125662416010
  0.47254291196595610  0.47886649323153135  0.48603092225293831  0.49359886725384783
  0.50110816548392145  0.50711566339481351  0.51250911537584509  0.51759594760186567
  0.52254107907710279  0.52731649143576798  0.53185657544749609  0.53630848008390841
  0.54091202346502798  0.54554834910444316  0.55032254081212673  0.55606331223309124
  0.55941096907582755  0.56272503590600997  0.56766310058321745  0.57271144039699640
  0.57798621960463681  0.58329096769302391  0.59142694575012977  0.60002316853725723
  0.60811890548632752  0.61624082429884020  0.62524600654355567  0.63253342982558158
  0.64109978854378391  0.64945403221112452  0.65664054975845809  0.66357234554908329
  0.66856095158266859  0.67295465806446730  0.67675149939936763  0.68117356920203997
  0.68487607339277978  0.68818258871609228  0.69160953075167986  0.69524877803392415
  0.69931150613463455  0.70517292275173438  0.71173855138828923  0.71813913386104566
  0.72364660852696405  0.73107589423989050  0.74505797131559581  0.75943668781651397
  0.77346958069059224  0.78866406891464358  0.81237487252543306  0.84139826816495389
  0.87142962902255627  0.92115659782992942  0.96169360435818907  1.00000000000000000
 -0.00369755596203542  0.01499812710163995  0.03034549826552889  0.04542831935546270
  0.05960772885613808  0.07267973891642876  0.08417485083977413  0.09483652973188353
  0.10463323227458111  0.11347756438378345  0.12261607697733996  0.13315557126153604
  0.14422308307380602  0.15174225245705802  0.15732168317381243  0.16331092760342564
  0.17019326117762018  0.17724173862468293  0.18330571316379560  0.18847624223887433
  0.19358503090782467  0.19788155073085775  0.20359273208938947  0.21232458152983671
  0.22311038911943265  0.23625988869339828  0.25087997076304580  0.26738422972612580
  0.27985663297497182  0.29229417001609415  0.30639459550397868  0.32283711121186531
  0.34186618202318236  0.36167697490025769  0.37666926863864375  0.38542436340894248
  0.39324601105560031  0.40057170727191821  0.40893732028221302  0.42204238512018460
  0.43788731474368769  0.44775991396219966  0.45604570928906674  0.46480029495545599
  0.47478250041802089  0.48941229270067710  0.50763376351046618  0.52546029015030171
  0.54458837245045322  0.56088478629036576  0.57412760012043595  0.58587671929592888
  0.59702311967660571  0.60875567991744683  0.62223803942629496  0.63795321291691387
  0.64908610953028312  0.65432100257568282  0.65907920755439342  0.66378716000877069
  0.66839616912816313  0.67258587963007566  0.67677913318872129  0.68030806422341283
  0.68407054933517986  0.68829028110014212  0.69341894934692072  0.70055130317232339
  0.70627282212397546  0.71321667732738436  0.72831637355328371  0.74090816454810393
  0.75222195456117968  0.76531562680971166  0.77853680341692333  0.79266222369572348
  0.80514901553106211  0.81627242520240106  0.82387659130065560  0.83042067968185251
  0.83780115167426883  0.84588507434638560  0.85472658580998695  0.86594560057766856
  0.88248473648406778  0.90111382703273224  0.91711575691462277  0.93116704327648425
  0.94479539761384279  0.95445257845038034  0.96191828168801741  0.96974317354572293
  0.97798135164786082  0.98575099698799828  0.99287549849399903  1.00000000000000000
  0.06493498656311911  0.21693827820470840  0.28506936190429033  0.33915122900833994
  0.38313476499810434  0.41029278768228505  0.42645196579405931  0.43970811697967516
  0.45168134361577517  0.46215544455166291  0.47111606337771877  0.47825042754682223
  0.48539511093777465  0.49376523965117913  0.50388444873189775  0.51352652828913836
  0.52421835374370596  0.53698663785137846  0.54994996112467776  0.56088444225653467
  0.57188790415469792  0.58369990410645478  0.59580184575014350  0.60619803707384778
  0.61352058312357494  0.62010302952769059  0.62571562448179696  0.63112894665522878
  0.63652036502102249  0.64351721622214519  0.65213718332981885  0.66062414127306390
  0.66700238955140545  0.67259815188504501  0.67865116159619032  0.68542747446204966
  0.69233065304819752  0.69908511168566534  0.70516634312899451  0.71087335081415648
  0.71666562516534238  0.72264061225016119  0.72963451789100120  0.73787952933054035
  0.74596428319619101  0.75138799513257215  0.75444271431912191  0.75748809708371811
  0.76051322653110953  0.76337470638647886  0.76589404826838736  0.76927627366522577
  0.77532744514536223  0.78194489411932699  0.78766062941055892  0.79332000908438560
  0.79866124050421772  0.80401686559308871  0.80958590957351750  0.81608091515700865
  0.82310038261690144  0.83053503277055096  0.83775837214461701  0.84366684918826862
  0.84873237855811623  0.85395515795652399  0.85937704128278958  0.86470188716162177
  0.86995596668906294  0.87512469023935080  0.87932125723793786  0.88300740148452106
  0.88683714951543691  0.89122735695654043  0.89521839504544942  0.89807852830552648
  0.90035281284796842  0.90308353160679045  0.90617632509378376  0.90867356595728022
  0.91099379070832709  0.91414953161402235  0.91851828789460710  0.92259730265369611
  0.92643859782757176  0.93037966929036819  0.93474636167504765  0.93868349412254282
  0.94248734408329249  0.94599185540618869  0.94983001323151872  0.95333722834909074
  0.95654327981424092  0.96210143886811228  0.97458161770422191  1.00000000000000000
 -0.01741400529781936  0.11751665737646154  0.15892655634507197  0.17825555056594539
  0.18806139933139826  0.19740806387450366  0.20658057372371919  0.21472699342734311
  0.22150448847968127  0.23134279766003391  0.24146833581917934  0.25162639415011595
  0.26066131628371320  0.26916509242870262  0.27683989679881088  0.28389304081647360
  0.29031282357040122  0.29632772328319734  0.30216394150658393  0.30957880715643660
  0.31836824246680573  0.32657632265964620  0.33258341803030539  0.33747797007595626
  0.34209813090873559  0.34688563847636017  0.35258883959390863  0.36006297034216644
  0.36687749426867006  0.37391368132433517  0.38350041823121678  0.39382924248665185
  0.40476219059093255  0.41308656054623183  0.42087166548188981  0.42794308079403981
  0.43452849979875974  0.44135716440005834  0.44859366578959703  0.45566896936309259
  0.46252973260947772  0.46882073958000392  0.47459964043008052  0.48063803801003330
  0.48733176743147588  0.49184693763987192  0.49636210784826801  0.50169453569489519
  0.50711772908743180  0.51322546236031530  0.51961597188750330  0.52681083807150741
  0.53458186665153318  0.54207175890649706  0.54949959429665696  0.55773904646311356
  0.56611643612963281  0.57423958446259804  0.58273941746411961  0.59231631583370581
  0.60150800128352500  0.60934739187109543  0.61661121499299454  0.62275497870783414
  0.62681684700656304  0.63002132096095320  0.63346218035573576  0.63746333713463266
  0.64213237874713835  0.64707432998423553  0.65210020328746998  0.65656561195947583
  0.66045732385008915  0.66481888276207368  0.66887511038570346  0.67211404579682221
  0.67579814862958121  0.68052865553540554  0.68450166726067474  0.69168828982371611
  0.70225005778948479  0.71404083305248722  0.72616580038220679  0.73806007523734551
  0.75222105467433809  0.76900731448900206  0.78702035427724060  0.80418439648622508
  0.81896350861812073  0.82894844388816546  0.83843844918414512  0.84753588514063682
  0.85459710424236301  0.86850311080796438  0.89251915135865800  1.00000000000000000
   1.6609974750550799E-012  -1.0000000000000000     
 F F F F F F F F F F F F F F F F F F F F F F F F F F F F F F F F F F F F F F F F F F F F F F F F F F F F F F F F F F F F F F F F F F F F F F F F F F F F F F F F F F F F F F F F F F F F F F F F F F F F F F F F F F F F F F F F F F F F F F F F F F F F F F F F
  <DiscreteSampler_grid>
  grouped_processes
  1 # 1 for a reference and 2 for a running grid.
  10 # Attribute 'min_bin_probing_points' of the grid.
  1 # Attribute 'grid_mode' of the grid. 1=='default',2=='initialization'
  0.0000000000000000 # Attribute 'small_contrib_threshold' of the grid.
  0.5000000000000000 # Attribute 'damping_power' of the grid.
 # binID   n_entries weight   weight_sqr   abs_weight
    19   10   1.068379607127009E-002   3.614543608307213E-004   1.068379607127009E-002
    20   10   1.068379607127008E-002   3.614543608307206E-004   1.068379607127008E-002
  </DiscreteSampler_grid>
