  0.00000044060045351  0.00000124601042110  0.00000182524002338  0.00000251205594915
  0.00000329500171147  0.00000410991872098  0.00000514884686572  0.00000626665765577
  0.00000733531501916  0.00000841761979896  0.00000950259262502  0.00001049441576264
  0.00001142083394685  0.00001222602244966  0.00001300113068092  0.00001381557462545
  0.00001468652318878  0.00001553620564937  0.00001629399654091  0.00001700356635650
  0.00001770516853106  0.00001840849809018  0.00001910257743914  0.00001973793093855
  0.00002030505031732  0.00002082826674332  0.00002133368904330  0.00002183089107354
  0.00002231620411355  0.00002278179285785  0.00002323043231341  0.00002366912845997
  0.00002410153761295  0.00002452364467720  0.00002494410792852  0.00002534381588214
  0.00002571734156103  0.00002606418985652  0.00002639066084699  0.00002671061072197
  0.00002702087922646  0.00002732128625712  0.00002760814980467  0.00002789385310637
  0.00002817842345473  0.00002846090205597  0.00002880241800794  0.00002919276451563
  0.00002966880172322  0.00004532744063703  0.00004770062104675  0.00004835907407248
  0.00004894419749635  0.00004936680439159  0.00004979836787224  0.00005023866876058
  0.00005069070022931  0.00005122491885448  0.00005183460892373  0.00005255150379180
  0.00005329652953065  0.00005406731175142  0.00005489116228154  0.00005580077050229
  0.00005677603364879  0.00005781836681887  0.00005902707044137  0.00006027143013435
  0.00006158228316859  0.00006297366723054  0.00006442947051720  0.00006599129340054
  0.00006765190367539  0.00006966441340836  0.00007192044895292  0.00007435790648314
  0.00007693447471999  0.00007976809150476  0.00008348483111674  0.00008918379781985
  0.00009452041840001  0.00010092884007712  0.00010757859958033  0.00011534534627702
  0.00012540622559083  0.00013756844458166  0.00015263553918857  0.00017304163684762
  0.00020315865329167  0.00024640738288359  0.00030916870393966  0.00040964800463696
  0.00059996947842378  0.00109071732753752  0.08022028361208242  1.00000000000000000
  0.00869772361809683  0.01886388046065073  0.03315339529901823  0.04801657272803887
  0.06415435605286408  0.07679773573933463  0.08816302439683193  0.09857241173583775
  0.10916546230474090  0.12044088295983416  0.13176849823061945  0.14307208672189337
  0.15521882114161478  0.16764545365293862  0.17863970503701862  0.18859152318288291
  0.19851760543553063  0.20917455136030924  0.22016345988940922  0.23034683667265368
  0.23981778809537985  0.24963753568118693  0.25974861879648065  0.26974973478174369
  0.27882718639268322  0.28790900725648361  0.29700279488895037  0.30684470638647199
  0.31691939349762049  0.32697764178828548  0.33791173525930029  0.34939303300772095
  0.36112124633569831  0.37297045284240032  0.38407980366340116  0.39373047113188403
  0.40421359889654440  0.41546880042008738  0.42734630743768359  0.43796158125314016
  0.44890913880978162  0.45985302631413194  0.47211062795775738  0.48443747715345986
  0.49676623151537458  0.50676528050441461  0.51549716180108229  0.52510528096127784
  0.53501639904490306  0.54555328107883416  0.55617104466208733  0.56548530901372585
  0.57531440330799932  0.58544620704017358  0.59585513478988306  0.60603573085777174
  0.61567661916319716  0.62515243906456797  0.63523692190440562  0.64553392265255383
  0.65495475235766942  0.66423400315376724  0.67347964107339886  0.68297186665459231
  0.69333913034426464  0.70358303177032544  0.71398572604368049  0.72546500625934207
  0.73767828957197290  0.75024133332290122  0.76265383151724897  0.77505640986012247
  0.78777332405920508  0.79764075979763960  0.80587804486686065  0.81387216439338994
  0.82151056935315503  0.82872639645359925  0.83596840463360766  0.84416729042710426
  0.85179418959525377  0.86436445825264197  0.87746982707062871  0.88971762872439542
  0.90107664898895412  0.91364254335200457  0.92260583626050319  0.93084004673125820
  0.93944577553286990  0.94893225995023200  0.95843921193129977  0.96782757754038173
  0.97701786404374780  0.98581329750119939  0.99012313541935559  1.00000000000000000
 -0.00002101328642737  0.00025377265247940  0.00067277080090623  0.00125005598248278
  0.00209989741435126  0.00333022895141144  0.00484638884547216  0.00671431192623286
  0.00877767934117196  0.01076206778163029  0.01297095921754405  0.01568286803554009
  0.01860225103095801  0.02190185536167055  0.02531910425381494  0.02863535186992687
  0.03206969317476860  0.03558215921572527  0.03922649190309187  0.04269721439146888
  0.04618325222251863  0.05012150519627580  0.05414187399082843  0.05797145340486833
  0.06125279957048109  0.06502346104583935  0.06870961041503647  0.07252058392922131
  0.07615885574063469  0.08088547360294404  0.08603769287739696  0.09114228277876481
  0.09690193182252808  0.10260152785520124  0.10757952050681760  0.11248971306951358
  0.11739830128442019  0.12221530095932874  0.12682082839044484  0.13193153346433917
  0.13756224048599394  0.14343831239520941  0.14922517787202638  0.15473814298994193
  0.16048027785170396  0.16672238418133165  0.17304092310759916  0.17884102390173814
  0.18452543237647814  0.19022357252542713  0.19604796783873357  0.20178731517300130
  0.20982925970597041  0.21806882035298800  0.22601193661934449  0.23403145198221484
  0.24234954255346799  0.25105540897718259  0.26061960243243326  0.27141217261010459
  0.28302840551978103  0.29513760442698955  0.30702000783188049  0.31804087047730517
  0.32828460597976739  0.33807263426766793  0.34790182590442736  0.35881909543547363
  0.36920488070400004  0.37961876513704707  0.38967517521346795  0.39943098247689751
  0.40954274186605111  0.42000957707789432  0.43136037191328397  0.44372196553686633
  0.45635593922206474  0.46908775875054676  0.48319299092372547  0.49831847556504566
  0.51306954765472712  0.52844795299786873  0.54747863407125452  0.56766121721864438
  0.58850905030094447  0.61119391618441576  0.63715015507309292  0.66685969345306240
  0.70083718802032258  0.73719658006416355  0.77384457518915295  0.81166081369418364
  0.85279404110275425  0.89696995538513558  0.94799498408644689  1.00000000000000000
 -0.00155209011685142  0.00760206773757665  0.01408536562406381  0.01999720763159291
  0.02647131713792803  0.03337575546472387  0.04074185885787496  0.04868762112092340
  0.05646733201160307  0.06705126734405255  0.07976378550950174  0.09206913095630131
  0.10410030791468487  0.11433551198586546  0.12601236630303364  0.13854502169413377
  0.14995139250424142  0.16105426758200028  0.17270215310165146  0.18497966114039402
  0.19860279674786030  0.21356481166861258  0.22748424381145113  0.24101531496939863
  0.25441166354800265  0.26773947664307851  0.27942662257611917  0.29077922033577103
  0.30273450386075168  0.31406741191840831  0.32395189506198552  0.33441976639802917
  0.34547734178386824  0.35648279997687143  0.36703574393999200  0.37806999091221588
  0.39059338512758640  0.40320460530402091  0.41453104709870103  0.42525589067549890
  0.43583001926784859  0.44619721209874746  0.45660908372245423  0.46747078197628700
  0.47931866858137806  0.49211443468843552  0.50433683662292328  0.51442148120952624
  0.52410726928394946  0.53361226680007590  0.54264946366912037  0.55092341623952235
  0.55925740574071425  0.56842638932517098  0.57792344173553090  0.58686639171992694
  0.59620746702922345  0.60588735342056244  0.61635979284281950  0.62713508285104602
  0.63734508247755439  0.64766603441002901  0.65794937056310199  0.66780133148165710
  0.67834114531590062  0.68894852135820350  0.69936952749477133  0.70859667683216476
  0.71745829222937796  0.72621013093176989  0.73625496038952198  0.74565672404570504
  0.75630015278347629  0.76696893658549281  0.77771033117104316  0.78894022344147763
  0.79912830789240519  0.80981610723154718  0.82033817189927205  0.83040211888687476
  0.84036977321835149  0.85105936472780730  0.86192503140769450  0.87363274873829810
  0.88702407901181801  0.89845215058710892  0.90751871283140972  0.91604922829955326
  0.92512032488205087  0.93526504399229948  0.94552136092829941  0.95606579030829941
  0.96629569065958854  0.97823799719147986  0.98855728460335213  1.00000000000000000
 -0.00195251112689998  0.00741953413057952  0.01605570892146754  0.02655711569567037
  0.03699154932899724  0.04905485198513816  0.06198478279285081  0.07277045202403146
  0.08239424288180301  0.09177188393629163  0.10159665167133232  0.11066530759359625
  0.11863828029778786  0.12639992539132758  0.13530824350768852  0.14531497578380020
  0.15622589391811922  0.16619771800377789  0.17692803697769241  0.18780560350655079
  0.19852897043589707  0.20980541495429789  0.22245910009074110  0.23597739010186949
  0.24949796002169544  0.26297727293738804  0.27496947070874678  0.28625979123748008
  0.29813999471043434  0.30991169515542349  0.32252550040604172  0.33527252892929443
  0.34763515928233801  0.35976480213224110  0.37160150358146321  0.38362485805105645
  0.39513353141938334  0.40327284733766178  0.41150183286607578  0.42034432461116250
  0.42990196739650222  0.43960351944644932  0.44869317403905679  0.45818495899068967
  0.46904420263961299  0.48064908146052415  0.49183353540835617  0.50117478336481935
  0.50938303165228038  0.51740907247854506  0.52722067849653598  0.53786206869451147
  0.54789778393392341  0.55761793234833346  0.56772554676813514  0.57840054885446979
  0.58771282902197408  0.59463115766712682  0.60165244401212870  0.60956626300375860
  0.61736398569939122  0.62495079616765292  0.63259893803446632  0.64060300315862007
  0.64939865080199177  0.65889298431793419  0.66797678169330255  0.67675250164613987
  0.68565660607547729  0.69517516329971729  0.70576307997952137  0.71917664725562969
  0.73316083684318545  0.74678552775498197  0.75770549741136506  0.76846287192664142
  0.77933358492719340  0.78976023430063569  0.80085029215092163  0.81168911606708838
  0.82272573359907830  0.83368509670895641  0.84398995663601872  0.85513086031682772
  0.86726843190522140  0.87867443532038036  0.88896688587582295  0.89960957759648763
  0.91133497708817990  0.92394944990577854  0.93826198344153455  0.95399701131759584
  0.96806081777905584  0.97949181539383623  0.99003084990989576  1.00000000000000000
 -0.00193941639865523  0.00747182750927792  0.01538964383699534  0.02434233430105435
  0.03273779059873819  0.04148229519438464  0.05057891007704080  0.05977050948496243
  0.07414137350273185  0.08555512580752250  0.09534077506284780  0.10458360017898571
  0.11449803831589568  0.12464603884057596  0.13437846446579121  0.14457756678387007
  0.15837082435868477  0.17315727268325465  0.18571901189088913  0.19775551823302914
  0.20922043302137863  0.22018344509629398  0.23066697880323381  0.24119871023121409
  0.25259749939200948  0.26497917676419191  0.27810863414349829  0.29032271820555244
  0.30049534494612395  0.31013694487444171  0.31995182988345477  0.33006900788690757
  0.34144189173755812  0.35239709222824545  0.36424804875521521  0.37694888547823979
  0.39035869109132859  0.40407982930656616  0.41754544903498930  0.43037716534924320
  0.44181609219495122  0.45254561020661149  0.46292020603367456  0.47185846151666344
  0.48052295355869562  0.48904177576785279  0.49832211105193552  0.50761528861080640
  0.51767738262048080  0.52745148254494945  0.53648414534874955  0.54519476833026292
  0.55447612857789808  0.56473087420229240  0.57586918516358343  0.58653048916757922
  0.59996477957686600  0.60926083315601687  0.61882295895063832  0.62807321323823428
  0.63536951650573825  0.64267091390757258  0.65048722609921328  0.65847576340210223
  0.66597180892600694  0.67349492004182154  0.68120999328639431  0.68972585314815316
  0.70033714283453552  0.71178226267154932  0.72407666608625298  0.73688908654802676
  0.75208079589964061  0.76632888235476981  0.77820144986350159  0.78805813144507664
  0.79744370680922838  0.80754231255389519  0.81825189594269809  0.82875540629582434
  0.83956831207527705  0.85127785086335894  0.86357405671797027  0.87559584532720702
  0.88681642608654432  0.89799676100003867  0.90877310241020748  0.91945626699277994
  0.93069265307432936  0.94099180677089300  0.95443427282931803  0.96355509002016237
  0.97286081157353155  0.98190289784565377  0.99110081697054109  1.00000000000000000
 -0.02048113819124240  0.17383419096069971  0.25222467152747308  0.30275414276291879
  0.33825882244759864  0.37139519962579787  0.40006310787287525  0.42762381721666615
  0.45244000617687585  0.47452905362342856  0.49300451890806923  0.50787305416414807
  0.52144208506785750  0.53465280668184412  0.54789271843616649  0.56012048943132797
  0.57206305176164440  0.58379838622385705  0.59474739132163368  0.60486123580094664
  0.61392839080852102  0.62285118733502731  0.63147125839103713  0.63976728335957922
  0.64774182657731472  0.65470368529843959  0.66088747898191236  0.66720965992011327
  0.67365791945843856  0.68063981166569254  0.68794819090206305  0.69596946194227993
  0.70337280658582912  0.71110916258713552  0.71930810065913697  0.72707862647224530
  0.73336686145755303  0.73893054929715174  0.74467149141606892  0.75064571255909562
  0.75604955847259303  0.76148309803480996  0.76685603688548221  0.77300558759072935
  0.77864880657482560  0.78331243092263558  0.78749939056287555  0.79216072801222404
  0.79766541962380011  0.80380978043877749  0.81021497944781051  0.81551029843940681
  0.82034980644044442  0.82527324313699479  0.83039110162873797  0.83553021610017930
  0.84068665305611212  0.84579676315640473  0.85076180333407470  0.85573101455579526
  0.86064319670537315  0.86570183737397244  0.87037628798457223  0.87502908069793284
  0.87974203722341504  0.88455887188111593  0.88978561131724432  0.89496508593716362
  0.90016113053147195  0.90497236464858355  0.90946008255700528  0.91381675371812177
  0.91811712747996566  0.92257115861341199  0.92722519696602357  0.93193768285284939
  0.93662506100077703  0.94150388769279969  0.94638895671823509  0.95140291781627950
  0.95688473862819234  0.96050363392324223  0.96390750388904778  0.96712476660968538
  0.97017257085550168  0.97318342379756595  0.97595150404681097  0.97843415578298087
  0.98074931257884501  0.98295919827390865  0.98529584039069418  0.98809391988402195
  0.99124146235881150  0.99425203611298785  0.99708294574223688  1.00000000000000000
 -0.00130053778480919  0.00669479887595840  0.01443001340626564  0.02384923561826088
  0.03337639988256948  0.04329177325492854  0.05559581555657924  0.06848756366575064
  0.08132122887409111  0.09333278484920096  0.10318343047402656  0.11341790597637963
  0.12413254707423216  0.13631377442149772  0.15031436248516217  0.16576687326734774
  0.18102582284590990  0.19451135357212607  0.20437102251922243  0.21372130895134639
  0.22191126767924044  0.23008990529711201  0.23852201117841468  0.24749851095230427
  0.25601949842267296  0.26405242316796379  0.27291519547598597  0.28403000987698801
  0.29506543105388955  0.30455122414136643  0.31327141140826670  0.32314016968057263
  0.33246295361964662  0.34232833966231008  0.35351927405173966  0.36511677361931116
  0.37652092601307863  0.38739825926694116  0.39785101143213747  0.40833146270951087
  0.41921189602205139  0.43079734343603382  0.44274925232695717  0.45422184526831388
  0.46549172049040372  0.47689952457477125  0.48806993043550501  0.49896233019325842
  0.50956030985601120  0.52080165406603973  0.53216016645170328  0.54731865690584014
  0.56338210881430284  0.57851220913841950  0.59201617877105939  0.60427308197875107
  0.61654881876108392  0.62797186113468584  0.63911180810648760  0.64998430711557176
  0.66000517949182980  0.66954446709125404  0.67867729387897557  0.68682139217630611
  0.69812635774239495  0.70910002632185964  0.72015293815229497  0.73034566664536615
  0.73977113915938220  0.74937243739986137  0.75943638388453938  0.76895678430576520
  0.77878025478954638  0.78892849089034800  0.80022017449252769  0.81156594979894769
  0.82097231073474808  0.82892026173440381  0.83646963649129036  0.84390458078564412
  0.85151863025164898  0.85960258688547797  0.86844022684569011  0.87861341580440644
  0.88987034603651793  0.90017657086770608  0.90970364243847401  0.91940774927949476
  0.92960390123203707  0.94015635239215845  0.95092511592160500  0.96088241455979884
  0.97013200429784541  0.98001897391487924  0.98996256429254825  1.00000000000000000
  0.13467642488354262  0.19110910558699296  0.23272216516121805  0.25895853692690007
  0.28200447260307060  0.30578430078485186  0.32800746938160213  0.34787618120794994
  0.36606782877654093  0.38348313763434050  0.39924756108030607  0.41309779673689045
  0.42672486958047090  0.44000861641997890  0.45331348789517556  0.46675333589182155
  0.47799395889498153  0.48786123691534461  0.49740687299795899  0.50739891042728191
  0.51685149442346123  0.52568133025138197  0.53454254524319078  0.54353584425182022
  0.55261698117204250  0.56142500332551482  0.57001933720704001  0.57764408826335656
  0.58468592884225590  0.59148319034822161  0.59819264149807938  0.60489413974809614
  0.61105432981129781  0.61684324120334133  0.62280407288412432  0.62925162074246688
  0.63650304765384103  0.64408235969414740  0.65116176980489493  0.65758710077598070
  0.66382886805022312  0.67018648426108951  0.67618626706253204  0.68177261547085843
  0.68712761370346254  0.69204519274101617  0.69652913706259989  0.70126614921027786
  0.70538430636241389  0.70920137330294331  0.71294260411268739  0.71674552433262773
  0.72099849856956399  0.72583561704399624  0.73086775223267142  0.73591227851856844
  0.74054424732071156  0.74474291054447961  0.74884961356836222  0.75327245154179623
  0.75784854790875433  0.76236631822759693  0.76664727766948582  0.77118099222330427
  0.77599995313704828  0.78127962648281868  0.78673108336400577  0.79207889453652525
  0.79702423283081292  0.80140510861009417  0.80558605962997842  0.80994102104822630
  0.81447902171796027  0.81913877660170331  0.82394917960719094  0.82898176532755508
  0.83427325608565317  0.83974498937229070  0.84491156548015023  0.85005184609642803
  0.85548714487427624  0.86182201584594020  0.86834984333684462  0.87471715008308404
  0.88090240885787507  0.88688349193222127  0.89301557983005386  0.89969862875792928
  0.90728848934341066  0.91518142434802230  0.92353604782044374  0.93282125168909302
  0.94321296642304564  0.95530484999463716  0.97364002803910621  1.00000000000000000
 -0.01363248398079734  0.08786995810059416  0.12187420882059875  0.14465517419188234
  0.16362381563221870  0.18129736428704446  0.19649511274460107  0.20908767590346883
  0.22041852306719914  0.23206301276587687  0.24490424846943168  0.25738706741560691
  0.26957407111327902  0.28186080475830461  0.29239354779655091  0.30087508231941801
  0.30897794492585035  0.31692120484570063  0.32509661029344250  0.33344961462467892
  0.33969795356841104  0.34454873704948530  0.34943196823899825  0.35399233696422466
  0.35826818175380598  0.36222441818630380  0.36628099438298400  0.37052994476040729
  0.37554524928576183  0.38124391825671461  0.38696785993641192  0.39309109057674191
  0.40011155326045961  0.40778385672134160  0.41514716183519529  0.42145303743815582
  0.42729904698451487  0.43309806933984540  0.43941722021749274  0.44564748144646721
  0.45179720491468889  0.45762046986888549  0.46297828480978381  0.46835252442516967
  0.47417635554164350  0.47987940387968814  0.48445788346955132  0.48893763772859611
  0.49343879255706108  0.49812166123265794  0.50302434984754951  0.50809761744437398
  0.51310136625666858  0.51800050518162577  0.52275380640367497  0.52751075733851616
  0.53222035585847971  0.53677270880529726  0.54134473335935485  0.54685735574581151
  0.55269338761960141  0.55821495548273736  0.56379639948298688  0.56976423442880997
  0.57591079828881231  0.58231863567057074  0.58884354718202248  0.59557029497294134
  0.60262708342877891  0.60992384432801416  0.61744316901462282  0.62479239686806387
  0.63260701006225306  0.64096324149204542  0.65006022550021958  0.65954956776092155
  0.66829406053908891  0.67539981114059655  0.68227761617282945  0.68948214745119885
  0.69679716017652282  0.70408995559616150  0.71068771913201723  0.71745920725752288
  0.72535609332848339  0.73458722327499737  0.74392495904933809  0.75342616390674277
  0.76451799018740363  0.77752503065669087  0.79308053388965227  0.80979207259927199
  0.82824845976685868  0.85003784822395256  0.88686676329271708  1.00000000000000000
   3.2769039681439106E-011  -1.0000000000000000     
 F F F F F F F F F F F F F F F F F F F F F F F F F F F F F F F F F F F F F F F F F F F F F F F F F F F F F F F F F F F F F F F F F F F F F F F F F F F F F F F F F F F F F F F F F F F F F F F F F F F F F F F F F F F F F F F F F F F F F F F F F F F F F F F F
  <DiscreteSampler_grid>
  grouped_processes
  1 # 1 for a reference and 2 for a running grid.
  10 # Attribute 'min_bin_probing_points' of the grid.
  1 # Attribute 'grid_mode' of the grid. 1=='default',2=='initialization'
  0.0000000000000000 # Attribute 'small_contrib_threshold' of the grid.
  0.5000000000000000 # Attribute 'damping_power' of the grid.
 # binID   n_entries weight   weight_sqr   abs_weight
    79   10   7.840755574653514E-001   2.579844927164407E+000   7.840755574653514E-001
    80   10   7.840755574653520E-001   2.579844927164412E+000   7.840755574653520E-001
    82   10   4.189958298981454E-002   7.367110294725529E-003   4.189958298981454E-002
    83   10   4.189958298981457E-002   7.367110294725543E-003   4.189958298981457E-002
    85   10   1.467256798150111E+001   9.034206876176373E+002   1.467256798150111E+001
    86   10   1.467256798150112E+001   9.034206876176393E+002   1.467256798150112E+001
    88   10   7.840755574653514E-001   2.579844927164407E+000   7.840755574653514E-001
    89   10   7.840755574653517E-001   2.579844927164410E+000   7.840755574653517E-001
  </DiscreteSampler_grid>
