 -0.00000080727652240 -0.00000024217893197  0.00000032291865846  0.00000088801624890
  0.00000145311383933  0.00000201821142976  0.00000266187083805  0.00000330938640114
  0.00000395690196424  0.00000460441752733  0.00000525193309043  0.00000589944865352
  0.00000654696421661  0.00000754205791184  0.00000924095572091  0.00001093985352998
  0.00001263875133905  0.00001433764914813  0.00001603654695720  0.00001773544476627
  0.00002058416901147  0.00002419053276412  0.00002779689651676  0.00003140326026940
  0.00003500962402204  0.00003861598777468  0.00004222235152733  0.00005062174321972
  0.00005951458076927  0.00007022961077651  0.00008865609839067  0.00011238869703032
  0.00013830128654016  0.00016810820802597  0.00020469054583348  0.00024502271074922
  0.00028736616770038  0.00034564511153167  0.00050838116214574  0.00072020812383571
  0.00094477897962430  0.00127199588251825  0.00168675545470333  0.00220818077900439
  0.00354348671468251  0.00682581618410104  0.01178942749727209  0.01796419920813220
  0.02662814460351532  0.05489810208269420  0.10209138632517464  0.15473131941288268
  0.21161929184837971  0.26019776800696981  0.30442434996856477  0.35319534300202454
  0.41504122536022880  0.46744381639360888  0.52375761536272059  0.59316021441119127
  0.65357185674354856  0.70658119046213075  0.76257823619036258  0.82645878404385165
  0.89126922167453204  0.95212063050794282  0.96785129755286792  0.97811396912467807
  0.98413836559678802  0.98826682611671290  0.99173354113648304  0.99536156567406486
  0.99733142842847933  0.99848174854747185  0.99897034668453100  0.99922975814477888
  0.99940075042735532  0.99951916846885125  0.99960074034313551  0.99967817931994540
  0.99973528131590206  0.99977749915865011  0.99981166144777700  0.99984179405936124
  0.99987003749130809  0.99989031381517013  0.99990692522299152  0.99992202802711361
  0.99993629056757583  0.99994987256117873  0.99996177997129532  0.99997154791433041
  0.99997915410392246  0.99998646132827318  0.99999323066413659  1.00000000000000000
 -0.00000233072498156  0.00001267012581868  0.00002138263356393  0.00002446578290862
  0.00002764175990542  0.00003086291322247  0.00003389062897534  0.00003651571868941
  0.00003786377644271  0.00003906380665438  0.00003985893278603  0.00004018013059919
  0.00004081670513710  0.00004126918088595  0.00004164535793741  0.00004208022461349
  0.00004257274086216  0.00004314873269109  0.00004368335646604  0.00004407522035261
  0.00004458404345535  0.00004514162205645  0.00004569073030099  0.00004650087652694
  0.00004748352260548  0.00004839598730783  0.00004934725714891  0.00005064975200585
  0.00005229388178599  0.00005388618727776  0.00005574711805734  0.00005897989844745
  0.00006289031093174  0.00006681062426073  0.00007073912387708  0.00007643521184471
  0.00008229533353841  0.00008777960224622  0.00009352375464921  0.00009945361280407
  0.00010406587808490  0.00010818744598422  0.00011034134126357  0.00011249523654292
  0.00011471424032398  0.00011711586462935  0.00011951748893471  0.00012203700327591
  0.00012464388907399  0.00012725077487207  0.00013293544551759  0.00014116252131106
  0.00014853105641934  0.00015327954760278  0.00015619744059696  0.00015981652882690
  0.00016807791116377  0.00017539057179889  0.00018214125727317  0.00019095042938493
  0.00019460051620599  0.00019723894156787  0.00019984878701711  0.00020320368415420
  0.00020847952417032  0.00021474775764889  0.00022235097751009  0.00022758312865289
  0.00023358263528381  0.00023909942563609  0.00024443139334252  0.00025041443684981
  0.00025684797720494  0.00026261305148915  0.00026645534337046  0.00026894152543083
  0.00027077078387086  0.00027130166976222  0.00027163471057119  0.00027220667066522
  0.00027285834153145  0.00027352465956398  0.00027435793124945  0.00027527538686442
  0.00027961144027294  0.00028974225093438  0.00030031520628483  0.00031228481084260
  0.00032571426303785  0.00034013055456061  0.00037937395074967  0.00042457658452778
  0.00054320506146407  0.00082933584496637  0.00843700016627172  1.00000000000000000
 -0.00707916261343200  0.03540948149798594  0.04904829136453152  0.06952707220235042
  0.09382301987064084  0.14017322623536962  0.19324866083893522  0.24464515021675140
  0.27064064299318563  0.28759322471319315  0.30345739281423972  0.31839395687711292
  0.33479067904813409  0.34932953154805874  0.37769530253482059  0.40007085083682903
  0.41676724183713437  0.43226089822387959  0.44256364777064655  0.45403041603823879
  0.46971946771378770  0.49029501382657320  0.51050022395947769  0.52706504280350308
  0.54625218246865359  0.55806717261981220  0.56478853613604996  0.57087898404578796
  0.57809886981514236  0.58522420655031582  0.59665883925357355  0.60508629667471681
  0.61153020172647976  0.61465784319982986  0.61664301408442224  0.61785857720915605
  0.61909473684825100  0.62078718860037918  0.62348335322698778  0.62647967597246179
  0.63055759555687452  0.63588307951489165  0.64201667739614798  0.64604903302526884
  0.64978323526990944  0.65216174773202984  0.65414483243545851  0.65470085441681436
  0.65571755528228404  0.65746831793662597  0.65848765216416705  0.65964819683234699
  0.66076175409167714  0.66212535573241649  0.66525847602294397  0.66851194426621863
  0.67232915606698196  0.67852215031354823  0.68579065041832776  0.68957059141517019
  0.69107048773931823  0.69242404469257479  0.69384494776586669  0.69658972022560106
  0.70053350972527728  0.70519436619280351  0.70982389969468651  0.71448943395051812
  0.71648645421461998  0.71834807436950299  0.72154007838411716  0.72886811401513618
  0.75087586519639993  0.77176515792161959  0.78437924903651646  0.79533119753514647
  0.80886253734778235  0.83198532212075527  0.85533241832652540  0.87048439302482639
  0.87773072481301884  0.88330492541094674  0.88934875330613505  0.89985587828728764
  0.91396499649487650  0.92930472901798966  0.93673916662819456  0.94417360423839947
  0.95160804184860426  0.95904247945880916  0.96603939950018058  0.97283151960014447
  0.97962363970010846  0.98641575980007234  0.99320787990003623  1.00000000000000000
 -0.00435790163499557  0.00473199907822703  0.01382189979144962  0.02268135009144247
  0.03136473955039890  0.04845134243514118  0.07777321245786284  0.09651517871381414
  0.11466236830127412  0.13273911288373774  0.14058268897272144  0.14584110841247738
  0.15113369567490087  0.15667190408973389  0.16025674835294709  0.16335193087954528
  0.16690887417542868  0.17256090817074785  0.17565980276064508  0.17979833775936618
  0.18061769754802623  0.18219432457010923  0.18412261544062175  0.18599294992140844
  0.18794730035531690  0.19019933154880292  0.19486248869200157  0.20340937062925513
  0.20728083054214397  0.21882483976723741  0.25667570207739421  0.30466310396377910
  0.32118050630684425  0.33769790864990940  0.35316568204223425  0.36834819361020071
  0.38141570406428355  0.39157699376323740  0.40197473000593237  0.42772543846544903
  0.44929842791090102  0.47035138873484972  0.49027786255727757  0.51244376305291295
  0.54318952238536689  0.56959341620374926  0.58557120697798437  0.59736360627231999
  0.60870977041021579  0.61700357085436019  0.62260270898541592  0.62437437677296170
  0.62611319064967341  0.62801878483995199  0.63009597871314393  0.63308897097269690
  0.63758523121911936  0.64518704044870401  0.65458604666791942  0.66130960004926820
  0.66552302208433878  0.66905887687270627  0.67231674176459499  0.67690672778742711
  0.69163687420032893  0.71080316417906353  0.72939238116504224  0.74485171406043327
  0.75639117733642180  0.76920201843633396  0.77751300385762290  0.78356862838142971
  0.78866240283723399  0.79418669078388315  0.79698155769195134  0.79857990478481522
  0.80017825187767910  0.80178248749562331  0.80339375898462884  0.80500503047363436
  0.80661573573342882  0.80822446207690823  0.80983318842038765  0.81144191476386707
  0.81666327019715967  0.82231354512058186  0.82807679337196061  0.83670012105453628
  0.84462559450543206  0.85297751042225067  0.86123380164292829  0.87069945573172502
  0.89897435603565334  0.93284137175804460  0.96727019561078353  1.00000000000000000
 -0.00116658959012716  0.00407662231217121  0.00771346131304199  0.01135030031391277
  0.01588017692615693  0.02049246305306007  0.02553604189009409  0.03114954954805031
  0.03676305720600653  0.04758846990344747  0.06511244664064957  0.08897809059654546
  0.13479090064859042  0.18433893263253573  0.22515711812785705  0.25172780282355767
  0.26879655201414238  0.28171708926536143  0.29716409148752243  0.31131603079579734
  0.32491344001729161  0.34220512376655021  0.35709363836714331  0.36691109915545533
  0.37362855963593200  0.38030462896083378  0.38652397170651298  0.39087176481926073
  0.39480582111352092  0.39874913871919310  0.40294301167037011  0.40732392902079229
  0.41208173117111546  0.41695206781610061  0.42263552968069884  0.42962846755272560
  0.43692273859607339  0.44351592067217865  0.44886262330414001  0.45391039517571236
  0.46018873016225104  0.46712781278388882  0.47891042546297319  0.48920052815461551
  0.49935594111797005  0.50809714432681607  0.52667114577538598  0.55178759880280959
  0.58593632410450691  0.61359313282115979  0.63591834566202865  0.65541751325731701
  0.67513177567080385  0.70122010848978078  0.73122674142923938  0.76361057261944820
  0.77088879251520959  0.77448975864154279  0.77710135748945186  0.78095441146675981
  0.78556931969528188  0.78956527442228508  0.79339385569394105  0.79708860201268805
  0.79920360182478423  0.80095197282742270  0.80270034383006117  0.80458009330298874
  0.80662280473022141  0.80866551615745408  0.81064696722902008  0.81190508190237731
  0.81316319657573466  0.81442131124909189  0.81696701390835413  0.82079136376225359
  0.82432849322465684  0.82620355298763215  0.82773926368858830  0.84004229335348168
  0.85740280245640277  0.87265423375321194  0.88271090008324904  0.90158708984872871
  0.91840460867218510  0.92807228465504898  0.93298739488892635  0.93517288474802440
  0.93661488467108089  0.93756905323094597  0.93897001907467181  0.94171555639440874
  0.94801446656848620  0.95654129250900177  0.96697578888915725  1.00000000000000000
  0.00013071750706567  0.00019473725764866  0.00025875700823165  0.00033779748196677
  0.00046620828670779  0.00059461909144880  0.00103815924218613  0.00202978056580980
  0.00362535950551193  0.00575982259099886  0.00786567178892918  0.01069252719639538
  0.01414494090060431  0.01665447276550911  0.01793509637274876  0.01857234001006680
  0.01914595929995639  0.01998819684604410  0.02152131138344865  0.02427511480551381
  0.02762093935790966  0.03202386101244292  0.04115067752366209  0.05363164482542432
  0.06395807260605853  0.07525731477820349  0.08837266552913148  0.09713281357879056
  0.10576720324969302  0.11425226486733145  0.12229377082148217  0.12948539816861063
  0.13613481449243650  0.14271606284230293  0.15055429957155456  0.16058181258965498
  0.17291472726964818  0.18979559638302124  0.20649224914150269  0.22173198672180908
  0.23697172430211549  0.25701246187637283  0.27995983223595666  0.32207095178840239
  0.37462576208956416  0.40345280222976249  0.41919103557538923  0.42429110073063386
  0.42939116588587845  0.43449123104112303  0.43965603542649673  0.44484869658485432
  0.45004135774321186  0.45577987876201020  0.46254178476815055  0.46930369077429096
  0.47606688329923280  0.48309873743313431  0.48959713078862283  0.49522227321665058
  0.50231540427354637  0.51048928046388120  0.51758256505960021  0.52446731913579936
  0.52788646526298288  0.53022618518871723  0.53250356050044578  0.53472005334497108
  0.53703618888039706  0.53970366424981397  0.54237113961923089  0.55381166255735170
  0.56582209269106054  0.56872751447261816  0.57174848927349164  0.57523116867958246
  0.57846973424071235  0.58589520638431891  0.59425968092371340  0.59673848614414471
  0.59824008581611232  0.59974361822454847  0.60126244027669984  0.60319183130841592
  0.60557285497178359  0.61064678616243728  0.62158178133025555  0.63931457153408922
  0.66279149565941553  0.68206895513536869  0.70691578028256707  0.73417532051434686
  0.76976122148096859  0.80716346823786389  0.85802367853110295  1.00000000000000000
 -0.03175968649243413  0.13072291428620836  0.18117055498426329  0.19766802390909965
  0.20948779986853810  0.22105009481660040  0.22727700899080883  0.22937094435240146
  0.23178542991604625  0.23477636035405530  0.24005513240616863  0.24614267506779322
  0.25409155918857973  0.26682331452385638  0.28197905667505363  0.29983116811499350
  0.31496367173387779  0.32766717408307600  0.33941506732271010  0.35019149908423108
  0.36097881662068698  0.37178485344418633  0.38385524461328052  0.39595066542672902
  0.39964272168252901  0.40305231553691734  0.40635545768436909  0.40895678599208024
  0.41150893385327064  0.41388500665858019  0.41839566776635911  0.42515378214122485
  0.42801242539887630  0.43307528687442443  0.43896013706532266  0.44269655803361185
  0.44557468224079438  0.44815194130951491  0.45203689276514414  0.46020797033436289
  0.47905782974708100  0.49319235385216625  0.49821550525602348  0.50323865665988066
  0.50793617029249449  0.51204484393919625  0.51615351758589800  0.52021141071621591
  0.52392841656779421  0.52764542241937262  0.53136242827095093  0.53815009189186336
  0.54633044685393928  0.55357698948917056  0.56090838071377980  0.56596131536566063
  0.56909745256416866  0.57373827219475970  0.57838730281817552  0.58367358596163987
  0.58776073817406704  0.59104386940707954  0.59377684467690550  0.59639210582982927
  0.59898507214759467  0.60172750910248884  0.60302887807856609  0.60532638446084908
  0.61153612426285153  0.61645120339237092  0.62109874085190897  0.62502656636792109
  0.63207141411839174  0.64256532422130186  0.65432391015105396  0.67255422570090251
  0.69258739364181054  0.71962547525763876  0.73018569157636171  0.73245993146064470
  0.73471990021784006  0.73702300902887330  0.73932638480500246  0.74163009122624668
  0.74547919667533968  0.75032544264296319  0.75522944568651873  0.76217705597769991
  0.76919763758464632  0.77741027559209896  0.78478622493535832  0.79570731446410548
  0.81452695442783807  0.83876414741902983  0.87226661735878219  1.00000000000000000
   3.7144093419562469E-010  -1.0000000000000000     
 F F F F F F F F F F F F F F F F F F F F F F F F F F F F F F F F
  <DiscreteSampler_grid>
  grouped_processes
  1 # 1 for a reference and 2 for a running grid.
  10 # Attribute 'min_bin_probing_points' of the grid.
  1 # Attribute 'grid_mode' of the grid. 1=='default',2=='initialization'
  0.0000000000000000 # Attribute 'small_contrib_threshold' of the grid.
  0.5000000000000000 # Attribute 'damping_power' of the grid.
 # binID   n_entries weight   weight_sqr   abs_weight
    19   10   2.206219532604791E+002   1.493711271001095E+005   2.206219532604791E+002
    20   10   2.206219532604790E+002   1.493711271001094E+005   2.206219532604790E+002
  </DiscreteSampler_grid>
