  0.00000317092305574  0.00000376921687767  0.00000414563603976  0.00000445012460342
  0.00000470844205661  0.00000493627871939  0.00000516271973455  0.00000537886485891
  0.00000560700422103  0.00000583342953287  0.00000607167144913  0.00000638671795612
  0.00000675805748147  0.00000710859360390  0.00000746162533180  0.00000774250190770
  0.00000815218286397  0.00000864378730935  0.00000915091658437  0.00000969828888893
  0.00001027000651215  0.00001078451105130  0.00001124808734414  0.00001169038271993
  0.00001215697659974  0.00001264758447037  0.00001311733991446  0.00001357947944059
  0.00001405330313606  0.00001453541504350  0.00001508390264807  0.00001568641724683
  0.00001629663986418  0.00001696079301426  0.00001765737183076  0.00001832198726688
  0.00001892864805167  0.00001943439844098  0.00001991829335541  0.00002043355353455
  0.00002099445359014  0.00002161553295964  0.00002222097795992  0.00002288852320348
  0.00002358461279786  0.00002428508344270  0.00002502270273518  0.00002566202559122
  0.00002625516890929  0.00002692504668273  0.00002774441031512  0.00002879032952905
  0.00003004492634608  0.00003145057632668  0.00003308120273185  0.00003484063337602
  0.00003654563259593  0.00003841046024030  0.00004023115548494  0.00004194862349869
  0.00004368515658237  0.00004552677526399  0.00004705439634242  0.00004840038315453
  0.00004982874666529  0.00005147863735636  0.00005337505600477  0.00005543875170074
  0.00005782992268308  0.00006046245895472  0.00006357109293127  0.00006792780610905
  0.00007300217312848  0.00007909082209223  0.00008657178326673  0.00009478614915367
  0.00010356383405827  0.00011253320316415  0.00012156925893732  0.00013322835574671
  0.00014765558100140  0.00016358882127816  0.00017936379906004  0.00019637222353775
  0.00021472384863035  0.00023518062414066  0.00026552628994293  0.00030278848695218
  0.00036783124931386  0.00042758216042680  0.00048728897418524  0.00056193874054650
  0.00067535071542612  0.00113365972662429  0.06214853950781674  1.00000000000000000
  0.00000140763371881  0.00000586244030700  0.00000911286174661  0.00001219881308598
  0.00001404098520286  0.00001568827197895  0.00001758638936654  0.00001961006670645
  0.00002119322133559  0.00002263410759597  0.00002407403516096  0.00002560183675707
  0.00002709059381496  0.00002842079525519  0.00002968002105377  0.00003109821115345
  0.00003279461731541  0.00003469189311239  0.00003663111258148  0.00003856068142751
  0.00004064769696638  0.00004302029149123  0.00004546906828993  0.00004819192487124
  0.00005122453279453  0.00005434715224965  0.00005749962820575  0.00006065808471308
  0.00006382853839501  0.00006690894858393  0.00007000828178274  0.00007356798384553
  0.00007632205163652  0.00007838562462379  0.00008024218682997  0.00008213084384665
  0.00008487480794073  0.00008881646714790  0.00009382483108447  0.00009840459927081
  0.00010234680152908  0.00010662861322135  0.00011055137232974  0.00011483961965751
  0.00011866971975791  0.00012352718512475  0.00012750264440222  0.00013134420315580
  0.00013523632108558  0.00013888192804806  0.00014301528732714  0.00014767096379839
  0.00015302298561501  0.00015827911119516  0.00016356262739705  0.00016989403500429
  0.00017524677764191  0.00018065370615273  0.00018754059802596  0.00019718965781976
  0.00020879022146619  0.00021591051697409  0.00022416043416096  0.00023455366361777
  0.00024390093847243  0.00025332928611682  0.00026419700921343  0.00027698909212921
  0.00029103950837173  0.00030543403325461  0.00031995492630195  0.00033756546078658
  0.00035654717224856  0.00037725222148107  0.00040149802316038  0.00042769089470438
  0.00045334983220750  0.00047851819435516  0.00050759539458376  0.00054133800879864
  0.00057840524037913  0.00062149397271920  0.00067394379067511  0.00075706012081842
  0.00084889068184125  0.00093099299524536  0.00102068345520968  0.00108860186050691
  0.00117927038783022  0.00127016215304073  0.00149300886697397  0.00177453793815594
  0.00219539920812509  0.00266674875775698  0.01827685227575318  1.00000000000000000
 -0.00132206308025804  0.00700684173200335  0.01353391158907387  0.02007622882291249
  0.02891299571410245  0.03857219008239950  0.04734576573650948  0.05480812888262891
  0.06211020515215204  0.07247378676624473  0.08272385340861663  0.09362092672252935
  0.10455366071721264  0.11666801137693908  0.13012881820519079  0.14233256392761287
  0.15539810182808914  0.16880675553657043  0.18011239935764337  0.19057041648358333
  0.20218774191912220  0.21437149520855012  0.22707512730697743  0.24236664022213067
  0.25842146854874537  0.27347736753378799  0.28532052559232307  0.29905951451288171
  0.31392782357809479  0.32850160179300980  0.34271862104550965  0.35609862239400641
  0.36741479839077412  0.37755829941405666  0.38775993917953561  0.39807216205955359
  0.40922619129971527  0.41880913247411167  0.42765179718452062  0.43769170375796290
  0.44942832999664478  0.46185082458718835  0.47399305488025195  0.48752344542837311
  0.50049701954378267  0.51434037314785730  0.52841774646723616  0.54059630423340699
  0.55242261165702455  0.56497091285516343  0.57718213546201347  0.58713274676940619
  0.59472419770535556  0.60207636106261242  0.61011017925924083  0.62025644027347482
  0.62999110455240603  0.63870103717237658  0.64777563844389208  0.65782192190103039
  0.66851127440672464  0.67670264552464154  0.68484436848591279  0.69264292003672467
  0.70037137440265973  0.70948583313209224  0.71581490921011681  0.72195163752216907
  0.72893026744657285  0.73628815627485467  0.74410588107016962  0.75164868374643534
  0.75873907571202792  0.76956145874059145  0.78452825862696662  0.79873054080405370
  0.80904267457373591  0.81707664714719053  0.82327731771721224  0.83278353849537423
  0.84180768607181566  0.84993122047050351  0.85731002597777561  0.86527559625445305
  0.87707250903474365  0.89316602287404268  0.90885977674090523  0.92353321642643393
  0.93684430794158735  0.94693809229254666  0.95554571277699163  0.96387774567748996
  0.97297929406487049  0.98178831649367937  0.99012062765437248  1.00000000000000000
  0.00008604320783201  0.00009873987512533  0.00011143654241866  0.00013871213577269
  0.00018638627554360  0.00023406041531451  0.00027987681122364  0.00032478312894144
  0.00036968944665925  0.00041584504686715  0.00046240308899808  0.00050593773964571
  0.00053142461554403  0.00055691149144236  0.00058273293939953  0.00060864547601347
  0.00063354183613332  0.00065727958867108  0.00068101734120885  0.00070569084351540
  0.00073042826021651  0.00075668969901322  0.00078443211478590  0.00081161870684622
  0.00083773283057003  0.00086384560552650  0.00088992642708905  0.00091600724865159
  0.00094251147071178  0.00096916701023588  0.00100452351464770  0.00104920873959935
  0.00109364815658130  0.00113780005491864  0.00118134541968652  0.00122371327551226
  0.00126649822816004  0.00131208070475454  0.00135809384461288  0.00140938841402536
  0.00146338378174677  0.00152548975145411  0.00157679320326221  0.00162256841913152
  0.00166925689484542  0.00171710784389907  0.00176521677484642  0.00181388717249927
  0.00187055928029858  0.00195422957014088  0.00200981144970398  0.00206485333856285
  0.00211752395456012  0.00217064976392765  0.00222512793583522  0.00228942816671617
  0.00237276035293280  0.00248517786841158  0.00262525909860962  0.00273511344872249
  0.00282314430576510  0.00290970809956666  0.00299106978169980  0.00307909891253754
  0.00316775869624292  0.00325374423212703  0.00334005266112988  0.00343872979235918
  0.00354375205880513  0.00368793312720472  0.00379732621985587  0.00390912947438436
  0.00402011200600976  0.00410914739864165  0.00419432518341327  0.00427984832297504
  0.00436601432548004  0.00463126277615626  0.00512459786396800  0.00532990445838764
  0.00553222887734551  0.00573437641158885  0.00599229243425015  0.00649049605947549
  0.00727107779293490  0.00823856600515260  0.00959475856115939  0.01169267623003402
  0.01409222492616939  0.01606640959752632  0.01745884033145378  0.02061002936668081
  0.02693820842807829  0.03551693127833826  0.68770342640346105  1.00000000000000000
 -0.00127614436076543  0.00855969148111962  0.01754787320197444  0.02949706484512098
  0.03988011956109676  0.05812061659460339  0.07248486049148363  0.08265144092722036
  0.09329394928456590  0.10695521289031433  0.11838626977983367  0.12977122731256621
  0.14671703228122485  0.16636340048617471  0.18427983787389385  0.19794001273058404
  0.21097792753302932  0.22409451935564098  0.23635559677468301  0.24974166995309077
  0.26423356426139299  0.27799532884704065  0.28986461588838908  0.30137412086852411
  0.31271470935410128  0.32113676257160212  0.32944413261003991  0.33701593578922046
  0.34393656299140507  0.35041243908485531  0.35807211438789255  0.36582088834664395
  0.37362009523086120  0.38782145880939334  0.39703300984162315  0.40497934058202101
  0.41294517066337971  0.41977193188146594  0.42614738326515533  0.43342153621696683
  0.44138468188204394  0.44919085960645677  0.45738305054675704  0.46541526368258679
  0.47252673056560790  0.47848700110505243  0.48558895228978516  0.49303541636021764
  0.50181729561348776  0.51327153139605686  0.52546026761893905  0.53621595921353893
  0.54605857212717435  0.55502495241938288  0.56434970669825046  0.57400664310281413
  0.58357265660757607  0.59293421669852542  0.60227103358995560  0.60891066596535837
  0.61535669029892093  0.62207194637500973  0.62864988418569712  0.63507635138146656
  0.64224165525181742  0.65152485228965373  0.65835489983702145  0.66332472174190327
  0.66998594053935856  0.67976283617156696  0.69295906493023196  0.70834939533164010
  0.72172792361946436  0.73395694962126390  0.74497782856172190  0.75619133688266738
  0.76696454209123732  0.77729208101200187  0.78641827983672563  0.79446989188072648
  0.80288243750566635  0.81117699537449706  0.81886993094799643  0.82623873340727261
  0.83395306511439782  0.84261536287291017  0.85315434099780230  0.86345134679781899
  0.87789024955453077  0.89108062657155906  0.90266174232304519  0.91242429021590499
  0.92650126169038638  0.94843963254810515  0.96965506771441590  1.00000000000000000
  0.02107996413370720  0.18316803750305247  0.24981267072118696  0.29894306065532195
  0.33319728700137702  0.35557937467563339  0.36529349113737197  0.37278793550446809
  0.38210484906647890  0.39297779601867017  0.40286586988434903  0.41333126787917712
  0.42371671311707254  0.43324439509154278  0.44164259820403418  0.44945318261662681
  0.45709723557561383  0.46391267535890618  0.46968289063000768  0.47556755093390740
  0.48112231087634749  0.48704385695394548  0.49385756074740661  0.50112269644020779
  0.50796175676391220  0.51561850109607099  0.52553365956562603  0.53407755230006260
  0.54353277817785961  0.55260440027258984  0.56196100539087135  0.57152003904171256
  0.57963282871829858  0.58678999484380900  0.59328817948714074  0.59946057834709365
  0.60667173475399849  0.61358200387687234  0.62198732372889409  0.63094074733569805
  0.63945713209178767  0.64791293674859785  0.65534635126351326  0.66244682981045311
  0.66987931070622553  0.67770867569414472  0.68668403898897801  0.69584398465628683
  0.70441821308993846  0.71103350650769170  0.71669222955270140  0.72128029619004841
  0.72479654873974986  0.72827818264446809  0.73207943365179506  0.73690290917172163
  0.74262095457718558  0.74845332153593913  0.75313178084554511  0.75729362855376769
  0.76146058027560859  0.76716821700565763  0.77618786441501531  0.78519333296726157
  0.79346062434367459  0.80115955907269698  0.80765508726754143  0.81454142540072338
  0.82147047342645063  0.82807703555355594  0.83616976188299519  0.84200880857747762
  0.84826917026223880  0.85429709819792088  0.86025858527805477  0.86663799579131351
  0.87381576007058592  0.88106114648704148  0.88804235472950643  0.89506101942164584
  0.90356275317383017  0.91242585873385551  0.92007000676832928  0.92702979648127104
  0.93391342321458559  0.94158711953134833  0.94777376586327566  0.95308588439087594
  0.95817309394867811  0.96330402342671440  0.96978087263677848  0.97714351049129844
  0.98379729136984717  0.98936075066537321  0.99506032883339757  1.00000000000000000
 -0.01035157310291966  0.06324587489970632  0.09643281562596832  0.11852096192106530
  0.13698538570855204  0.15594734016737558  0.17442064195641274  0.18931892520493987
  0.20156636308183964  0.21278625597299117  0.22409463451237108  0.23599468552494091
  0.24587998021669730  0.25536180697677435  0.26426721552347787  0.27281085796642079
  0.28139027595800709  0.28949189255631813  0.29575506581538347  0.30244858002581565
  0.30862023625243595  0.31412253333494478  0.31926469772895499  0.32415228685682912
  0.32882742193497938  0.33396929813419407  0.33918652869902927  0.34600982171350092
  0.35136442939448770  0.35632731158256686  0.36178141079762394  0.36626654813784160
  0.37061724791044492  0.37616052703647768  0.38299315944451512  0.38999993373532404
  0.39708853946570272  0.40489081415589262  0.41374131621853921  0.42246404713635666
  0.43102719459244715  0.43915710302178051  0.44709390016111872  0.45503187450976706
  0.46289084178654138  0.46959608172933259  0.47559646396895849  0.48111517202630716
  0.48673874062369243  0.49211250987335398  0.49729356526892543  0.50273562990119880
  0.50921911627947491  0.51601636090236036  0.52137860546698467  0.52632650635441480
  0.53113827540257796  0.53502826148952976  0.53875876938823830  0.54321362825857666
  0.54926400531964237  0.55577231727529264  0.56208830461204351  0.56674957986695618
  0.57111524615026332  0.57575298744140058  0.58025430031106806  0.58441536246154469
  0.58859988483230463  0.59303076274292099  0.59770538781401172  0.60253671932066921
  0.60840356424862796  0.61457011873589851  0.62009670639779424  0.62640422213420399
  0.63414595456940137  0.64203209208502876  0.64880059993442363  0.65703465057126165
  0.66578119622963383  0.67399622617540622  0.68275297185073025  0.69253935497841679
  0.70153640118764626  0.71006656496245368  0.71896306369315321  0.72814147672860940
  0.73796020252410688  0.75326384239006527  0.76734927327994340  0.78104442844264543
  0.79746580869447969  0.81957110527430299  0.86376807156017854  1.00000000000000000
   4.8369445395614276E-008  -1.0000000000000000     
 F F F F F F F F F F F F F F F F F F F F F F F F F F F F F F F F
  <DiscreteSampler_grid>
  grouped_processes
  1 # 1 for a reference and 2 for a running grid.
  10 # Attribute 'min_bin_probing_points' of the grid.
  1 # Attribute 'grid_mode' of the grid. 1=='default',2=='initialization'
  0.0000000000000000 # Attribute 'small_contrib_threshold' of the grid.
  0.5000000000000000 # Attribute 'damping_power' of the grid.
 # binID   n_entries weight   weight_sqr   abs_weight
    46   10   4.164938770729322E+001   4.608913421239775E+003   4.164938770729322E+001
    47   10   4.164938770729323E+001   4.608913421239778E+003   4.164938770729323E+001
    49   10   4.483070672155933E+001   4.822960363801165E+003   4.483070672155933E+001
    50   10   4.483070672155934E+001   4.822960363801169E+003   4.483070672155934E+001
    52   10   3.169917472240892E+001   2.732672889087019E+003   3.169917472240892E+001
    53   10   3.169917472240892E+001   2.732672889087019E+003   3.169917472240892E+001
    55   10   9.723369288413738E+002   8.082733338376610E+006   9.723369288413738E+002
    56   10   9.723369288413736E+002   8.082733338376607E+006   9.723369288413736E+002
    58   10   4.164938770729323E+001   4.608913421239778E+003   4.164938770729323E+001
    59   10   4.164938770729323E+001   4.608913421239779E+003   4.164938770729323E+001
    61   10   4.483070672155934E+001   4.822960363801167E+003   4.483070672155934E+001
    62   10   4.483070672155934E+001   4.822960363801170E+003   4.483070672155934E+001
    64   10   2.852218759687481E+001   2.021828603683729E+003   2.852218759687481E+001
    65   10   2.852218759687482E+001   2.021828603683730E+003   2.852218759687482E+001
  </DiscreteSampler_grid>
