  0.00000287322890939  0.00000292408976886  0.00000298899242801  0.00000306485173422
  0.00000316346322261  0.00000327291558510  0.00000340293390727  0.00000351906007931
  0.00000361634792056  0.00000369660491020  0.00000380554424860  0.00000391952681894
  0.00000405082740021  0.00000421686792561  0.00000443315644598  0.00000466704870913
  0.00000490784714456  0.00000518388749859  0.00000543956832687  0.00000568142023969
  0.00000592808610392  0.00000620009046359  0.00000648462721142  0.00000682360185214
  0.00000721372215249  0.00000755376507688  0.00000787975521682  0.00000821348305445
  0.00000859661097354  0.00000898230586588  0.00000938191644945  0.00000982581510365
  0.00001027784889412  0.00001078125393371  0.00001137286152008  0.00001200609408471
  0.00001268556522674  0.00001359590293107  0.00001442911204368  0.00001532598722368
  0.00001624161670107  0.00001717667904164  0.00001814918497542  0.00001917572227486
  0.00002025943981754  0.00002136752136958  0.00002255134911540  0.00002380710333676
  0.00002503980587981  0.00002622091253834  0.00002735539498600  0.00002856523095826
  0.00002982704764233  0.00003137447962742  0.00003298603629168  0.00003463342898502
  0.00003651729967532  0.00003857266156723  0.00004069372083782  0.00004290828589980
  0.00004516894953695  0.00004730635019999  0.00004976556589363  0.00005241856451346
  0.00005519797444970  0.00005814314541718  0.00006122127890085  0.00006438615235425
  0.00006767436238609  0.00007119890876420  0.00007508842844162  0.00007971962949767
  0.00008533292415163  0.00009192570742974  0.00009955317918415  0.00010770604910330
  0.00011616779481767  0.00012501422176037  0.00013375347459389  0.00014328199430476
  0.00015321095856203  0.00016613390221261  0.00018140601514230  0.00020465234730083
  0.00023235616616575  0.00026353287547439  0.00030098913817634  0.00035130747274868
  0.00042149598318602  0.00050221125347972  0.00059839887241915  0.00075532999498815
  0.00110967720913956  0.00178254010831017  0.13825295061260928  1.00000000000000000
  0.00000237150545605  0.00000283054328036  0.00000312383211101  0.00000340013975969
  0.00000369172626438  0.00000402629141353  0.00000440428827769  0.00000477150309320
  0.00000512928114793  0.00000553205067388  0.00000591006625756  0.00000634864535672
  0.00000682982378000  0.00000731409205867  0.00000771800346925  0.00000809491121092
  0.00000850955386408  0.00000896184456526  0.00000949262022310  0.00001012261200385
  0.00001083588054637  0.00001156892026767  0.00001227579338458  0.00001298694574110
  0.00001367773296044  0.00001442634825413  0.00001524869723569  0.00001612461952363
  0.00001700435773033  0.00001786203894362  0.00001874151447490  0.00001962285545193
  0.00002063511267048  0.00002169693636866  0.00002277350728594  0.00002387071708659
  0.00002500073865043  0.00002613527499996  0.00002727103699083  0.00002845615338624
  0.00002962975381504  0.00003079882062775  0.00003209850772074  0.00003349936860419
  0.00003487906879640  0.00003627383703965  0.00003775465299619  0.00003925300027619
  0.00004086994838258  0.00004271650850227  0.00004484058143871  0.00004720699937566
  0.00004974439719069  0.00005227148986410  0.00005479890003673  0.00005745607057515
  0.00006010496663274  0.00006281595754683  0.00006577087296030  0.00006909079228331
  0.00007265553343912  0.00007665330458893  0.00008107737412546  0.00008568372614689
  0.00009033151776729  0.00009519929555340  0.00009997518440435  0.00010482950760928
  0.00010948871656715  0.00011391071164496  0.00011891625359659  0.00012504864635552
  0.00013190009000008  0.00013919571927868  0.00014839313639343  0.00015805378305767
  0.00016928063857301  0.00017978314676144  0.00019100877196297  0.00020323492665739
  0.00021794333337415  0.00023775976386178  0.00026115234221919  0.00028886443779983
  0.00032052324711230  0.00035798544377246  0.00040708570793042  0.00047312015544715
  0.00055835730145973  0.00069069405116340  0.00086362570136779  0.00111226535539561
  0.00153236834406166  0.00313649142201709  0.04486958101962075  1.00000000000000000
 -0.00237820498989432  0.00908794400452207  0.01875931615434985  0.02795538528245489
  0.03900811401069593  0.05061560323915704  0.06217164535373192  0.07354136879820508
  0.08427295196428888  0.09455937887358297  0.10414512845683568  0.11390548937499702
  0.12357695569781287  0.13407366562633477  0.14488175628885089  0.15642221667717870
  0.16756860267329210  0.17916886134667981  0.18987344443050830  0.19976140201941295
  0.20914268422831736  0.21885094885749529  0.22995811808649042  0.24202468428370436
  0.25370635401504249  0.26472873785423345  0.27591555146051683  0.28811254412053544
  0.29992781117437167  0.31087953996143658  0.32174718985953554  0.33250082762356431
  0.34411802874486264  0.35451815467567011  0.36509465038980460  0.37465461932218808
  0.38449571226639556  0.39465151357080752  0.40550851589671716  0.41650789670103250
  0.42695842734951600  0.43650438813876019  0.44568230742637505  0.45495125429716077
  0.46529162025156046  0.47654486414709973  0.48811134197883416  0.49939006614638887
  0.51094580093628816  0.52228362290980168  0.53287832757194786  0.54242072880567971
  0.55128410157891305  0.55941110989813514  0.56746207018968819  0.57575904466024019
  0.58514211810390626  0.59580275471872002  0.60658309464451876  0.61728000956673457
  0.62824239748513866  0.63967109387302423  0.65155810213417098  0.66348546893295868
  0.67354025026239750  0.68431888594454016  0.69381808433074044  0.70363690122955003
  0.71410816333977234  0.72510429777441754  0.73529798136376590  0.74497265118619982
  0.75439140245063829  0.76429629480917405  0.77435140076642417  0.78548457998327370
  0.79719550569020980  0.80870484970243661  0.82128815502086461  0.83211601969897753
  0.84279030698631807  0.85246601680027578  0.86233707624732137  0.87347865843425010
  0.88393690686951676  0.89380791764920342  0.90366263217511933  0.91297888750632350
  0.92257488520675091  0.93203194658010857  0.94152901215803153  0.95145304347446236
  0.96241766862940037  0.97531828146781674  0.98789992948499261  1.00000000000000000
  0.00003042383832275  0.00031792641952394  0.00052171274264259  0.00064960606340037
  0.00077037280868794  0.00089041096526123  0.00101131671394176  0.00113749750236620
  0.00126299632391494  0.00138869579166388  0.00151561156332354  0.00164826367799692
  0.00178591966475212  0.00192779788993137  0.00207114624160588  0.00221346627115828
  0.00235326359596030  0.00249630230962804  0.00264867408897535  0.00281362138446070
  0.00298563625161082  0.00316509446539772  0.00334348654111407  0.00351218758512407
  0.00367070903585435  0.00382681560784855  0.00398339680373369  0.00413826938306660
  0.00429169611914053  0.00444546451308810  0.00460369104311296  0.00477824664238072
  0.00494958676384990  0.00512423364888225  0.00529278129086308  0.00546005669029011
  0.00563237209163614  0.00581507989613279  0.00601056400791680  0.00620666137606164
  0.00639832452067462  0.00658459178539473  0.00676770561508195  0.00695167836682209
  0.00713851977778757  0.00731741326379822  0.00750973882988277  0.00771751831220846
  0.00794027637942748  0.00819439267299985  0.00848566949667613  0.00883371345032924
  0.00913014829216223  0.00938811307003583  0.00961233513267423  0.00983252802551610
  0.01005505959998161  0.01027443972953549  0.01049463648026698  0.01072659895898997
  0.01096649462679174  0.01126443092649544  0.01160160252086614  0.01193409455024480
  0.01225949073524864  0.01255206630297306  0.01282159291638750  0.01307398081303159
  0.01331787637752456  0.01357941843754722  0.01382846345567194  0.01411418555567478
  0.01443101797216391  0.01491991024073921  0.01548850767871294  0.01638347348138380
  0.01706253986241195  0.01755529017181048  0.01793129671515878  0.01840636064546114
  0.01995266991534088  0.02039373107534123  0.02097559458383075  0.02423806740842347
  0.02888701667827902  0.03080572030756920  0.03309989930035042  0.03645876597864464
  0.03730477342410788  0.04008773680364053  0.04181668429976392  0.05384887786883414
  0.07488691757688976  0.12036508275975492  0.12036508275976493  1.00000000000000000
 -0.00264905859260401  0.01161365895356038  0.02318259629187043  0.03365202866690244
  0.04351175332748020  0.05353615188110893  0.06499564069627271  0.07557234289092855
  0.08515169182413161  0.09539854211053787  0.10585804812088402  0.11706547839834344
  0.12812081110202828  0.14031457724802021  0.15290522880089519  0.16636808393719310
  0.18020954175190332  0.19206506272406182  0.20296736731499959  0.21328660223867546
  0.22455975703881356  0.23581395849446044  0.24762981564831393  0.25833027413496984
  0.26952821642695296  0.27996253691305389  0.29179128272961963  0.30266131898514897
  0.31346818469686555  0.32423586670063992  0.33584536859355646  0.34771321953558332
  0.35873422333865385  0.36897652809878129  0.37878209318220973  0.38867155273011589
  0.39877606344329125  0.40885954255050500  0.41877195241089049  0.42871212407423592
  0.43907717236747890  0.44930608458320087  0.45789751329858269  0.46524850747501223
  0.47226366004202497  0.48024153507534206  0.48874998807967718  0.49731971701939570
  0.50607817429008217  0.51582447021265732  0.52633909823749003  0.53695654484429334
  0.54723392010780669  0.55761689569066086  0.56781129984098866  0.57762334720242314
  0.58734075731689517  0.59711889784195360  0.60633295820186495  0.61532233504763501
  0.62395541597941828  0.63288086454432169  0.64205402356269836  0.65089661595119641
  0.65885296123004400  0.66634522831394416  0.67425820344577625  0.68227985918159173
  0.69206469627746825  0.70103486372863677  0.71051764247765548  0.71923702131799228
  0.72817137107382235  0.73848847901578363  0.75041727222448429  0.76394099276271976
  0.77612852853090131  0.78700736865215870  0.79806489997936392  0.80920072465706283
  0.81963852367297518  0.83048918405749106  0.84170812205005296  0.85360517872106156
  0.86233019611638673  0.87228023250023112  0.88326632327137422  0.89650216470876598
  0.90964462084511855  0.92307238013521942  0.93826412896120115  0.95227915639913241
  0.96527936187689611  0.97731248001244730  0.98855816500226590  1.00000000000000000
  0.08838450093803292  0.15455449571334534  0.22169032950015288  0.27624003826663818
  0.31737413048940966  0.35622263151328393  0.38990148582866618  0.41978466810692383
  0.44936477603816871  0.47674749732204891  0.50041306430869414  0.52325701001000213
  0.54442631325630964  0.56384566848613038  0.58175993123181347  0.59854513900465578
  0.61381220781753543  0.62830943374582904  0.64232154656955787  0.65600239196748844
  0.66894398600580496  0.68027589912954289  0.69075834148739368  0.70082697786675019
  0.71011570068123597  0.71865507932462769  0.72649618400887794  0.73393783018064307
  0.74097913438768837  0.74862349199051492  0.75616036066815684  0.76365875623221324
  0.77099887400030864  0.77774918519797298  0.78407746995031546  0.79038846092129034
  0.79662340872592730  0.80293177413269656  0.80978026240520640  0.81560398153642433
  0.82164711030090742  0.82750315946492292  0.83347650596959821  0.83912234580721889
  0.84466996749706047  0.85015087276992152  0.85525625764593372  0.85986930308291798
  0.86426401677240861  0.86873482550476655  0.87331184270900408  0.87772278419989735
  0.88180397822711198  0.88562824608891766  0.88910184029765760  0.89253974746427867
  0.89600187821237665  0.89928597539729627  0.90249044766880115  0.90568512976013760
  0.90878374543472584  0.91190514394838362  0.91509967653580937  0.91830091220055199
  0.92144131991774381  0.92454742123644085  0.92754858217191594  0.93056870621469767
  0.93374837993741322  0.93713051948622295  0.94031526229344775  0.94335982362319148
  0.94603447643044514  0.94847510906426902  0.95081845693750056  0.95307756379129005
  0.95539063469626051  0.95768106344711179  0.95996131384310035  0.96227301694186540
  0.96468210017761358  0.96699696462180895  0.96924974967633037  0.97146285137110822
  0.97364936134491376  0.97575254388287636  0.97800168645963370  0.98026805976079689
  0.98252708399588562  0.98485396547904680  0.98708757990015783  0.98936277800085382
  0.99170470689172807  0.99415739684531435  0.99687535650236159  1.00000000000000000
 -0.01234678377623015  0.07959370646146784  0.11510116349436202  0.13714570385482031
  0.15406724681949352  0.16969893694278509  0.18420266642330171  0.19661319851961756
  0.20730681678972940  0.21725096634014121  0.22700272276641972  0.23567353565429142
  0.24336233585692937  0.25051748338428775  0.25714158258715375  0.26383034871621946
  0.27024040952393502  0.27729600701927498  0.28465285701510346  0.29197335052491502
  0.29916461692364205  0.30633004817259185  0.31330804797999434  0.31966165047118023
  0.32728867445057636  0.33425445184287317  0.34129118341899067  0.34805215939915812
  0.35464535375110168  0.36115863798093401  0.36773555269667929  0.37394129449786467
  0.37937216835198051  0.38440260074153976  0.38954244660059334  0.39489438236090346
  0.40045481648496828  0.40636804328086179  0.41242063397408107  0.41844838109014171
  0.42465131252504890  0.43060201377667889  0.43649153983555306  0.44261035700901502
  0.44903095725331427  0.45566928076976043  0.46244443530378337  0.46908039007447605
  0.47476362789195042  0.48021577236839968  0.48499425691811027  0.48962417771127625
  0.49417457172695989  0.49882410947820660  0.50390779304101108  0.50934806882629369
  0.51505430828625132  0.52087070328985052  0.52676655787775784  0.53323944600927153
  0.53942424027399305  0.54514726826787607  0.55056039633089027  0.55569641928938640
  0.56124123219641153  0.56704837912498918  0.57315229773792153  0.57984388660539998
  0.58656581393155971  0.59364270705995548  0.60117146795554366  0.60887412873171964
  0.61701195400581521  0.62545593513506414  0.63320499226572169  0.64065391794959836
  0.64772107476961127  0.65465533361620520  0.66194086323926493  0.66956994952891002
  0.67760103611492606  0.68587717149515426  0.69414720797057250  0.70280523687895025
  0.71269339571907109  0.72297064523607679  0.73359190714285671  0.74430442427179511
  0.75535264159419646  0.76826012942949107  0.78201819857941979  0.79825238211703142
  0.81869533515311621  0.84537367088704030  0.87753792738683378  1.00000000000000000
   4.2245214882678789E-007  -1.0000000000000000     
 F F F F F F F F F F F F F F F F F F F F F F F F F F F F F F F F
  <DiscreteSampler_grid>
  grouped_processes
  1 # 1 for a reference and 2 for a running grid.
  10 # Attribute 'min_bin_probing_points' of the grid.
  1 # Attribute 'grid_mode' of the grid. 1=='default',2=='initialization'
  0.0000000000000000 # Attribute 'small_contrib_threshold' of the grid.
  0.5000000000000000 # Attribute 'damping_power' of the grid.
 # binID   n_entries weight   weight_sqr   abs_weight
    46   10   5.906473938458560E+002   3.342620246716793E+006   5.906473938458560E+002
    47   10   5.906473938458546E+002   3.342620246716777E+006   5.906473938458546E+002
    49   10   2.061044909223761E+005   4.109789219864186E+011   2.061044909223761E+005
    50   10   2.061044909223756E+005   4.109789219864166E+011   2.061044909223756E+005
    58   10   5.906473938458562E+002   3.342620246716795E+006   5.906473938458562E+002
    59   10   5.906473938458545E+002   3.342620246716775E+006   5.906473938458545E+002
    61   10   2.061044909223761E+005   4.109789219864186E+011   2.061044909223761E+005
    62   10   2.061044909223756E+005   4.109789219864166E+011   2.061044909223756E+005
    67   10   1.101712616201595E+004   1.173783646136731E+009   1.101712616201595E+004
    68   10   1.101712616201592E+004   1.173783646136726E+009   1.101712616201592E+004
    70   10   1.101712616201595E+004   1.173783646136731E+009   1.101712616201595E+004
    71   10   1.101712616201592E+004   1.173783646136726E+009   1.101712616201592E+004
    79   10   1.101712616201595E+004   1.173783646136731E+009   1.101712616201595E+004
    80   10   1.101712616201592E+004   1.173783646136726E+009   1.101712616201592E+004
    82   10   1.101712616201595E+004   1.173783646136731E+009   1.101712616201595E+004
    83   10   1.101712616201592E+004   1.173783646136725E+009   1.101712616201592E+004
  </DiscreteSampler_grid>
