  0.02438142039713503  0.03265581222372971  0.04309853942015116  0.05356439706551613
  0.06450735966895878  0.07488814069568546  0.08497292425336360  0.09500544275862473
  0.10552433783253172  0.11672959417726649  0.12793416120352302  0.13811085843512555
  0.14819207322529770  0.15796753757782517  0.16773625863491853  0.17718140304714278
  0.18646554927985831  0.19626684366480410  0.20574442995574174  0.21515408481640155
  0.22434559443774868  0.23348500419025570  0.24263772180081583  0.25157333811273158
  0.26080416992050365  0.27056775923478893  0.28084314135986738  0.29088746137016125
  0.30076730815276714  0.31088248663108342  0.32110165691303316  0.33091906114549430
  0.34069221049773224  0.35056025079080055  0.36037940830940074  0.37028185128093610
  0.38012598227749739  0.38996520964905140  0.39945341893656633  0.40895702014859930
  0.41869998501032324  0.42828057578179884  0.43789368555475622  0.44790512275871402
  0.45862154187360787  0.46958852422613317  0.48049271252366293  0.49130175910465845
  0.50217466594177940  0.51324422622362897  0.52424279384907246  0.53484828918503990
  0.54556192820128036  0.55660759773012691  0.56746538787671286  0.57797792952879556
  0.58838736447305284  0.59871909060122919  0.60879629652424849  0.61870986254630456
  0.62860707148314643  0.63851966228023860  0.64856332653620918  0.65880523203587504
  0.66885473949371765  0.67884145057343070  0.68909951139188863  0.69989326666076446
  0.71055738532824164  0.72070615880490296  0.73077741138252050  0.74070120187867516
  0.75052342532035532  0.76066954495582517  0.77053549382081521  0.78044577917798175
  0.78982133300850910  0.79948780320960666  0.80925344203562799  0.81958197930628818
  0.82975539426095346  0.83999889648211190  0.85044095752351345  0.86127316649466290
  0.87240984751923234  0.88331407228545233  0.89362941797114936  0.90379301118582234
  0.91363912380229861  0.92354884571764628  0.93324256224782765  0.94375380652873941
  0.95504315208016965  0.96493755966368810  0.97107704488683566  1.00000000000000000
  0.00928678903727265  0.01702581366067665  0.02810393229516694  0.03975010481358246
  0.04994860393469833  0.06006119563081584  0.07066763539183209  0.08145384711104628
  0.09251724725800588  0.10352188483691564  0.11492008801617429  0.12589197231029720
  0.13623022747000330  0.14663549772582421  0.15774112603406734  0.16922384979071739
  0.18030977568122855  0.19087608747813670  0.20115525301747628  0.21135635070758629
  0.22192373676971180  0.23253661198100350  0.24276463782949426  0.25255762957367017
  0.26188463310085780  0.27126959506543008  0.28082543774806334  0.29072813700174965
  0.30124683031363242  0.31204728251126013  0.32314295425072059  0.33451080423884022
  0.34615139565085118  0.35766278577694355  0.36837751864754731  0.37866924479978187
  0.38902258021453706  0.39965850224588811  0.41039197168619745  0.42104734994016624
  0.43171014246110090  0.44246688427599512  0.45339882098135570  0.46476908839664544
  0.47668770868798088  0.48890250795698864  0.50059305206516314  0.51175871989505650
  0.52252313213526647  0.53280322202044672  0.54265692903616525  0.55195159968140772
  0.56119913361144147  0.57074510732448824  0.58049559844632370  0.58988338215116398
  0.59893332989401726  0.60834597426183501  0.61830248107638497  0.62838855949666450
  0.63785313270003152  0.64771282197647817  0.65788463276029097  0.66865308213646746
  0.67904472783185799  0.68963678776256798  0.69972271843870903  0.70951600329555986
  0.71927035657546923  0.72916936570371049  0.73942350357519449  0.74990378124323454
  0.76067308960884572  0.77131731434827910  0.78209877409598882  0.79307434475747085
  0.80452923385840880  0.81518057886305451  0.82483523040167639  0.83438788457673163
  0.84480035829212796  0.85517372704249262  0.86571716898306372  0.87594808171958605
  0.88685662365463991  0.89762786338978751  0.90814086173388009  0.91871984162059195
  0.92960218764147651  0.93970330015758330  0.94992332841704885  0.95981256927991654
  0.97041178571603193  0.98089526120305859  0.99142543577423048  1.00000000000000000
 -0.00003234015806147  0.00031046361217961  0.00074451849188904  0.00140984088227667
  0.00226331504873015  0.00330155189320121  0.00451929358660666  0.00589519326186826
  0.00741200563976059  0.00914639482637983  0.01111151193457537  0.01326387671453236
  0.01550353720907920  0.01795026276409562  0.02054816313471816  0.02321882702129734
  0.02591346800744050  0.02864998851134008  0.03144967729102314  0.03437024202591355
  0.03748398989108822  0.04062330925033608  0.04362454349301834  0.04676595346990982
  0.05006660454376695  0.05358413011451268  0.05734390512929716  0.06121499932216963
  0.06502335881937849  0.06893458226444313  0.07310553791070536  0.07735197119000937
  0.08183996952750382  0.08633622632381459  0.09082242461681120  0.09538238478079598
  0.10021764037393005  0.10517645119898773  0.11024673967663152  0.11543009247536630
  0.12070658511770548  0.12615960201888157  0.13163644672788102  0.13700874621790268
  0.14250281224701045  0.14818771457554505  0.15396979043729239  0.16000073173957474
  0.16626826811686360  0.17259541746092974  0.17935102484526624  0.18611183217554311
  0.19297258898939737  0.20009999916330024  0.20740412018352630  0.21472661209677632
  0.22217151692183779  0.22972901169128876  0.23764152878113567  0.24576957592535265
  0.25442283203029953  0.26347946034407232  0.27254440822527937  0.28149605495213553
  0.29216421038949053  0.30272615490656618  0.31330962709473437  0.32415492472403629
  0.33542225417057292  0.34694982645859790  0.35893556998688536  0.37135862834189609
  0.38450868190122650  0.39827423209159069  0.41203832670776719  0.42591100082153843
  0.44035576196624132  0.45506842031087408  0.47042229915151013  0.48653674749922043
  0.50341841194869463  0.52110802014944435  0.53942453900219312  0.55909211622794686
  0.57994604527899241  0.60186231569635018  0.62631158363174555  0.65344829484670008
  0.68366380728428500  0.71895688798657609  0.75787735716169025  0.79786372544260009
  0.84140516372851304  0.89032218334744884  0.94397524758480500  1.00000000000000000
 -0.00228268553173045  0.00910937404260578  0.01910504309581149  0.03002130430130806
  0.04097991604765520  0.05151878223674017  0.06170381587052172  0.07220446409371960
  0.08273749179808944  0.09302527606211014  0.10321944342643602  0.11337472985919388
  0.12342524708416296  0.13394144354067655  0.14424194344944435  0.15472006854289194
  0.16549741145840188  0.17645140994613703  0.18716211306642444  0.19758969755599562
  0.20822162782646986  0.21887866073547219  0.22962095996974086  0.24007980354248501
  0.25038094042162246  0.26064491439952436  0.27147151673161851  0.28272724323896870
  0.29387463492424631  0.30467225964959266  0.31555536645052018  0.32651198876511250
  0.33758331395266544  0.34873415847202677  0.35992629438191331  0.37138508108468071
  0.38246144935665377  0.39282374559937583  0.40341338364266160  0.41418881646171596
  0.42524626369689844  0.43626892542509288  0.44801639770470569  0.45975955628570009
  0.47053239545282782  0.48068345668563794  0.49084350245244440  0.50137435299962019
  0.51206481424889405  0.52245067188196759  0.53263655187048575  0.54270302718965169
  0.55296252836318338  0.56355070576335153  0.57389421442393163  0.58419826215129589
  0.59431978261162621  0.60438424086038767  0.61440424794273041  0.62498815907633432
  0.63637809199569251  0.64777504309527156  0.65864887541691508  0.66973993830139145
  0.68094665793053921  0.69146952488009061  0.70145224888863045  0.71146793640359995
  0.72193651914973578  0.73241320908082730  0.74283894839602571  0.75325420488938333
  0.76334095977755712  0.77312351820188052  0.78333796193991945  0.79370709226716196
  0.80412975224917049  0.81395969266975488  0.82355653688292763  0.83326148225191476
  0.84297435304601587  0.85304200690670862  0.86325442787498552  0.87329252608021191
  0.88271127054232390  0.89225578828349994  0.90236294437259312  0.91254697067625246
  0.92259579158693494  0.93269927283732734  0.94304536812930828  0.95410676782458415
  0.96563410938193250  0.97775413415377832  0.98897083893775772  1.00000000000000000
 -0.00235115806843580  0.00937768162260018  0.01892420360387148  0.02924932031622580
  0.04001912990867405  0.05069433959641716  0.06097208483270735  0.07127266592187131
  0.08151326940512010  0.09171573531188298  0.10158148690511805  0.11135033842952918
  0.12122018166590556  0.13157459128457660  0.14240110624197547  0.15314595569608491
  0.16369837222074313  0.17357921111171351  0.18347958512165513  0.19341582529743193
  0.20338043927084234  0.21319326877065123  0.22308296016612883  0.23282593256578907
  0.24277839696281059  0.25300790175133087  0.26348607093375620  0.27373455137213754
  0.28373827606185825  0.29370291415352184  0.30374506737189499  0.31398976456932481
  0.32433277045230047  0.33458593982465235  0.34480399238427761  0.35514951705187980
  0.36580086357941338  0.37646678560911917  0.38674907354355381  0.39672820522947516
  0.40635791484231742  0.41603965110246793  0.42627527784479019  0.43647889211121432
  0.44738413081342671  0.45815928684574736  0.46835238753228670  0.47859171358592356
  0.48912323089485754  0.50014118008387920  0.51119017552508339  0.52189994425318387
  0.53262944559224201  0.54322588928532745  0.55371195446086185  0.56424670040590064
  0.57512243327694024  0.58645697146441123  0.59830700014769145  0.61016240634772700
  0.62149971492974210  0.63268838200732391  0.64403876180586461  0.65535502394301370
  0.66703944835255113  0.67828596106699446  0.68938847326844566  0.69993595597363734
  0.71065323766311439  0.72198435677544159  0.73342291065404286  0.74484774971439638
  0.75660836599146253  0.76866163355707562  0.78026477018566298  0.79119652047945999
  0.80169995800564575  0.81210393169238182  0.82280418796131050  0.83367121021059520
  0.84410461882973553  0.85375069096171685  0.86323974906492451  0.87262124662891583
  0.88218602748835417  0.89200773215502738  0.90188023744755608  0.91234588384457904
  0.92262262634470404  0.93331647389568784  0.94445476548907026  0.95558022350315530
  0.96680929811423799  0.97775948833283044  0.98883117946792742  1.00000000000000000
 -0.00235123933215535  0.00945433049730451  0.01921052532760273  0.02932416444286451
  0.03937581321387550  0.04902557027003387  0.05892943398397251  0.06881261387775299
  0.07875796034260352  0.08879885230708551  0.09825203377021213  0.10851269909848484
  0.11815578186572291  0.12862503601735817  0.13893546473095025  0.14944599614947501
  0.16019515161160366  0.17064122746223020  0.18082452814701827  0.19092938665698483
  0.20104569006404521  0.21166268068428284  0.22166838920845261  0.23187435017635016
  0.24182668601471638  0.25197886996336544  0.26258675956316191  0.27346273106066649
  0.28489761704692779  0.29580696026497355  0.30659452101404971  0.31737520017540061
  0.32871371306438113  0.33987109729812393  0.35051675496334417  0.36130620596540097
  0.37263450740431570  0.38381779726448340  0.39470493874585677  0.40499471633159650
  0.41547855240966330  0.42605406871855783  0.43597114170739187  0.44555279412995352
  0.45508636236895950  0.46521476168990628  0.47563420505892812  0.48566283317564030
  0.49545234612992362  0.50519496686712417  0.51540168584819446  0.52601444228809469
  0.53659976234781870  0.54681617990545850  0.55697429021449174  0.56750204400776405
  0.57808023841232348  0.58819152738094560  0.59791996090662913  0.60792034967615793
  0.61838228835210529  0.62895820059610730  0.63942793833048284  0.64980647619069654
  0.66033603774019356  0.67119924520384489  0.68224604724572790  0.69305054223576767
  0.70334050369106071  0.71381993048950876  0.72465990587820617  0.73554287639407900
  0.74636927976976875  0.75749942338312104  0.76936412692434075  0.78148128322243504
  0.79354991646868733  0.80495632865169353  0.81555454513998193  0.82584655639937188
  0.83634646368923704  0.84718969842569047  0.85792726586180690  0.86872356149679741
  0.87978665804228895  0.89085853507849477  0.90204044195670752  0.91310549518460882
  0.92420159740717001  0.93482871295317183  0.94516776263254165  0.95551411570343681
  0.96666698938483120  0.97836857841906355  0.98942159721306555  1.00000000000000000
 -0.00218349796946903  0.00958108333994002  0.01963346318842828  0.02954778731518092
  0.03946435309213427  0.04946724395048625  0.05943694026255338  0.06915210866804544
  0.07874329390375091  0.08892529363229598  0.09956723339335519  0.11109628694995141
  0.12200593917433238  0.13421317385369003  0.14544773153362808  0.15807431751659318
  0.17085002960727050  0.18371940111523102  0.19584705452041135  0.20746787316044632
  0.21890589422755868  0.22991008598607843  0.24041978180822016  0.25092077194002393
  0.26179217539945482  0.27266142087867007  0.28300587104831543  0.29311305439038865
  0.30311533332131707  0.31279231999059603  0.32266338514638265  0.33284522189585725
  0.34339704916911246  0.35423331400289432  0.36492837224466657  0.37559211974816342
  0.38604155743683138  0.39646537682996236  0.40715780687124903  0.41750341621768849
  0.42703134754521332  0.43623523187987728  0.44603318969466527  0.45625442665063248
  0.46650512845904590  0.47689531458046047  0.48681801836574989  0.49636850212686534
  0.50592079358061182  0.51588159459861604  0.52590480642169934  0.53598072826399923
  0.54610655333298053  0.55640415712639324  0.56705980500121134  0.57747718872842868
  0.58757882957475494  0.59739507730409447  0.60728199955673201  0.61773672687762782
  0.62822962557408291  0.63853063944358746  0.64865834255988919  0.65919794448649238
  0.66942928702160476  0.67908138951935160  0.68875896769340927  0.69902671467975575
  0.70986894946296020  0.72096431513915371  0.73205114313934661  0.74310062957582479
  0.75410667749790739  0.76490466303758797  0.77531940851227532  0.78552842478632601
  0.79602605831438700  0.80650533492089216  0.81654816618678372  0.82648738630058938
  0.83703050968146842  0.84840793967319594  0.85998456679011925  0.87111897187285847
  0.88201703625492400  0.89286811213572193  0.90358478163097355  0.91417548890194900
  0.92526763091468534  0.93679223600789407  0.94832383080165195  0.95911399766402805
  0.96927844234930172  0.97923411913679270  0.98946370214254242  1.00000000000000000
 -0.00250185698909149  0.00984470975191931  0.02066213800206531  0.03160656592793690
  0.04271856904575313  0.05337579723256809  0.06358998711043021  0.07376443502973043
  0.08420894924203222  0.09508783904193172  0.10613702737385665  0.11706990542789979
  0.12841255313689920  0.14004156607475707  0.15119436427730734  0.16225316260184497
  0.17355813243950982  0.18540224002361755  0.19691200034488851  0.20834638495340224
  0.21965398581263942  0.23029371482953712  0.23993991970965478  0.24918924008297710
  0.25880871216728618  0.26878633190715384  0.27845478269206603  0.28814914977319783
  0.29843236012894936  0.30938973858510344  0.32004233380202712  0.33078768612145470
  0.34135468508824462  0.35172803823262183  0.36201015031936817  0.37239545279004421
  0.38295145689001658  0.39334214128716832  0.40343761566256270  0.41345467299075561
  0.42355389401762294  0.43379200719925998  0.44439634831109925  0.45512479523073840
  0.46606368708982493  0.47670206483946131  0.48753193617566459  0.49846354730149622
  0.50918107933513457  0.51963907365748840  0.52976436210782951  0.53983085719444635
  0.54964627947681510  0.55963388280820825  0.57004434395376780  0.58061980926902590
  0.59124496995305509  0.60206150582383866  0.61346842581397543  0.62507455237876453
  0.63625953101874022  0.64685165484944562  0.65707627405063140  0.66722489744212332
  0.67776087688941611  0.68875648550661417  0.69997483747798617  0.71067963469389661
  0.72098056576785419  0.73124517607620132  0.74140596783078860  0.75200869896633937
  0.76301820664729014  0.77461205920232501  0.78631591585228366  0.79741774523608977
  0.80788375225914122  0.81802330174629467  0.82795018939385612  0.83795389986270752
  0.84763842234409092  0.85742598522474900  0.86704958278954847  0.87680857439991633
  0.88651639872669363  0.89661823846824074  0.90672349211471648  0.91680840201411851
  0.92674087959846385  0.93671609911029141  0.94740898131185303  0.95815058777551843
  0.96872053378590395  0.97905846770296712  0.98974982269846534  1.00000000000000000
  0.06862298814911998  0.07944638787968525  0.09183252009227005  0.10380951912516745
  0.11504515016437743  0.12556833474185752  0.13469554260145639  0.14292654379241337
  0.15050907679919392  0.15766434244210498  0.16471425490108441  0.17166240680368591
  0.17844195938034116  0.18512992207745463  0.19188234823438444  0.19864471542589007
  0.20520444345228903  0.21150370141186867  0.21766639064335985  0.22383802383913159
  0.23009956496813760  0.23646046284626376  0.24281707900580293  0.24932341017155124
  0.25621746722290190  0.26325047371230853  0.27026090153191101  0.27718091694641644
  0.28410478292272701  0.29095905379593606  0.29856311801906177  0.30626622031465373
  0.31445990722044781  0.32267843715678912  0.33095931567241976  0.33940425261532153
  0.34784155525428029  0.35630102535656094  0.36464570758614828  0.37259338176054124
  0.38016475682594103  0.38695125491140109  0.39393283944877716  0.40086282949258473
  0.40799755526144893  0.41549756245555047  0.42321883242190839  0.43095141310471974
  0.43881471628185853  0.44685477796157907  0.45509582224373202  0.46341182167414902
  0.47179380443337399  0.48019084077703755  0.48849331978112620  0.49679346653688555
  0.50532106435539259  0.51405011807113488  0.52301168118143360  0.53227317229213122
  0.54168589422696212  0.55100665651053449  0.56049229826314217  0.57040708501997661
  0.58032308294966328  0.59014104631942743  0.59995025424434145  0.60925732539298350
  0.61858149529514650  0.62819233828625565  0.63827512395190800  0.64838422742567092
  0.65815516218278536  0.66801462947453472  0.67817211798943755  0.68870586384721022
  0.69932863365795361  0.70980903612825896  0.72056370028680228  0.73131172724445948
  0.74174814769478847  0.75215258180332945  0.76295089068410837  0.77402485164094437
  0.78519418674014929  0.79798013360762443  0.81252397408160015  0.82711201888663000
  0.84204784640954655  0.85720712876996086  0.87261493380676181  0.88886964610835817
  0.90606865536697112  0.92626382868112012  0.95504592977811353  1.00000000000000000
 -0.01982444673417651  0.13373096816105426  0.17910631495212231  0.20991095946492552
  0.23616751634794228  0.25744442227095826  0.27592896441430975  0.29295535548668322
  0.30906995300216250  0.32481260247234983  0.33927208644036344  0.35278951375188122
  0.36509625008542296  0.37686912525243083  0.38782175474643349  0.39858135978600306
  0.40916828409937234  0.41960606983591020  0.42980754468862475  0.43978057590053610
  0.45042795183457085  0.46104609169511168  0.47089020317992525  0.48068082477323332
  0.48997044396922679  0.49911908209604544  0.50767741928323473  0.51606915073367399
  0.52437129745343114  0.53246696272702854  0.54020284636385252  0.54752482538141423
  0.55469314793638369  0.56192631681474092  0.56906718207938367  0.57620347600807886
  0.58334548680811005  0.59044146310034062  0.59731334529927038  0.60383975894299713
  0.61013763543491273  0.61652288936290256  0.62316187912792131  0.62910204771004785
  0.63507577404377735  0.64113972147299714  0.64719720853668894  0.65322119247238364
  0.65916571206892793  0.66500147584209190  0.67067935607908746  0.67616156831428009
  0.68151777675940262  0.68693437454958706  0.69255269537428843  0.69811443843470056
  0.70356573658410171  0.70897198278392703  0.71441089523592261  0.71976634336844769
  0.72496927297634184  0.72998750419388381  0.73476032546675241  0.73930411370625926
  0.74386987379385827  0.74842004817631291  0.75306816930145759  0.75782980145608836
  0.76268437341733086  0.76750675824544268  0.77243724039458006  0.77742357529308415
  0.78243434865741823  0.78747457208423566  0.79263098770790497  0.79840769693417679
  0.80403447953956064  0.80961460005787189  0.81501342316758107  0.82027386358231502
  0.82564549421781419  0.83118176023896984  0.83682769621549058  0.84264313138510616
  0.84866707079218695  0.85503783270848599  0.86174119103459246  0.86885954884010708
  0.87619135902929679  0.88448706981114811  0.89327558345180125  0.90299110189924758
  0.91411403296888838  0.92822128630344480  0.94961182485942064  1.00000000000000000
   2.1744067669153849E-007  -1.0000000000000000     
 F F F F F F F F F F F F F F F F F F F F F F F F F F F F F F F F F F F F F F F F F F F F F F F F F F F F F F F F F F F F F F F F F F F F F F F F F F F F F F F F F F F F F F F F F F F F F F F F F F F F F F F F F F F F F F F F F F F F F F F F F F F F F F F F
  <DiscreteSampler_grid>
  grouped_processes
  1 # 1 for a reference and 2 for a running grid.
  10 # Attribute 'min_bin_probing_points' of the grid.
  1 # Attribute 'grid_mode' of the grid. 1=='default',2=='initialization'
  0.0000000000000000 # Attribute 'small_contrib_threshold' of the grid.
  0.5000000000000000 # Attribute 'damping_power' of the grid.
 # binID   n_entries weight   weight_sqr   abs_weight
    67   10   1.242946094077776E+004   2.258404037466993E+008   1.242946094077776E+004
    68   10   1.242946094077776E+004   2.258404037466995E+008   1.242946094077776E+004
    70   10   2.325950718531786E+005   7.908571972538795E+010   2.325950718531786E+005
    71   10   2.325950718531786E+005   7.908571972538797E+010   2.325950718531786E+005
    73   10   6.642079647149186E+002   6.449190592381879E+005   6.642079647149186E+002
    74   10   6.642079647149186E+002   6.449190592381882E+005   6.642079647149186E+002
    76   10   1.242946094077776E+004   2.258404037466995E+008   1.242946094077776E+004
    77   10   1.242946094077776E+004   2.258404037466995E+008   1.242946094077776E+004
  </DiscreteSampler_grid>
