  0.02325701924436736  0.03587213647401319  0.04705409107082153  0.05726650928387160
  0.06726240313910492  0.07727610766219670  0.08689274132204061  0.09594020396724211
  0.10531715189369185  0.11565499517479030  0.12663002406418969  0.13727035911412411
  0.14787255154474271  0.15805041968957520  0.16829724305681712  0.17754317182200399
  0.18651274494377942  0.19619590235823164  0.20629621734664186  0.21730347800463082
  0.22838037431128885  0.24027220635853674  0.25149132252799106  0.26031196845355276
  0.26885007755805002  0.27720946384447259  0.28540739947488963  0.29337882964786455
  0.30106305999509075  0.30825503099968937  0.31633415125280856  0.32645244325417078
  0.33713974176641620  0.34825290743191151  0.35878514575557707  0.36904728385289226
  0.37965691875939722  0.39138347530274803  0.40214958573874482  0.41281931218423867
  0.42274675470274964  0.43273687188627774  0.44337124122524058  0.45380376372625575
  0.46361126428255445  0.47310274359624294  0.48302661329064045  0.49275484582632706
  0.50187851837761310  0.51067665561343023  0.52009335934560930  0.53002176212024998
  0.53931218744435816  0.54807475657271743  0.55686518009807273  0.56562322008403154
  0.57428938388564077  0.58301095568225192  0.59291293460831773  0.60417513966613223
  0.61606800157670449  0.62774095944941000  0.63883519930998078  0.64947461630234415
  0.65974382359558437  0.66924183275136073  0.67783050954211810  0.68659032705793088
  0.69591986266119477  0.70601281531955673  0.71667495096291511  0.72761928949383881
  0.73750564572131827  0.74681810735397414  0.75658853846114082  0.76611988754518667
  0.77606403202800833  0.78588341237410875  0.79776381360408655  0.81015776434624187
  0.82232788061978279  0.83432066266612015  0.84710994064643386  0.85922935950379642
  0.87026400559931461  0.88041624956798303  0.89029331493350283  0.90021770415100677
  0.90999089429577384  0.92021739923013668  0.93038768666086724  0.94151076097328268
  0.95333628594073783  0.96316989445095424  0.97141618325891099  1.00000000000000000
 -0.00004264701411148  0.00040041134978818  0.00097104008891494  0.00184725704352422
  0.00310647636684517  0.00473730451616022  0.00670346912714319  0.00900487376384766
  0.01146751307376772  0.01406821845374278  0.01687785833931811  0.02016168357430552
  0.02399910631830768  0.02801851351708643  0.03194575621825273  0.03608373289999486
  0.04053888790632951  0.04509756679271922  0.04937032706748231  0.05390609312862698
  0.05886250936023910  0.06473351750833621  0.07087493458869298  0.07691549504203346
  0.08296817912312304  0.08932426039965526  0.09612282262872916  0.10320226430446222
  0.11051696005487720  0.11817436101520833  0.12620497159983357  0.13457030739038109
  0.14319701503971005  0.15190024796295465  0.16022408337395760  0.16896534528977764
  0.17828835819448149  0.18889215768646295  0.19915611893633850  0.20963429401382783
  0.21998643398478593  0.23100859171752847  0.24239288879511475  0.25455652366592363
  0.26606322366980323  0.27726868670316251  0.28850833364716577  0.29989637869995733
  0.31132819466382894  0.32250682460860358  0.33339983270921703  0.34436186016816234
  0.35549140994685474  0.36693041470882476  0.37847281864010685  0.38996201220572779
  0.40114071465091361  0.41195711659392636  0.42371360114506701  0.43600727573937031
  0.44830122047160470  0.46112706958903976  0.47471868215547974  0.48905047358830317
  0.50357096869471019  0.51849162072656829  0.53284217569007208  0.54701896985466303
  0.56211268438511575  0.57786412483363558  0.59478535168670310  0.61213922391759612
  0.62959694759388829  0.64712156525108688  0.66502557166271536  0.68281501539279410
  0.70035017936909150  0.71748555912211287  0.73406587787977684  0.75002180613089153
  0.76567449050207603  0.78159850184625490  0.79778642431757396  0.81427508698644280
  0.83081249263711587  0.84693276696102326  0.86252118274042777  0.87827845729080201
  0.89488388597472279  0.91173201637062795  0.92824478501791907  0.94410207839965410
  0.95890875127992736  0.97291585143513404  0.98652489563874324  1.00000000000000000
 -0.00223736209781803  0.00825972655931682  0.01708943129941659  0.02750329393624472
  0.03723985834457810  0.04751958673972245  0.05737857049133100  0.06697937886823423
  0.07698989445344649  0.08627650166442692  0.09734276177290997  0.10848295678171918
  0.12088468462087314  0.13272196736875658  0.14425255500105849  0.15406102895020732
  0.16401534457770725  0.17375965016176834  0.18391757648959550  0.19442888478505574
  0.20473031102952921  0.21470057730810710  0.22391381244250039  0.23358022591750338
  0.24407019019272239  0.25437588450110876  0.26435279308060966  0.27476730673234856
  0.28576146115726780  0.29737770866256058  0.30827421758454004  0.31843451018256647
  0.32792792054939196  0.33850144177680513  0.34903060641836858  0.35874688761369183
  0.36831798289934198  0.37890150554033841  0.39036828189272127  0.40166158041766115
  0.41253527029591436  0.42255774213443814  0.43158958224096083  0.44025969905470935
  0.44792671065548340  0.45591217612726104  0.46470094411739282  0.47439733991921101
  0.48409240283959071  0.49373996958597832  0.50400304493690795  0.51515336814835744
  0.52674551334667696  0.53781243712944882  0.54782739721302798  0.55725756759584444
  0.56707445466658202  0.57766888775827141  0.58863140243927092  0.59950830130571653
  0.60954299296693704  0.61944499271717524  0.62896732697239077  0.63801053250940232
  0.64694916628630250  0.65611100066085437  0.66549824040216754  0.67577289245471872
  0.68671177122324667  0.69758522809598766  0.70852277908693362  0.71876382119976123
  0.72944808993621479  0.74090005014097882  0.75282085079967254  0.76521597048042478
  0.77807776636586301  0.79203166323379126  0.80653414917698574  0.82165819502195114
  0.83633662776303941  0.85038869298838837  0.86274035786953807  0.87452624779171906
  0.88623239269696608  0.89752655700017103  0.90807540972024881  0.91901590419216561
  0.93136470154924311  0.94334919130397099  0.95424260328159283  0.96396159078980093
  0.97266258790432158  0.98148427122688209  0.99030983885054891  1.00000000000000000
 -0.00751224377069001  0.06378046256412304  0.12473048499524690  0.16602796580771553
  0.19387171783175400  0.21558074243242847  0.23424644771160272  0.25039678723270375
  0.26444078290993162  0.27638808608245746  0.28777555175628139  0.29808705094557708
  0.30719526830731325  0.31517534861552310  0.32231925953607415  0.32930369941530752
  0.33610387310193490  0.34255736426398570  0.34873000949950900  0.35504045543866419
  0.36179519281011630  0.36867467362088191  0.37518948254284434  0.38168378371362893
  0.38760040072904389  0.39311742949358103  0.39849443356532555  0.40373313918979936
  0.40885326504513486  0.41419354973223593  0.41958252889874159  0.42468653647044924
  0.42980222028837634  0.43477583823732929  0.43943710611074299  0.44394545541370251
  0.44838196853495532  0.45272313149485466  0.45681972765393508  0.46090504716429892
  0.46510148973453014  0.46945652923099390  0.47401895998772176  0.47883307465872554
  0.48252336868587276  0.48604647091194192  0.48968859690040217  0.49340422784557375
  0.49738456161928135  0.50177679403248721  0.50594294179308597  0.51021217380754780
  0.51395302189389847  0.51779185901955338  0.52178330864856459  0.52599846672121542
  0.53048508083429147  0.53495754134015905  0.53940087769130796  0.54390066817971028
  0.54879489951293892  0.55379289554927358  0.55904672456972981  0.56450186744799957
  0.57029305863037227  0.57653447175647088  0.58228560076552238  0.58747766408601532
  0.59239950165984923  0.59742817586237185  0.60265319155627639  0.60776809298058476
  0.61275714974693474  0.61798574968142927  0.62313297987090377  0.62814093246462932
  0.63310763923646318  0.63816475841693066  0.64362840161700685  0.64989908156210752
  0.65684999285904122  0.66436960995457395  0.67295244735429294  0.68257788835982669
  0.69295623878411461  0.70365010135602979  0.71533335439299828  0.72821918732815361
  0.74261075336905358  0.75920753070712055  0.77840521959923559  0.79883020049098274
  0.82451651941075343  0.85984025412674081  0.91229989782218157  1.00000000000000000
 -0.00205511459291350  0.01038295427101288  0.02096391855155850  0.03076663166936532
  0.04019954816358992  0.04972666756479902  0.05933008260458699  0.06879636856360427
  0.07843370597627451  0.08880266722096623  0.09951928893610741  0.11055406743334334
  0.12149280613511931  0.13245880795688558  0.14366967903245093  0.15466296250173736
  0.16571643934873762  0.17618762731748222  0.18629883119687135  0.19623632203089969
  0.20700574645849262  0.21857428837118131  0.22934591311792496  0.23917514606425758
  0.24923935624379392  0.25941667802332757  0.26934243954195236  0.27958714137580831
  0.29014436317341458  0.30132501708046661  0.31201431426236897  0.32229917129038976
  0.33199816542525784  0.34163972504633816  0.35225388828735166  0.36351830335521862
  0.37462011677476070  0.38517766696311606  0.39585765060693029  0.40717955747653251
  0.41857949763077135  0.43020599269716436  0.44054790375777558  0.45069254316333751
  0.46121265149362861  0.47200511669780820  0.48243942210534368  0.49260949008148935
  0.50278338051889604  0.51305693764553462  0.52328022406149888  0.53351644237132811
  0.54395758720475162  0.55429527582799265  0.56480808048735986  0.57581456245885154
  0.58678791265382679  0.59764046603701837  0.60857248692813326  0.62016219289521579
  0.63178049750101239  0.64249033770716901  0.65277713368342705  0.66293504126877756
  0.67328711698596566  0.68387832832194773  0.69508342721259642  0.70710048669007985
  0.71781508841029007  0.72803751602945432  0.73756992555762613  0.74784088583293662
  0.75852627628321878  0.76980243659490621  0.78166674932636104  0.79353137740222257
  0.80499981226518424  0.81668880441695335  0.82851929205700414  0.83870920163109730
  0.84734168387759834  0.85571576668344906  0.86490332777328727  0.87505743479998521
  0.88609823728158277  0.89679483850658215  0.90757513597529849  0.91775042919919270
  0.92730532929509801  0.93647023525702189  0.94566533959651600  0.95526190779318587
  0.96525637333204195  0.97580113792042766  0.98730331875805966  1.00000000000000000
  0.00580447279594669  0.09561747193345484  0.12300409870281603  0.13873112012012592
  0.15219171301738718  0.16464946672754369  0.17621267072239299  0.18730026123487939
  0.19827673549513899  0.20891459075676164  0.21975845909767766  0.23115377538125115
  0.24350310286805571  0.25619449573284270  0.26964422350079342  0.28366061513610258
  0.29726057554717011  0.31081998636132785  0.32379578918112145  0.33612064206080627
  0.34826520355366225  0.36099683991733206  0.37324664504750782  0.38494964048113245
  0.39592864392828181  0.40613974660126684  0.41606878019240501  0.42612993861141302
  0.43552801029961596  0.44400368224536124  0.45248361951419019  0.46192702414605813
  0.47159168383573058  0.48061170040978524  0.48913885348823094  0.49776916743766270
  0.50669288696535497  0.51570716951561746  0.52418516147160221  0.53259013442579961
  0.54101967292618303  0.54983933937876595  0.55818453043432636  0.56607885090123200
  0.57341723945583589  0.58104291565604349  0.58878671467948884  0.59702387874994045
  0.60582289120107147  0.61454404523622330  0.62264684265489423  0.63036322833343428
  0.63795279140977779  0.64553391314013731  0.65384268849713822  0.66168956039085591
  0.66916514199870591  0.67617299701206646  0.68315282576067604  0.69047986937326600
  0.69749869098777451  0.70474464045545104  0.71163960486914601  0.71831289934758169
  0.72494578698492917  0.73144910538957997  0.73810702240669357  0.74494962219920446
  0.75172974864873066  0.75915094082425649  0.76739058480687583  0.77629537300050766
  0.78556213738020408  0.79481774652498705  0.80308082825724791  0.81171905661500254
  0.81843175397951673  0.82510462664542272  0.83160073574185123  0.83778858369214027
  0.84369144127001316  0.84951839711815147  0.85525326149394687  0.86119802830290670
  0.86755161380031132  0.87406027009030351  0.88079386127787607  0.88806599430579181
  0.89575688232465323  0.90345489436780757  0.91118910740031744  0.91992592507406101
  0.93025907869823743  0.94405024929649395  0.96353717324209076  1.00000000000000000
 -0.02005926953516098  0.11337508388596573  0.15110477258746960  0.17396258165163203
  0.19210881817127679  0.20700295071405728  0.21952160783941996  0.23091542026390485
  0.24163652602966626  0.25201106669342782  0.26205183160180096  0.27162141891173863
  0.28025267255628200  0.28812124669209582  0.29580166808014685  0.30361430968622755
  0.31152428374063951  0.31919354689677226  0.32659970329786558  0.33411357526265639
  0.34180027599434271  0.34923099565198246  0.35583373695502818  0.36182285322801200
  0.36810769864896542  0.37495751955213458  0.38157610785652679  0.38800832102278937
  0.39418815003619284  0.39981624743564242  0.40523349568764849  0.41063891577890055
  0.41633700997632650  0.42250080126789408  0.42881493679158850  0.43470956342867995
  0.44009869869474272  0.44526809361258518  0.45040169906897720  0.45541704429319452
  0.46072135930345992  0.46608139204688287  0.47154203633254832  0.47749844278785697
  0.48325442905686394  0.48857042569972797  0.49382245025812771  0.49910876956778411
  0.50438563506590328  0.50966347537760315  0.51491464532951248  0.52018759584521379
  0.52556101721063897  0.53101207900982805  0.53640440008082524  0.54182820333475490
  0.54745517631577911  0.55309884483709304  0.55860178494925317  0.56415335147479018
  0.56987331771919425  0.57548565043312971  0.58106997687079920  0.58673140401496371
  0.59229331548350517  0.59786226016596733  0.60357861612071095  0.60969297391983301
  0.61626511249889504  0.62301997142233900  0.62971097716091851  0.63678031648467859
  0.64353109372060369  0.65110298234253161  0.65885653223877461  0.66619986739779535
  0.67305301035691112  0.67979828491175320  0.68688590679500550  0.69451997040187285
  0.70279989831822509  0.71166454804079415  0.72078294877500182  0.73010553244519139
  0.73943568970447038  0.74897945342093564  0.75885650110605396  0.76915135771918952
  0.78010337422218423  0.79213054461768162  0.80537742848179283  0.81988409355389147
  0.83707704344862255  0.85984698720240960  0.89366945404693388  1.00000000000000000
   1.5975479657238222E-010  -1.0000000000000000     
 F F F F F F F F F F F F F F F F F F F F F F F F F F F F F F F F
  <DiscreteSampler_grid>
  grouped_processes
  1 # 1 for a reference and 2 for a running grid.
  10 # Attribute 'min_bin_probing_points' of the grid.
  1 # Attribute 'grid_mode' of the grid. 1=='default',2=='initialization'
  0.0000000000000000 # Attribute 'small_contrib_threshold' of the grid.
  0.5000000000000000 # Attribute 'damping_power' of the grid.
 # binID   n_entries weight   weight_sqr   abs_weight
    22   10   1.304363309399495E+001   6.004569976529749E+002   1.304363309399495E+001
    23   10   1.304363309399495E+001   6.004569976529752E+002   1.304363309399495E+001
    25   10   1.310332097525159E+001   6.168514457739798E+002   1.310332097525159E+001
    26   10   1.310332097525158E+001   6.168514457739799E+002   1.310332097525158E+001
    28   10   3.016049596021210E+001   3.133620471509103E+003   3.016049596021210E+001
    29   10   3.016049596021206E+001   3.133620471509094E+003   3.016049596021206E+001
  </DiscreteSampler_grid>
