  0.00879639498270576  0.01722407059488154  0.03087471732898276  0.04426021401275020
  0.05798983378202247  0.07080827238295719  0.08097782190618266  0.09292068898415301
  0.10477900110158286  0.11394979497164537  0.12179657496900431  0.13048570544193355
  0.14104345928010684  0.14887398796268764  0.15503879705105517  0.16091216890443144
  0.17066173854297056  0.18081606904177819  0.19054340167221129  0.19975957501102029
  0.20865251081581893  0.21741358714971554  0.22829831346708523  0.23889845120958161
  0.24898864883845348  0.26064213892285382  0.27201300309451659  0.28464039739135771
  0.29726615198613004  0.30943358614687516  0.32349803842982949  0.33934494747663796
  0.35306004895968285  0.36710832622214301  0.38202682599572957  0.39612241031657042
  0.40689651086441503  0.41365951212678070  0.42107795920180952  0.42905149789844765
  0.43716639573646066  0.44956743535274779  0.45788983302375946  0.46555577574666807
  0.47301578498149738  0.48020992830083714  0.48925975275238748  0.50263214698528158
  0.51515683028118353  0.52579840665677890  0.53685110508754208  0.54531869248049547
  0.55407240320385676  0.56438339905362200  0.57269088212372132  0.57952218324320226
  0.58663232095930540  0.59394456393637785  0.60038093007909710  0.60702320224248363
  0.61332390264882564  0.61811615458622482  0.62165959441879370  0.62573147913579386
  0.63015630977979786  0.63478748113743921  0.64007854961101562  0.64679186719085280
  0.65696399378047865  0.66835207636017657  0.68068324668037616  0.69204635227348510
  0.70647474266723498  0.72278994882655034  0.73717172094287642  0.74908472001497917
  0.76005850323314283  0.77093676672504730  0.78172694697365075  0.79408800593757478
  0.80753154652838222  0.82304527660210447  0.84131804536461630  0.85776490854889587
  0.87108875459491930  0.88686806976956689  0.90309340612454980  0.91362122381937416
  0.92506760434370661  0.93650555194527774  0.95227690205208837  0.96483947446144114
  0.97492378179800920  0.98319825392341897  0.99058826797337385  1.00000000000000000
  0.00010534224663031  0.00011377661994921  0.00012149123055991  0.00012952736501945
  0.00013958555851928  0.00014984358996045  0.00015757892207509  0.00016467017298303
  0.00017099201851501  0.00017688816002543  0.00018267384673288  0.00018883626194649
  0.00019561419408568  0.00020293661798246  0.00021070366136728  0.00021656002757469
  0.00022221246067408  0.00022792801920237  0.00023389615253433  0.00023975288308294
  0.00024581586282426  0.00025253289007530  0.00025877069266855  0.00026598453511204
  0.00027419401620779  0.00028298230497812  0.00029288474028436  0.00030224586132735
  0.00031049392138099  0.00031784168471914  0.00032498698958275  0.00033259212426407
  0.00033996426363423  0.00034603003180032  0.00035286038141470  0.00036023975212312
  0.00036821724069139  0.00037769295495946  0.00038919765760333  0.00039878412644349
  0.00040700617961945  0.00041416654732430  0.00042132807535062  0.00042849037769521
  0.00043450791747621  0.00044059330366589  0.00044707447846770  0.00045333745240319
  0.00045978378082092  0.00046828346476715  0.00047803414669324  0.00049353676160666
  0.00050657045543323  0.00051873226402193  0.00053191098599869  0.00054433572951024
  0.00055680700474483  0.00056746978524817  0.00057667980152105  0.00058954730602814
  0.00060934602612021  0.00063380957807419  0.00065757617078952  0.00067816519076698
  0.00069081806123736  0.00070006566411859  0.00070836582538230  0.00071701133173488
  0.00072777258958238  0.00073913486500997  0.00075012751651693  0.00076162578655423
  0.00077237005729650  0.00079217603436173  0.00081970836818294  0.00085505398085542
  0.00089230523006874  0.00096432086514550  0.00103579443002788  0.00106940311577796
  0.00110717909478858  0.00114894086580515  0.00118508334048352  0.00123116169226476
  0.00130447484231795  0.00141239588116307  0.00153750926768278  0.00169265805992849
  0.00193411367697392  0.00225070510019793  0.00251192418314171  0.00279803819687544
  0.00356727294581093  0.00454617761273638  0.08124206434706403  1.00000000000000000
  0.00000236814868894  0.00000349367385228  0.00000432653384286  0.00000512917563960
  0.00000599567153187  0.00000720736453994  0.00000829869623034  0.00000958023765043
  0.00001113341889462  0.00001243145859999  0.00001378477659968  0.00001532095190981
  0.00001696525810976  0.00001885264933241  0.00002065652337111  0.00002276654735915
  0.00002494583069408  0.00002726191208847  0.00002994550146747  0.00003273771406104
  0.00003523172940062  0.00003749409748582  0.00003942071209668  0.00004165975347396
  0.00004427055717868  0.00004705666005788  0.00004886249797769  0.00005038975474965
  0.00005178784704592  0.00005319059540154  0.00005473997777318  0.00005626145250334
  0.00005816365564639  0.00006068047678220  0.00006305601443808  0.00006512099224884
  0.00006697356638506  0.00006877269154696  0.00007054946993791  0.00007249401613086
  0.00007466597106257  0.00007724567406896  0.00007987674996334  0.00008206687074733
  0.00008409100662194  0.00008614089251365  0.00008846682424158  0.00009103760828200
  0.00009530707658849  0.00009976521856787  0.00010427306086338  0.00010896163234590
  0.00011343817814462  0.00011695092110683  0.00011956901136143  0.00012137030676162
  0.00012289916119987  0.00012539029018158  0.00012915144363162  0.00013221158605995
  0.00013489525468301  0.00013770846390598  0.00014155230925392  0.00014667276478782
  0.00015142660686446  0.00015553252273612  0.00016002299779101  0.00016604274767507
  0.00017198082434597  0.00017779671452180  0.00018591220056286  0.00019924989708144
  0.00020726446931549  0.00021544523012548  0.00022382748748708  0.00023256705607546
  0.00024316971124311  0.00025931304222300  0.00027830593217070  0.00029909009860513
  0.00031989475506157  0.00033990590658767  0.00036397541452265  0.00040171031579620
  0.00047751243925498  0.00059847757149132  0.00074207888884860  0.00086112989043872
  0.00100237943893798  0.00119262914863945  0.00143519742969343  0.00174615189808213
  0.00212180773479344  0.00260864133320423  0.02039166957583757  1.00000000000000000
 -0.00345012671994161  0.01524728573798947  0.02901532792548533  0.04302473197052992
  0.05364356989535837  0.06131224161009426  0.06849882415783551  0.07589131234859493
  0.08404606964562746  0.09839314187449454  0.11192335006318546  0.12431648831864854
  0.13886482556675755  0.15268049427052813  0.16547481965159139  0.17607380194269234
  0.18428376432236324  0.19140215534007113  0.19796732149901539  0.20530658695379109
  0.21085342510497407  0.21735858585915221  0.22503336729560361  0.23396956192049476
  0.24609883336529709  0.25934238375101942  0.27006465956178016  0.28053100922320301
  0.29335426793852470  0.30956109351845579  0.32491902363268615  0.33880547147733053
  0.35262148369998764  0.36766082861861221  0.37861698251931214  0.38686814530131491
  0.39434443420985632  0.40220600983853894  0.41065085263194939  0.41945796359340914
  0.42731869011022688  0.43826923127882278  0.44979516519100970  0.45784047455877941
  0.46546853630397927  0.47363771678626743  0.48607617283504101  0.49521527475431448
  0.50719909267787522  0.51956448169007208  0.53237953600142118  0.54358124650845008
  0.55493001317473900  0.56488340388944658  0.57300137674099849  0.58071582527886356
  0.59003196927336587  0.60029924071989305  0.61168886868332217  0.62402407136273297
  0.63432783203744092  0.64202398729316057  0.65034181294188942  0.65807015665455981
  0.66544360384628998  0.67456583898700417  0.68655327502650176  0.70080222251991231
  0.71949077582708865  0.74323130574494900  0.75609114668781241  0.76502451196539445
  0.77321699510178055  0.78161164241783143  0.79190613170502466  0.80439170917331515
  0.82017642095650745  0.83536953631774247  0.84955250695533835  0.86489337712782899
  0.87580414475093793  0.88346891611343548  0.89161161367064512  0.89760218938256475
  0.90256038625496549  0.90678915881637145  0.91120842920677370  0.91887292698460066
  0.92458506743077529  0.92950213002006854  0.93436072665547476  0.94381388032060365
  0.95438557813575220  0.96808101234585187  0.98340748330541472  1.00000000000000000
 -0.00217559260552888  0.01131041964684289  0.02250913379151069  0.03354849149853353
  0.04497730009358604  0.05871790260257222  0.07352406836922298  0.08890498364090990
  0.10408852722522485  0.12316967318235873  0.14319722757345008  0.16554273542689207
  0.18301865578635254  0.19557775506325681  0.20623234014194175  0.21734679246189795
  0.22712504342933537  0.23605401698939146  0.24552839071875487  0.25309881607737988
  0.25926669225362686  0.26643145147622493  0.27468421512408059  0.28609625593029298
  0.29955736512771264  0.31126663524690268  0.32222783202371097  0.33374009144750122
  0.34483583083694469  0.35648238388724857  0.36839149871685800  0.37787859602416751
  0.38742761651477486  0.39774008350992074  0.41068492403131740  0.42303806987736858
  0.43554854350446398  0.44792460766234099  0.45757214473800695  0.46520871094528315
  0.47276575543422644  0.47979370260086868  0.48570017457983011  0.49130223224557956
  0.49911294912825888  0.50908048535631145  0.51935809026618129  0.52710293104050687
  0.53268724429346337  0.53841821345577889  0.54475319071810457  0.55223904137407120
  0.55899637314632544  0.56489303492759690  0.57063058091955643  0.57636475188633796
  0.58392153920312273  0.59883096265147329  0.61475808112554742  0.63164260130210204
  0.64876479604975612  0.65684013192559376  0.66477246522226807  0.67289513053086902
  0.68259808281990975  0.69529400612198011  0.70651702132183880  0.71701198817278311
  0.72943974780896315  0.74214885740803438  0.75509468977558170  0.76893903521102269
  0.78177443254761214  0.79461290503063109  0.80696357946117159  0.81700227406916726
  0.82746912138158912  0.83887455518317833  0.85373588532615174  0.87275564838086428
  0.88990535648520808  0.90222905449667756  0.91106532916004557  0.91959014221877677
  0.92840011510586085  0.93693413388234648  0.94590792768473131  0.95304468344251969
  0.95938907225723380  0.96444385075909733  0.96884494773181984  0.97303663534748785
  0.97831425011673956  0.98506463673121114  0.99183898248038815  1.00000000000000000
 -0.00190865731324420  0.00620698450952798  0.01232984989080636  0.01807481406237975
  0.02386666008245814  0.03014095549105979  0.03615394992220342  0.04122355385908684
  0.04611180204923855  0.05069950035201370  0.05617729191200856  0.06405980588211682
  0.07194903930579374  0.07884832637619892  0.08328301009121249  0.08757011778886964
  0.09188884103052998  0.09632280806031883  0.10118891717038189  0.10858489813778933
  0.11826902522728149  0.12602999300007853  0.13018828790242190  0.13359177560721902
  0.13630743504394618  0.13882399887557947  0.14224615370049409  0.14584408333063073
  0.14918881655338143  0.15232713639540610  0.15486382614934352  0.15624562132750677
  0.15782955014652672  0.15951552391561635  0.16159522857697994  0.16361331846979310
  0.16669651300250068  0.17118153853088705  0.17546521046654154  0.17919847378465642
  0.18264833921900542  0.18657251360133317  0.19282809863400513  0.20050144796495392
  0.20812135600807419  0.21542713051818874  0.22245344515222107  0.23030112511780695
  0.23872836131053715  0.24680347120293014  0.25234914577883544  0.25749582048330200
  0.26323702982071617  0.26973592839831595  0.27816626648279208  0.28712859217623693
  0.29526495910685524  0.30334078470545350  0.31265044101247125  0.32313774845936100
  0.33190771046213463  0.34079881360823416  0.35248293981938689  0.36516465506541052
  0.37345522993662333  0.37985323846790703  0.38735136590675651  0.39519637213205944
  0.40151149519259965  0.41083155643364977  0.42249836664129625  0.43570030069803384
  0.45133143412266274  0.46836095812577977  0.48500510867278007  0.50043754714770283
  0.51356703390556824  0.52473710942090090  0.53611363350333119  0.55007841036034688
  0.56190359414451929  0.57731742873469860  0.59493531663090427  0.61307960064152722
  0.63338676572637642  0.65451588232606661  0.67672603436874179  0.70487998185874789
  0.73507646529330006  0.76562261561918243  0.78994298059054202  0.81326158922399794
  0.84578592821254317  0.88925653112782865  0.94157040469443665  1.00000000000000000
 -0.00173191095598220  0.00770055193220568  0.01730645292105070  0.03103553255805155
  0.04531835220480900  0.05337353617954596  0.06116318229362292  0.06965117122445363
  0.07914391545456706  0.09176619494912118  0.10585554068490149  0.11955714821005398
  0.12953154715641724  0.13911590629987369  0.14956193183065161  0.15669776658540691
  0.16375602309074738  0.17254066315715955  0.18577353604350963  0.19640146354476809
  0.20495523281883715  0.21162145873965663  0.21750582945734168  0.22289335543094663
  0.22741501665258979  0.23231366799167164  0.23797881524079773  0.24527572713445117
  0.25683022380518539  0.26742430306778797  0.27718349823745325  0.28854489754644430
  0.30448617009417872  0.32345553280210604  0.34147321867741559  0.35952408302917899
  0.37490870407129440  0.38678398570124800  0.39669850558794278  0.40633734058878435
  0.41522680567504400  0.42483598114634769  0.43763928696789534  0.44644744100860956
  0.45497717455963149  0.46188320427028234  0.46758184011980475  0.47414421097561776
  0.48430288421302653  0.49629689966715762  0.51209252507091396  0.52780220098241448
  0.54420704194203595  0.55888478868376801  0.57279179532330093  0.58533528013979119
  0.59754682669760051  0.60875034532836236  0.61866952209643011  0.63043171487885241
  0.64449818121097824  0.65958197103898319  0.67263150985836628  0.68597225661351235
  0.69989959492065967  0.71467698597000873  0.72676834863879347  0.73861115933320465
  0.75015655579147045  0.76132691741882697  0.77242634014447253  0.78077683023809541
  0.78872826692224574  0.79862610143473312  0.80983307406458327  0.82054962827746825
  0.83171379596454231  0.84380095751095641  0.85821682943039079  0.86534836892726652
  0.87434907205643531  0.88081289202935564  0.88710411731404504  0.89515918788798454
  0.90255622044215800  0.90998810414569731  0.91761247765065357  0.92657438196517872
  0.93694553534823932  0.94636206527384736  0.95594554104704310  0.96555263088237797
  0.97501066383926072  0.98360807782786075  0.99190226464298892  1.00000000000000000
 -0.00215467716370555  0.01067969493692098  0.02304431432698920  0.03609532150929836
  0.04574200999139325  0.05288539204015098  0.05792268015759517  0.06180003020737205
  0.06740525172445971  0.07404365417118361  0.08371868864895075  0.09572846873614997
  0.11115398461745118  0.12269771271472803  0.13049798811594193  0.13795981448314851
  0.14703465648324623  0.15581392114526124  0.16295503461900321  0.17046870776814815
  0.17971773326753401  0.18900325839639487  0.20172824974351253  0.21342916835371126
  0.22626138494023521  0.24065692122060445  0.25554450196785611  0.26953982104531032
  0.28367695620137179  0.29855875821225897  0.31482237022910353  0.33084184285600909
  0.34526577473866754  0.35762662734704914  0.36916788511340193  0.37929659438460211
  0.38727929688459722  0.39492757742802492  0.40314549150814605  0.41295195045802396
  0.42545871998651874  0.43750016902723149  0.44960018662532331  0.45949950430357983
  0.46454387006593301  0.47474772474107929  0.48488969695908007  0.49246014229413787
  0.49799846035551870  0.50215536159099161  0.50580768330336556  0.50981463990453291
  0.51481584018592819  0.52230850914098570  0.53206309497135285  0.54235528438991887
  0.55224831717309719  0.56344532706358685  0.57908093874670086  0.59753330831006024
  0.61466264350650168  0.62752456100778364  0.63826177863136047  0.64801316349517679
  0.65725575754839582  0.66598561233111209  0.67695867432113854  0.68795501734447218
  0.70114852322393995  0.71400749984890521  0.72575550984356429  0.73674102066836333
  0.74681060453929637  0.75995342778001940  0.77077456214471607  0.78029898653826424
  0.78677218577639685  0.79588954488765951  0.80541558239753530  0.81458131893540853
  0.82381218258849298  0.83510313517394796  0.84656451504637076  0.85905388281883543
  0.87168901447504765  0.88408391705359979  0.89754664532965245  0.91168949831301227
  0.92655443335396759  0.94317635369116548  0.95588780936626205  0.96447423666224874
  0.97213469101021932  0.97947815542451400  0.98668244929719917  1.00000000000000000
  0.09453645588505644  0.32376338002937827  0.39758880962610743  0.41097628861923008
  0.42321213787879736  0.43489233118614906  0.44674629410705696  0.45641274107981800
  0.46789845857051571  0.47886716335239832  0.48713377109956463  0.49245169264817779
  0.49669885046446194  0.50041437481209805  0.50417711487223327  0.50863081465116300
  0.51524195772797510  0.52239790497394090  0.52744230633815692  0.53150858625990649
  0.53540261966425462  0.53957404476051984  0.54519287848678788  0.55186926716223572
  0.55909134391731341  0.56665874137271555  0.57086511883541013  0.57404258919243878
  0.57671336572686460  0.57956959900817939  0.58255842823958115  0.58756935602679272
  0.59283542325773697  0.59926587835057654  0.60599841467130933  0.61222249743114243
  0.61848942834918574  0.62494010056630478  0.62990328446131416  0.63376751844667290
  0.63674491249606424  0.63985781140274289  0.64312714779485936  0.64658619602056111
  0.65233941242443794  0.65779044426831978  0.66301668502413191  0.66820451028827921
  0.67411358193082904  0.67972664512306147  0.68537285345387200  0.69114853760689732
  0.69720005916964722  0.70464765843998045  0.71230968005228956  0.71973027807644430
  0.72653154848714985  0.73266590755062933  0.73794423316362112  0.74237213293781334
  0.74655503214657337  0.75116368853250570  0.75617690982322228  0.76296986787598953
  0.77115960162111974  0.77942872216410697  0.78868815968355832  0.79461778252598547
  0.79985453838818987  0.80493378597127696  0.81071031759447199  0.81658606191867478
  0.82187045973642492  0.82582274786261223  0.82979872542809963  0.83455939343847618
  0.84111460557420237  0.84775272680106184  0.85541961478061868  0.86894547022436208
  0.87830966474684757  0.88383490631912787  0.88789070168026452  0.89215106990106008
  0.89730976481393288  0.90271196548040955  0.90724202080880556  0.91513264932340566
  0.92352826974601310  0.93257090816432697  0.94231183950580277  0.95341884844001912
  0.96527590768535054  0.97613675671488798  0.98636061569946909  1.00000000000000000
 -0.01490079823964256  0.10478648108525609  0.14223044689478651  0.17196648644070392
  0.20031406041278635  0.22538007188394266  0.24581812879400661  0.26022509647754438
  0.27111915852247331  0.28251472548905610  0.29384775774177835  0.30469258998583126
  0.31523140280507100  0.32711333138504800  0.33906453505808104  0.34922435689819642
  0.35903828568336621  0.36894889980476364  0.37913810325969910  0.38987647880278070
  0.40177529946236029  0.41299777547034949  0.42028637603045071  0.42572184810335389
  0.43131547272929016  0.43637465858327612  0.44144403599017279  0.44671196632909421
  0.45131988527766825  0.45795613311990124  0.46918347207230976  0.47961360049332225
  0.48989043245636199  0.49924231612499015  0.50785460049853048  0.51641564435950837
  0.52574587760917224  0.53487868653128467  0.54283387676988981  0.54868542066525605
  0.55407180377359044  0.55991203824889380  0.56633045878179777  0.57293047333702041
  0.57951484894317151  0.58561052557300974  0.59105633742752817  0.59585211237762870
  0.60092264169226939  0.60786367985388257  0.61691877412204121  0.62736294981312246
  0.63929834114626727  0.64832839374860574  0.65466962877551393  0.66011055265072704
  0.66572406872010248  0.67202337475598661  0.67749680016579894  0.68176022959502636
  0.68559858943043672  0.68890595548887357  0.69243812323637155  0.69603113949169426
  0.69974483140273724  0.70379477603294127  0.70808455823590710  0.71343874522655892
  0.71921370934530549  0.72515803831849190  0.73010255908491650  0.73401351353646715
  0.73810081678628991  0.74222406239957339  0.74685738492349885  0.75277990462901634
  0.75809810731855176  0.76363984768660709  0.77010710927302961  0.77647215406880365
  0.78008538917405967  0.78381494397349727  0.78762751490166172  0.79296105870965805
  0.79963732462125314  0.80889053066853289  0.81787109173157990  0.82694206515607271
  0.83744817151226281  0.84884906818087436  0.85967774770961514  0.87035192493968161
  0.88295959103448474  0.89988045342163492  0.92874805848532538  1.00000000000000000
   1.0927779624441115E-009  -1.0000000000000000     
 F F F F F F F F F F F F F F F F F F F F F F F F F F F F F F F F F F F F F F F F F F F F F F F F F F F F F F F F F F F F F F F F F F F F F F F F F F F F F F F F F F F F F F F F F F F F F F F F F F F F F F F F F F F F F F F F F F F F F F F F F F F F F F F F
  <DiscreteSampler_grid>
  grouped_processes
  1 # 1 for a reference and 2 for a running grid.
  10 # Attribute 'min_bin_probing_points' of the grid.
  1 # Attribute 'grid_mode' of the grid. 1=='default',2=='initialization'
  0.0000000000000000 # Attribute 'small_contrib_threshold' of the grid.
  0.5000000000000000 # Attribute 'damping_power' of the grid.
 # binID   n_entries weight   weight_sqr   abs_weight
    25   10   8.216657253434771E+000   3.798888691665944E+002   8.216657253434771E+000
    26   10   8.216657253434775E+000   3.798888691665946E+002   8.216657253434775E+000
    28   10   5.155128342140960E-001   2.260930944165890E+000   5.155128342140960E-001
    29   10   5.155128342140989E-001   2.260930944165917E+000   5.155128342140989E-001
    31   10   5.155128342140960E-001   2.260930944165890E+000   5.155128342140960E-001
    32   10   5.155128342140989E-001   2.260930944165917E+000   5.155128342140989E-001
    34   10   1.822638734158181E+001   1.212985725202997E+003   1.822638734158181E+001
    35   10   1.822638734158187E+001   1.212985725203006E+003   1.822638734158187E+001
  </DiscreteSampler_grid>
