  0.00993858649727517  0.01563574971976475  0.02485532917575754  0.03451072496657846
  0.04356288973542485  0.05195182745615436  0.06035202515387263  0.06952524808984888
  0.07949811875849791  0.08922888697573544  0.09825285991311891  0.10857612220711901
  0.12039094915048644  0.13177427646954648  0.14272962239120787  0.15393313454675273
  0.16504961783760369  0.17571227050917057  0.18579460054812680  0.19572381909229847
  0.20557436148010164  0.21577674054499429  0.22656160404898087  0.23688590493593431
  0.24754535173930173  0.25759645793131297  0.26708024662041258  0.27585346456591314
  0.28463098326331726  0.29402945119841178  0.30233659551108927  0.31078321185137053
  0.31921131639866507  0.32895685605248415  0.33943330503634994  0.34971591319074607
  0.36022247651224065  0.37087255527048651  0.38138839883535969  0.39131702326479878
  0.40083103475803994  0.41123313340023104  0.42150584458854506  0.43357631592912066
  0.44550172252401649  0.45815795483230781  0.46938830400357584  0.48173562662190350
  0.49366822087806084  0.50652770396170677  0.51820162758672572  0.52858206143058617
  0.53862804504372308  0.54767190208015681  0.55635899319911941  0.56488952564236361
  0.57419623585856938  0.58499879873215699  0.59706633051515978  0.60662427055867818
  0.61376820054739967  0.62096720635176694  0.62874286355330800  0.64031573721818447
  0.65295691254637389  0.66524659023021904  0.67867733460123358  0.69160295357254542
  0.70350350318796495  0.71434547907084267  0.72436569112378457  0.73558232282151126
  0.74765096859858449  0.75993794477339716  0.77112035302677606  0.78172040082123839
  0.79189791531823650  0.80177092460172350  0.81249749018887651  0.82343794368188727
  0.83432868442476971  0.84452267396845693  0.85433811460125919  0.86425612782375805
  0.87451991225941361  0.88516866408959760  0.89642384416813048  0.90821322806889304
  0.91978720874836173  0.93083126412209183  0.94132527549806955  0.95133827727600473
  0.96105443251307787  0.97094551804982121  0.98340301943006714  1.00000000000000000
  0.00000310518556846  0.00000324300340488  0.00000335210610492  0.00000345767801601
  0.00000357324004270  0.00000370314631399  0.00000387093929601  0.00000405886297970
  0.00000423426725963  0.00000440788935313  0.00000458475473080  0.00000476743848978
  0.00000496197403420  0.00000518592454864  0.00000544943252611  0.00000573180810811
  0.00000603553973884  0.00000639061342546  0.00000674312038138  0.00000713030884768
  0.00000752459255864  0.00000796017858328  0.00000844591030056  0.00000896920923482
  0.00000953978003983  0.00001011178436841  0.00001070946468945  0.00001129943850558
  0.00001189057447702  0.00001253590834390  0.00001316068182749  0.00001380767850746
  0.00001445269647847  0.00001514804537574  0.00001586668080214  0.00001663739050646
  0.00001744754712308  0.00001829657248638  0.00001917117741689  0.00002011142073686
  0.00002112832112794  0.00002213614741960  0.00002321626558547  0.00002441905416844
  0.00002566899952970  0.00002698344085008  0.00002836859209346  0.00002978533087721
  0.00003134794819231  0.00003289568076910  0.00003443164741156  0.00003599208504139
  0.00003770615749859  0.00003942769284655  0.00004109640976974  0.00004308929715978
  0.00004520372688594  0.00004735345888535  0.00004985923820882  0.00005243633283734
  0.00005474884019424  0.00005699004961934  0.00005933338684048  0.00006197268038534
  0.00006518264166508  0.00006889192533419  0.00007236135622049  0.00007626630727114
  0.00008045330610551  0.00008492394928217  0.00009001830286581  0.00009571250057792
  0.00010264255974391  0.00011058635392076  0.00011865708581609  0.00012708445657128
  0.00013653102597283  0.00014777374432888  0.00015973077578046  0.00017287859132038
  0.00018890111192753  0.00020568103452790  0.00022356193470452  0.00024582156060427
  0.00028267004829331  0.00034095660023824  0.00039269705896511  0.00045305666964104
  0.00057259775704381  0.00079665596056931  0.00109318876956829  0.00195466412057834
  0.00346892545923003  0.07474672750127535  0.23111220525395287  1.00000000000000000
  0.00000247894744139  0.00000269022405101  0.00000294007918021  0.00000320025676490
  0.00000351362150985  0.00000379069263633  0.00000409211914236  0.00000441238992424
  0.00000474105207037  0.00000507110673414  0.00000542568712583  0.00000583143180336
  0.00000624847083981  0.00000660996642340  0.00000697744073722  0.00000735364789313
  0.00000774424656623  0.00000822583580181  0.00000871563334494  0.00000918024384358
  0.00000973322518153  0.00001024658229339  0.00001076846841887  0.00001131887545638
  0.00001188694649396  0.00001249017284121  0.00001313244397399  0.00001378503200816
  0.00001443950452245  0.00001509485534698  0.00001578924461528  0.00001646818321388
  0.00001725267556216  0.00001806529990374  0.00001891346778532  0.00001977453009923
  0.00002063826468770  0.00002151795322660  0.00002246831915548  0.00002355576855565
  0.00002469762853027  0.00002578748222262  0.00002690896613809  0.00002816217739111
  0.00002944549722439  0.00003070456532780  0.00003189518950555  0.00003306522468985
  0.00003432852996912  0.00003577773982534  0.00003739826800125  0.00003893004687866
  0.00004040408059944  0.00004179507032741  0.00004322019006579  0.00004500245555377
  0.00004704640868798  0.00004937234669801  0.00005200767189681  0.00005478398641544
  0.00005749528980980  0.00006017962089042  0.00006291030354192  0.00006584708074823
  0.00006935500839764  0.00007286753526419  0.00007660972794157  0.00008066945105607
  0.00008493932161578  0.00008938388698740  0.00009402456561430  0.00009855069705962
  0.00010311624654800  0.00010804399986732  0.00011348752021623  0.00011970956075409
  0.00012635070358698  0.00013344724338843  0.00014204817117905  0.00015251108393332
  0.00016532932473514  0.00018030884906508  0.00019857699335797  0.00021742107353864
  0.00024012942640319  0.00026619156364706  0.00029872541056790  0.00034418666954039
  0.00041692047673840  0.00052038955282538  0.00066106775051904  0.00091868356306611
  0.00141923739977868  0.00331719434239458  0.01190365098985668  1.00000000000000000
 -0.00185313834065484  0.01025808918594135  0.02101404173856101  0.03183405649887128
  0.04266676593240738  0.05430181318874738  0.06441360768602374  0.07280912152212322
  0.08056054022027431  0.08774454977786192  0.09680775551673901  0.10626680477343496
  0.11698676324326102  0.12726781652850605  0.13980553777340979  0.15223862366435603
  0.16459602221695790  0.17636336416364690  0.18750954145052071  0.19844811783028382
  0.20930795195206886  0.22073068721306557  0.23271272362042303  0.24466255119789548
  0.25750662057708873  0.27050605725927568  0.28322888999698814  0.29463472019529402
  0.30475432741562158  0.31464887567852928  0.32503364016873565  0.33619018730468458
  0.34663926421546221  0.35673922660172952  0.36646645617009777  0.37631584893151265
  0.38559279643768707  0.39378676155151743  0.40184658760857911  0.41044515935010434
  0.41941853578264932  0.42976564465395056  0.44009237758292696  0.44923581682060443
  0.45743252051651534  0.46532286587808375  0.47335970901809471  0.48238384331156642
  0.49263970668919960  0.50284751060885502  0.51258862246319159  0.52155599449405876
  0.53012656057039353  0.53995666883566840  0.55091323869089992  0.56270650561464930
  0.57452155910648783  0.58549816521379328  0.59626562501487845  0.60582317876084146
  0.61517868444832202  0.62455879093357136  0.63340777403418813  0.64241229184087256
  0.65216100829798962  0.66229213597593661  0.67260939519494156  0.68259610369567458
  0.69392547939991767  0.70667602070156610  0.71723627327433137  0.72727390044306339
  0.73735305175661603  0.74802693598886716  0.76014429003088946  0.77421538061224981
  0.78891523745784109  0.80189444035750501  0.81285678035432773  0.82338102760626708
  0.83345201886577291  0.84425153411147991  0.85642003762835928  0.86873001251940918
  0.87904492102423981  0.88804507690218082  0.89852864348632000  0.91058895085559466
  0.92218565788860474  0.93348218458853782  0.94395907538775281  0.95486597424391995
  0.96475972390869169  0.97673873978335102  0.98830171744686057  1.00000000000000000
 -0.00263200287015166  0.01244247158620576  0.02453014078460172  0.03567455832170873
  0.04615822201599182  0.05663694564142453  0.06743323003678606  0.07832173718053291
  0.08908465413588439  0.09956931858390217  0.11017057631090137  0.12102479163080244
  0.13189551236933642  0.14283169364743598  0.15401258850523200  0.16538575995243690
  0.17695278974685619  0.18895590664690814  0.20102963927889353  0.21258882852277317
  0.22260715433135783  0.23203684910430952  0.24131790206490925  0.25139402876644090
  0.26193382191631059  0.27210214647182313  0.28179670450724276  0.29189101076995733
  0.30246930314587445  0.31366143573394895  0.32270398034412395  0.33139652197785646
  0.33977854026920085  0.34895838840739435  0.35755116009895699  0.36607072866669244
  0.37515193208390823  0.38628973582263043  0.39892306866776311  0.40827884550400367
  0.41610155705365726  0.42440710818902821  0.43265225147581904  0.44450559609314644
  0.45679164046357479  0.46969377545962387  0.48138237880448964  0.49132185915854620
  0.50057607390880221  0.51052663422233602  0.52141079446466143  0.53320561113418952
  0.54443982199829044  0.55454699679010078  0.56518793168881121  0.57554592301187923
  0.58623136085668270  0.59704852984129486  0.60820764054742149  0.61933326660179322
  0.62816395433604810  0.63596256837157372  0.64347461773530623  0.65148248913165496
  0.66225059925447394  0.67512872379507993  0.68803071720797282  0.69885928038286926
  0.70951700617539915  0.72044908206556557  0.73137083304888117  0.74169578309882800
  0.75227968283726165  0.76395012925716810  0.77587066843418440  0.78767969530997894
  0.79972324566896935  0.81102301145368894  0.82151987945495575  0.83162993292136522
  0.84234307184321988  0.85330481778938649  0.86445595646617124  0.87511325435564624
  0.88714842356299040  0.89808115477964279  0.90814958067807416  0.91778319546124587
  0.92806445821916506  0.93823998388012275  0.94941966327895133  0.95977333355011452
  0.96951287191216240  0.97886321702669044  0.98859859294168750  1.00000000000000000
 -0.00266229422551157  0.01061591985300181  0.02209206297289068  0.03214176856876402
  0.04095887452360152  0.04905076380226176  0.05740527856449044  0.06665126792598239
  0.07648803651426703  0.08716239424236558  0.10069287124223830  0.11346153608657655
  0.12501588190648474  0.13615182435004863  0.14700518380226618  0.15679252738637262
  0.16567840555854199  0.17456572705738746  0.18430095395358057  0.19498483604636616
  0.20639101243129987  0.21883514976805454  0.23166810955313127  0.24397304558428240
  0.25644472618036945  0.26810338464987626  0.27986466064715265  0.29081642055891765
  0.30171274044143376  0.31255414308775414  0.32450188360143772  0.33651808306486897
  0.34738926512776497  0.35806955978764632  0.36935920081704943  0.38058441213207772
  0.39022296378041171  0.39933082466289871  0.40865875829963100  0.41873597632419512
  0.43012574275161963  0.44194436835083867  0.45197499305788486  0.46169943351742648
  0.47130299706820594  0.48069755673981762  0.49064239551199934  0.49996242835556187
  0.50982050274178425  0.52093392555269658  0.53337336806712254  0.54492200755699716
  0.55556010545623857  0.56555158600999222  0.57564199040699526  0.58610462827442977
  0.59445575286947616  0.60271182816780500  0.61057161184574138  0.61838644627220340
  0.62786654901176575  0.63812501044418513  0.64842619929649770  0.65856945908135445
  0.66862167884684487  0.67843056081869946  0.68819155456258485  0.69846368753166632
  0.70997521061103919  0.72041633926157533  0.73016590903168233  0.73914198472264470
  0.74942100420074131  0.76068551383705696  0.77312727000963377  0.78633976374284387
  0.79903335571505307  0.81040068516961505  0.82076142287209530  0.83056498802457290
  0.84002093383541732  0.84969149415245637  0.85965896340238224  0.86895618209895620
  0.87846239603937959  0.88791309350045333  0.89853243911959801  0.91061772126109886
  0.92296500622665634  0.93514526921645680  0.94718905761894623  0.95826898636494540
  0.96906855456975005  0.97908604722202519  0.98977554932027789  1.00000000000000000
  0.00001264136456091  0.00010717027206104  0.00027425408341271  0.00053915713910826
  0.00068471418402588  0.00080821372987896  0.00093461111833473  0.00106728596760240
  0.00120467380470546  0.00134759735155733  0.00149306281739975  0.00164064838490993
  0.00178184075833751  0.00192188795269414  0.00206085639718839  0.00219902189943584
  0.00233984023316384  0.00248489786786875  0.00264134473178684  0.00280934401766463
  0.00298791990240124  0.00316477943737188  0.00333385441047856  0.00349712451697566
  0.00365894010937893  0.00382840760150390  0.00399699361560818  0.00417349546877066
  0.00434917233853130  0.00451869653307347  0.00469028873137483  0.00488462329755929
  0.00509062503536086  0.00529774300480606  0.00548673364396437  0.00567626790969848
  0.00586787906358573  0.00607078818202959  0.00629409635330951  0.00652460132460669
  0.00674911879588505  0.00700563360519151  0.00725664793563550  0.00750466880599558
  0.00772882335995865  0.00794122420347489  0.00815570908449474  0.00837141568178372
  0.00860242688777015  0.00883155854564285  0.00906642754693949  0.00930501323672596
  0.00954083826581541  0.00977593171765502  0.01004270200530006  0.01032326100146809
  0.01061582754850930  0.01093028367070412  0.01120122837719316  0.01146331515692276
  0.01182677824406015  0.01219911768329372  0.01258456530506472  0.01293698155766869
  0.01330819854025435  0.01373705924561690  0.01411513915898096  0.01445191553941389
  0.01483261272396144  0.01527926257718424  0.01569659921809405  0.01612483814822625
  0.01652313956758139  0.01690174127288145  0.01733143490923312  0.01789700235849606
  0.01859826309220718  0.01931145315883036  0.01984357726474716  0.02028243209980168
  0.02077614933254811  0.02175992547956878  0.02344416072155621  0.02437392201657307
  0.02494710476945337  0.02558306746307774  0.02646816775648008  0.02745183242186916
  0.02839931574819535  0.03001167437138422  0.03125079728537321  0.03231510890939990
  0.03460528315272594  0.03804431579558950  0.23415450991480025  1.00000000000000000
 -0.00308239050599867  0.01140851634335382  0.02380910069201972  0.03600120626368039
  0.04797118049482724  0.06060536597392669  0.07309733643321137  0.08399107323794501
  0.09398805760496275  0.10359153520911567  0.11370813261304433  0.12372649780247325
  0.13437579861690216  0.14480781839784779  0.15540545142708384  0.16478136791614417
  0.17462513696749940  0.18502435039186677  0.19487112240086171  0.20477268530673876
  0.21404172427052320  0.22503241539663454  0.23506254375371283  0.24477034219330163
  0.25459426170888183  0.26475761221508576  0.27600923550504847  0.28653597563415473
  0.29684323475777558  0.30713252340570446  0.31610075618082312  0.32486177973842589
  0.33354177184838607  0.34213814002455561  0.35095569217572331  0.36108196988533353
  0.37176020625592926  0.38256532698072243  0.39286804074643195  0.40158641522556060
  0.41047021333057038  0.42053524294872280  0.43104574359670389  0.44136010905819834
  0.45129110578820736  0.46169555688955333  0.47383193902377413  0.48674676299063374
  0.50111489492744787  0.51527079910222706  0.52825402111097630  0.53856644916956742
  0.54775615621440576  0.55746368365555188  0.56602044811942187  0.57634302669648318
  0.58658293506314241  0.59712966870537310  0.60737284116124757  0.61737078230065168
  0.62727417487962078  0.63794586146841303  0.64859353884981863  0.65887812400363788
  0.66927169840958967  0.68025434446134825  0.69310964344056758  0.70365901027949829
  0.71368382547834119  0.72299845360891846  0.73355273441937230  0.74490370287277807
  0.75589350817012269  0.76696681394301303  0.77741472699061043  0.78806728583439034
  0.79800315281497269  0.80825853413363380  0.81788709926249947  0.82714296679893018
  0.83618646026891918  0.84584946692517482  0.85645332218651060  0.86761545319698441
  0.87980872961759438  0.89174289255635020  0.90350859856108245  0.91447455131435584
  0.92452532603302873  0.93420505589962821  0.94329014212549323  0.95281658279768588
  0.96329405961621239  0.97475689531303999  0.98736480284806305  1.00000000000000000
  0.09124021822618056  0.23111206403373682  0.29885157842413829  0.34782255699469206
  0.38502367541793442  0.40892403596178151  0.42692298854689026  0.44362823290461467
  0.46133148012166358  0.47404452836121130  0.48380252943176638  0.49224707148957525
  0.50223187913071499  0.51214681973626108  0.52424951341570192  0.53509618272797266
  0.54842022730105722  0.56159959014745076  0.57270466940203713  0.58305289084658807
  0.59223875346647625  0.60231457746248385  0.61330576246416035  0.62536765450032006
  0.63731888955145466  0.64844337512472749  0.65941972142455019  0.67025856077002599
  0.68038485022674200  0.68821710617958276  0.69479138101891225  0.70144878285775314
  0.70835701655361227  0.71684392248511875  0.72449603030424992  0.73189385030383669
  0.73927017888583779  0.74646793949213486  0.75370887330791703  0.76110964578457729
  0.76966753638716134  0.77763268297182420  0.78501129871920439  0.79207327401005667
  0.79914047917075370  0.80650578881625923  0.81315611876014982  0.81928298334888938
  0.82472657753220102  0.83020058557894449  0.83569026162102655  0.84123533674275686
  0.84686206128126695  0.85187261773804213  0.85667509274935905  0.86153952005181522
  0.86631996566565950  0.87110069754946395  0.87560741944771170  0.87981638004646567
  0.88397071865856303  0.88819761146548448  0.89252821476528788  0.89696116033182205
  0.90135193827207116  0.90566317954255915  0.91007976675700653  0.91415947788514840
  0.91769695033262311  0.92099679519084121  0.92418271956613740  0.92756083174192161
  0.93122713624797648  0.93495252221447556  0.93850891958157057  0.94181659511502003
  0.94516658654309293  0.94849586756416027  0.95178389476034964  0.95504367071916596
  0.95815876713772907  0.96083441271104031  0.96321367080923814  0.96546580693565476
  0.96770465072635092  0.97006219312229747  0.97247815627848377  0.97522196524559746
  0.97805473096179485  0.98083430607180422  0.98353902179473640  0.98635653745243690
  0.98927584033554072  0.99238966627050573  0.99594645707857865  1.00000000000000000
 -0.02070319724239261  0.11113637860568852  0.14688734667465250  0.17029489432085157
  0.18760747459926069  0.20059447650943768  0.21307082521880258  0.22593900215601664
  0.23788822564639425  0.24841658093407459  0.25857894935526832  0.26828466781767535
  0.27719251384613169  0.28505525260041059  0.29331812920229078  0.30193372047824973
  0.31064251744350174  0.31918900646791881  0.32766039189641627  0.33567131902937952
  0.34343648204777488  0.35072214998145756  0.35745989935926537  0.36451748904847048
  0.37148341254954664  0.37795048531829761  0.38408810033600121  0.39011906831933879
  0.39686487658063313  0.40344283719521773  0.41001163291685150  0.41659297995254452
  0.42299008361144874  0.42840749301634484  0.43320346255518061  0.43780165292083090
  0.44274489069603201  0.44906754904652929  0.45628149759147230  0.46372324039099105
  0.47078669170605997  0.47754400733430957  0.48321324299583013  0.48847838725856513
  0.49372211282026807  0.49903381280765013  0.50529784351685836  0.51165336344593793
  0.51778166360714983  0.52374238885072633  0.52937514363888238  0.53469344927318907
  0.54001792418107630  0.54530223654679610  0.55026588717330449  0.55551130116611003
  0.56047907598310232  0.56555961032663060  0.57061125241943145  0.57551411076605696
  0.58052023390834517  0.58585243916495011  0.59174783153244681  0.59800203175483857
  0.60419014258059445  0.61015352202619200  0.61591625654996385  0.62165342723355133
  0.62737608285486268  0.63298345198274875  0.63835676250353157  0.64370688819913180
  0.64937393297717860  0.65560351544800743  0.66131316692668396  0.66637924993960151
  0.67167051332430161  0.67719718088007785  0.68306998948797593  0.68945113936326707
  0.69718114356198657  0.70563724309673492  0.71441861217195968  0.72301692934620532
  0.73208879579115171  0.74197480188068543  0.75271682558707254  0.76281515047682014
  0.77370482336709401  0.78706628207202767  0.80177942708579675  0.81711462433409399
  0.83506792441501698  0.85651314735812334  0.88575939041788299  1.00000000000000000
   8.8084874495753892E-009  -1.0000000000000000     
 F F F F F F F F F F F F F F F F F F F F F F F F F F F F F F F F F F F F F F F F F F F F F F F F F F F F F F F F F F F F F F F F F F F F F F F F F F F F F F F F F F F F F F F F F F F F F F F F F F F F F F F F F F F F F F F F F F F F F F F F F F F F F F F F
  <DiscreteSampler_grid>
  grouped_processes
  1 # 1 for a reference and 2 for a running grid.
  10 # Attribute 'min_bin_probing_points' of the grid.
  1 # Attribute 'grid_mode' of the grid. 1=='default',2=='initialization'
  0.0000000000000000 # Attribute 'small_contrib_threshold' of the grid.
  0.5000000000000000 # Attribute 'damping_power' of the grid.
 # binID   n_entries weight   weight_sqr   abs_weight
    25   10   6.620689883935851E+002   3.645769867123590E+006   6.620689883935851E+002
    26   10   6.620689883935826E+002   3.645769867123561E+006   6.620689883935826E+002
    28   10   4.886965934437902E+002   7.400724692957303E+005   4.886965934437902E+002
    29   10   4.886965934437914E+002   7.400724692957344E+005   4.886965934437914E+002
    31   10   4.886965934437902E+002   7.400724692957303E+005   4.886965934437902E+002
    32   10   4.886965934437915E+002   7.400724692957344E+005   4.886965934437915E+002
    34   10   1.009103615812679E+004   2.721412379883629E+008   1.009103615812679E+004
    35   10   1.009103615812681E+004   2.721412379883641E+008   1.009103615812681E+004
  </DiscreteSampler_grid>
