  0.00000040107612138  0.00000125953131528  0.00000187492690653  0.00000247334168584
  0.00000311343400426  0.00000376342884370  0.00000438593085773  0.00000509336489822
  0.00000587104061034  0.00000673367418165  0.00000761571401972  0.00000852302423024
  0.00000945680097542  0.00001042083046649  0.00001136839428755  0.00001233295206905
  0.00001336464983252  0.00001437601684061  0.00001533678183621  0.00001630412399802
  0.00001722535917018  0.00001808811823551  0.00001890350920338  0.00001970272286752
  0.00002049465101849  0.00002124963579203  0.00002198021695712  0.00002271246200397
  0.00002344498830958  0.00002420739243586  0.00002501941376240  0.00002582506574879
  0.00002662277222469  0.00002738363883513  0.00002812290089664  0.00002890771615536
  0.00002970819331325  0.00003049312541806  0.00003123829700892  0.00003195214851464
  0.00003261729474941  0.00003323268025381  0.00003380182908558  0.00003441122417114
  0.00003504438967689  0.00003570457722157  0.00003642695926121  0.00003721327275928
  0.00003818655874364  0.00006157721949738  0.00006309457085893  0.00006432891410168
  0.00006536968392765  0.00006636561875274  0.00006732205531664  0.00006826931170481
  0.00006929646800426  0.00007043826456937  0.00007167381981883  0.00007301368469558
  0.00007444054480131  0.00007594244773562  0.00007750532169048  0.00007918134444079
  0.00008115115944936  0.00008322734615901  0.00008554685833161  0.00008798967772836
  0.00009054911602630  0.00009333461211311  0.00009637703825302  0.00009955132144435
  0.00010306593140729  0.00010691300226239  0.00011088690924838  0.00011545672050583
  0.00012082001401136  0.00012683315139113  0.00013311215780897  0.00013971451968012
  0.00014685531465175  0.00015470162393296  0.00016390384714486  0.00017508349641476
  0.00018721775248291  0.00020023778238332  0.00021497158425228  0.00023128619980934
  0.00025429728053901  0.00028542263975685  0.00033978214042712  0.00046719788203773
  0.00074755725133650  0.00143754514917280  0.02479685858295367  1.00000000000000000
 -0.00002125094548676  0.00033066478421139  0.00101732238292098  0.00208653249218928
  0.00364991406012298  0.00544037686182918  0.00743728585005753  0.00990803318014426
  0.01295554680109860  0.01658657554059883  0.02066139016467489  0.02528385718863797
  0.02952846767171896  0.03402002193683085  0.03877075378560122  0.04371079272050425
  0.04904461755439444  0.05472109854907121  0.06064979116481843  0.06643635638541975
  0.07250350599412154  0.07780478575306979  0.08387325693646434  0.08983091394890673
  0.09653417180449547  0.10546508648067211  0.11654422587794237  0.12900575469727926
  0.13887825168616011  0.14751450835279156  0.15570600398526746  0.16438254620107953
  0.17359054909446939  0.18349446743280401  0.19468502272554278  0.20695405124935087
  0.21954241200570571  0.23189764011386793  0.24436450747828756  0.25578670912683321
  0.26623580938010566  0.27624030151189227  0.28621965992558462  0.29650747529805171
  0.30692568650184587  0.31785096959529296  0.32967625687734198  0.34114171002330829
  0.35228849756195296  0.36338063199234771  0.37443440128636157  0.38545635009606505
  0.39664470589298878  0.40777571033302901  0.41910511715305615  0.43038247950175867
  0.44153355779374198  0.45249217447101187  0.46335572633792094  0.47473220196522464
  0.48758225812782463  0.50158554191770111  0.51416487965402646  0.52584316299755840
  0.53726210243786043  0.54887780695568533  0.56067840905784749  0.57247730916254214
  0.58434872941168825  0.59657103138893708  0.60962439390308543  0.62259731369015081
  0.63471556773120386  0.64680799313569326  0.65950867228115650  0.67292261996258695
  0.68722205546113979  0.70212383844670234  0.71723441490024908  0.73362100634029848
  0.75350618757325560  0.76891734951598212  0.78282659107231289  0.79717147296376767
  0.81209996903814785  0.82757605333331985  0.84436458409376114  0.86254957103407792
  0.88211842586690337  0.90307065893426064  0.92102333184752794  0.93818056677758555
  0.95485276739604619  0.97018992663453896  0.98521856820471543  1.00000000000000000
 -0.00117984251185280  0.00644262751166481  0.01405271094126381  0.02310565062386954
  0.03486258469702997  0.04685404497526022  0.05933594718022767  0.06948954181180141
  0.07745567227294026  0.08608645929301194  0.09485619738239698  0.10465708448700717
  0.11495307424946888  0.12633450863040857  0.13911125505302505  0.15407761540311915
  0.16507989987212165  0.17574066292798543  0.18541911115299897  0.19504317165975590
  0.20431238425324280  0.21338314601825295  0.22382775796570833  0.23721948756311109
  0.25296197694516676  0.26849176029156752  0.28226632297814175  0.29493444742038277
  0.30664491074088979  0.31726619443256776  0.32680454297270128  0.33686226558344162
  0.34637353281268929  0.35548081837969492  0.36517466611198646  0.37581371165345451
  0.38612374551433049  0.39548565198297603  0.40452912706323346  0.41431260505292816
  0.42463164784119156  0.43510188688894330  0.44595245532965366  0.45613626505861232
  0.46619279969596522  0.47664302520847790  0.48762344502327115  0.49803942785703392
  0.50844674712046189  0.51947367497201413  0.53144831642405899  0.54383617871768863
  0.55467727258241628  0.56647844535440639  0.57797635409138870  0.58820993232054564
  0.59686345846222710  0.60455446913843625  0.61235969856303885  0.62050452883158247
  0.63030787374004016  0.63987694436281273  0.64898435732693027  0.65729946206629686
  0.66548277922148014  0.67671110219600950  0.68653618008613382  0.69676162413073950
  0.70782472055957468  0.72069004976885365  0.73345603735447951  0.74474761891232111
  0.75675089012837182  0.76928042379242578  0.78150292709423530  0.79225411654809874
  0.80185506851118427  0.81167195122279989  0.82215974131508118  0.83293227451105878
  0.84368224230772282  0.85492418635776768  0.86639452321593891  0.87832323671040968
  0.89113977059624971  0.90411676828863030  0.91671227386128262  0.92885770965971293
  0.94037507658461406  0.95124786719383758  0.96141902254347378  0.96994376556570283
  0.97724984364181400  0.98410356444754987  0.99166176477382062  1.00000000000000000
 -0.01252012176174047  0.10280385119452795  0.14897205004716901  0.17563552084278361
  0.20022101709273712  0.22379684038595865  0.24515304666818571  0.26502255310165534
  0.28047742377477214  0.29287880810069172  0.30503080832764046  0.31612637266796273
  0.32584840593668746  0.33482604654053594  0.34395428991691301  0.35263347224837088
  0.36025050535966702  0.36703879150715357  0.37341416442895486  0.37920220181220626
  0.38453176880799667  0.38974842779562707  0.39479421062029274  0.39973131639649384
  0.40456574013407087  0.40934638954028274  0.41413991113882614  0.41894818193857730
  0.42396718036996828  0.42869880052127274  0.43320219731170762  0.43761639330061997
  0.44228478553244038  0.44703824004597731  0.45181241251174686  0.45656325247051421
  0.46109138441405523  0.46528977443540614  0.46946059223641717  0.47356913271013951
  0.47768037777895611  0.48153375081740563  0.48518822785056681  0.48899008943813377
  0.49282711678934582  0.49648265311018069  0.50072582974282243  0.50497484381341717
  0.50907447775145698  0.51301600937636560  0.51695155026831030  0.52084368046325791
  0.52519969380922049  0.52996902296373150  0.53477027622271134  0.53911726024922357
  0.54326391503705296  0.54726859783863802  0.55119655110372179  0.55521118895036636
  0.55904015087160575  0.56268927558249526  0.56645704122284624  0.57049552558299199
  0.57483425893246476  0.57909296667400967  0.58318923405819356  0.58738123818510202
  0.59212112686638607  0.59722307133228614  0.60276571784374755  0.60856640909641579
  0.61449340207867087  0.62045832855607208  0.62642647840445942  0.63213679110492760
  0.63890220714636181  0.64664845748282429  0.65525523062862168  0.66448166438346090
  0.67369122636131062  0.68286223380565880  0.69244177959286746  0.70295783698362113
  0.71399369552818992  0.72530660176920458  0.73717097268704579  0.74984825090219676
  0.76373943871827543  0.77712690468209411  0.79243039209626431  0.81552518694594123
  0.83821508869732786  0.86329504859598183  0.90836122534324915  1.00000000000000000
 -0.00211560058568339  0.00990766852406151  0.01966145208403483  0.02994149484928508
  0.03970001771171942  0.04854728655636822  0.05710520009795935  0.06711208523239609
  0.07808949180154887  0.08973655157802361  0.10138853640129830  0.11300397011726025
  0.12451963974426848  0.14029961264627563  0.15317257609159390  0.16575561796895044
  0.17954735461218341  0.19127495978087489  0.20124634492851018  0.21127870400931226
  0.22191794595456873  0.23195544922185121  0.24081976346511233  0.24896913853744956
  0.25748789709989744  0.26629166101293589  0.27497107025976569  0.28392041947186425
  0.29300047065812429  0.30236287113757498  0.31106561390827997  0.31960446800549519
  0.32861829746071430  0.34073013206154718  0.35461798485696061  0.36539553503907607
  0.37512226043308994  0.38573237448644310  0.39693135876755203  0.40631215940016557
  0.41607077937782988  0.42408552047683790  0.43301056825951345  0.44222580190453126
  0.45119739301426881  0.45942075223342504  0.46769194565018535  0.47644482784515874
  0.48583273342049632  0.49504892766901537  0.50355657851137547  0.51279692069813443
  0.52193582849247411  0.53133908538687447  0.54145919651419883  0.55215401853786816
  0.56326030899747559  0.57514974752999648  0.58875870977450817  0.60320632615732628
  0.61741608915755808  0.62867491149939636  0.63957339023887860  0.65018230841531854
  0.65973366029625824  0.66874169088838753  0.67803167157757316  0.68925562219936487
  0.70286856281791510  0.71656736385818498  0.73083759925538627  0.74409943213615815
  0.75471288628306721  0.76351357907731021  0.77191481877373480  0.78061800796750758
  0.79042568955501002  0.80143378463362624  0.81209360959537580  0.82305970442348131
  0.83345224853620570  0.84281662068735053  0.85183779484569611  0.86247147784134548
  0.87251820814326542  0.88194540245251940  0.89119675312515900  0.90070414851751524
  0.91187204508886277  0.92173627513338419  0.93152416738680388  0.94205398246644956
  0.95450924717204155  0.96928867374278660  0.98308729604829437  1.00000000000000000
  0.06881598202649543  0.16910850561740454  0.22422556331244942  0.26321061691581110
  0.29493509880269431  0.31878924599424668  0.33811124267820397  0.35673294026131608
  0.37814907209420434  0.39871104702694876  0.41436720641363833  0.42677229309472803
  0.43821821675416922  0.44983789356075882  0.46243654511233179  0.47656745128536182
  0.48720166718937757  0.49723453887293950  0.50682159586010544  0.51545106156450782
  0.52395788187457348  0.53251627162654902  0.54097391339031797  0.54988183647890754
  0.55886924161849105  0.56719872049965869  0.57543127972060371  0.58328976159853629
  0.59082397765188122  0.59742253258170974  0.60433350696261356  0.61134236058047731
  0.61893355675563833  0.62632479492836091  0.63249223852434855  0.63823996313116227
  0.64419332613183500  0.65064481407805619  0.65764576121689888  0.66498910304626002
  0.67226740302755650  0.67917309534767167  0.68604732232589405  0.69292439704596764
  0.69957078567123920  0.70558279437736970  0.71055869259340321  0.71557716531990700
  0.72049788010437499  0.72546106223937901  0.73051152583219536  0.73569991933312961
  0.74102195295162765  0.74621688033791744  0.75140510559473650  0.75667719727491978
  0.76221600269280898  0.76760927527382006  0.77282581638763448  0.77775755885617881
  0.78241110191963725  0.78692751823323392  0.79154725500184009  0.79631565449769548
  0.80126121041127818  0.80639000398228955  0.81138682053888367  0.81617164829485689
  0.82083925413356373  0.82592748422131679  0.83119479943778485  0.83681708148786660
  0.84235752176165879  0.84769512966066918  0.85298389391584217  0.85821270006081318
  0.86322922000434665  0.86751615171066676  0.87192522650486792  0.87652205958743556
  0.88123225721221188  0.88590541729073580  0.89023814249542921  0.89431830159096548
  0.89868282611184591  0.90349601644432276  0.90876854373671523  0.91422717943743659
  0.92117516692006596  0.92857294654688372  0.93597953161643466  0.94418152198940331
  0.95196515529165771  0.96318725909739922  0.98033070340549155  1.00000000000000000
 -0.01888196694588430  0.11142131817055391  0.14502405635734278  0.16451724828949810
  0.17866533098322351  0.19195069319823627  0.20296798475952910  0.21334086858247245
  0.22289852073455171  0.23266840662939539  0.24451384552903499  0.25670114613013456
  0.26774037924679850  0.27611345562637613  0.28353158182239074  0.29060106490168175
  0.29744778769999175  0.30505687421434763  0.31229517990869532  0.31910706471040456
  0.32657787738801153  0.33471053894868374  0.34257556414362095  0.34987278657552917
  0.35677347308333812  0.36277876168917988  0.36807506705944532  0.37337689391994267
  0.37915739624365236  0.38533766090654481  0.39146744300087993  0.39718112336812389
  0.40318988656336907  0.40904630472505404  0.41551526193729499  0.42183999228784425
  0.42788400307841762  0.43374563124262322  0.43943531080342907  0.44508529621892429
  0.45080146515009217  0.45630857390855933  0.46197808711919963  0.46817067675368618
  0.47417295687840444  0.48015748467340891  0.48636081049266688  0.49215148068606845
  0.49755377581757121  0.50255850543517322  0.50709626594849178  0.51161215196366561
  0.51639132613352778  0.52106185587995235  0.52567029168511681  0.53065214888751433
  0.53607275689287293  0.54195905901859831  0.54799593596543084  0.55388907153338285
  0.55975495487818994  0.56455157447999060  0.56921134323950417  0.57350511025837070
  0.57821465674044470  0.58403552557646354  0.59086082882510760  0.59680302505250027
  0.60266125144964189  0.60902060114485246  0.61607148126718581  0.62360655950915422
  0.63101129350177931  0.63756241392868596  0.64375309215303034  0.65002624268723630
  0.65624805953672549  0.66272246763660514  0.66933409944780231  0.67661007620334324
  0.68471249765323550  0.69385986581972681  0.70341793682022724  0.71277499545414846
  0.72213053082663259  0.73130772192916926  0.74090811000574586  0.75172929289735779
  0.76372368421621339  0.77663953002135178  0.78930780407556278  0.80615644390752306
  0.82657430645724372  0.85218893957503317  0.88711189672138957  1.00000000000000000
   1.9090113517226336E-012  -1.0000000000000000     
 F F F F F F F F F F F F F F F F F F F F F F F F F F F F F F F F
  <DiscreteSampler_grid>
  grouped_processes
  1 # 1 for a reference and 2 for a running grid.
  10 # Attribute 'min_bin_probing_points' of the grid.
  1 # Attribute 'grid_mode' of the grid. 1=='default',2=='initialization'
  0.0000000000000000 # Attribute 'small_contrib_threshold' of the grid.
  0.5000000000000000 # Attribute 'damping_power' of the grid.
 # binID   n_entries weight   weight_sqr   abs_weight
    19   10   6.731926946413214E-002   1.988727181466526E-002   6.731926946413214E-002
    20   10   6.731926946413214E-002   1.988727181466526E-002   6.731926946413214E-002
  </DiscreteSampler_grid>
