  0.00009889629800228  0.00011037768003749  0.00011960905807540  0.00012782971981269
  0.00013537688798553  0.00014275268339791  0.00014967228745373  0.00015645796028163
  0.00016346701162361  0.00017079456142818  0.00017862388425800  0.00018696976256813
  0.00019517269764824  0.00020313452427228  0.00021122168169804  0.00021930165468808
  0.00022734755331257  0.00023541716369304  0.00024346361893687  0.00025185465157924
  0.00026079157032141  0.00026992344505280  0.00027972908290705  0.00029078472693842
  0.00030195956837234  0.00031316536523239  0.00032430530466239  0.00033515520528641
  0.00034505630696918  0.00035633332354889  0.00036824216424778  0.00038095731287369
  0.00039474868161188  0.00040886624386619  0.00042298847475224  0.00043681781410139
  0.00045078648415325  0.00046486630765598  0.00047895428809630  0.00049317679770433
  0.00050825416232607  0.00052492259763437  0.00054198103017145  0.00055920114048666
  0.00057644031009018  0.00059366551371930  0.00061112115871354  0.00062900556314493
  0.00064940960616272  0.00067100929853803  0.00069499318711325  0.00071627048249681
  0.00073903336170719  0.00076325763248414  0.00078999437499643  0.00082260430431548
  0.00086114450492032  0.00090036166304776  0.00093725790923938  0.00097419305056958
  0.00101543223167240  0.00106112270856650  0.00110759894999003  0.00115432171833153
  0.00120227783477827  0.00125603794492740  0.00131892648395021  0.00138833023576181
  0.00145697721048068  0.00152115300619563  0.00158628404869264  0.00165694933945367
  0.00173525282994247  0.00182212321455183  0.00190820929252555  0.00202170629867685
  0.00217375424599900  0.00237461179042922  0.00254146938422724  0.00270264517520804
  0.00287162092636547  0.00306775854245693  0.00331150336321400  0.00361752641250033
  0.00394104948279149  0.00428913035125914  0.00474516428886640  0.00531245730528263
  0.00599694208592538  0.00693371813549848  0.00836265322572204  0.01101986901773402
  0.01372089441768886  0.01904298684725558  0.05939668858209168  1.00000000000000000
  0.00000272018972844  0.00000348694200921  0.00000447091115877  0.00000568420776049
  0.00000695736766863  0.00000830881224666  0.00000966567438946  0.00001109968127775
  0.00001276121469436  0.00001496948904032  0.00001721884282494  0.00001975896868122
  0.00002244183336270  0.00002536719711587  0.00002834147415250  0.00003170187464951
  0.00003540152588582  0.00003913368236820  0.00004307159957156  0.00004717020838378
  0.00005125069566256  0.00005561980139732  0.00006071849905967  0.00006609374212443
  0.00007093463224542  0.00007597250930478  0.00008155214143458  0.00008794253664119
  0.00009527235369741  0.00010314236377397  0.00011134542024105  0.00011946246899614
  0.00012716253863558  0.00013465967810730  0.00014228042592627  0.00014998183229194
  0.00015782050685205  0.00016638281567011  0.00017610639076456  0.00018660429957391
  0.00019827094784226  0.00020996236529744  0.00022141297802346  0.00023391747680127
  0.00024498357240686  0.00025543054749432  0.00026643808196679  0.00027855296731978
  0.00029217101943088  0.00030697492028279  0.00032205349768421  0.00033676915442684
  0.00035156326270566  0.00036834478875668  0.00038563415929169  0.00040268022831567
  0.00041890672341064  0.00043419687138860  0.00044829233457768  0.00046296103388701
  0.00047777843215442  0.00049352637810007  0.00051033978483742  0.00052857674537993
  0.00054838815215689  0.00057068394891252  0.00059198832453539  0.00061121666938851
  0.00063084317187116  0.00065270576636767  0.00067805377969887  0.00070724899434769
  0.00074064681609324  0.00077676633379568  0.00081292281616855  0.00085087377232551
  0.00089374738848782  0.00094195110607171  0.00099468960205008  0.00105206459513168
  0.00111213286188512  0.00118067335353572  0.00125507613474018  0.00134029891982352
  0.00143262400708000  0.00154429248156844  0.00167781042400767  0.00185018391387330
  0.00210770265873496  0.00248849219876191  0.00294641049263401  0.00350059417788152
  0.00457108609088191  0.00859047586595917  0.05054641218601061  1.00000000000000000
 -0.00482418511999251  0.01963535896187059  0.03665673938744297  0.05126384169853939
  0.06355276935485392  0.07459151873271871  0.08494881492271136  0.09563820920647677
  0.10665805814360911  0.11798150845421675  0.12929342745110159  0.14136513968417064
  0.15094647445217566  0.15899973211240004  0.16703734800612571  0.17540962538241828
  0.18481287990851017  0.19432484174655920  0.20293597690003892  0.21165673086315109
  0.22142893276322292  0.23068851231031540  0.23918820189848058  0.24724134552373603
  0.25538733267391833  0.26358716402698518  0.27148860143397802  0.27891086959934230
  0.28599138747551262  0.29310937334512072  0.30018333024702371  0.30735666151209523
  0.31399706128557137  0.32037740301050072  0.32662835419853031  0.33332267984949199
  0.33981770246497811  0.34629202264448039  0.35269151172410512  0.35920114131721559
  0.36600218968980602  0.37291057177172071  0.37953388364704177  0.38562910129250333
  0.39140535419809475  0.39730425079000953  0.40299147191064993  0.40916494366510225
  0.41561999187007936  0.42295031111014353  0.42991779506434141  0.43719297939491791
  0.44450139804348504  0.45220661850315741  0.45968638146902169  0.46701714649623793
  0.47445945478746687  0.48182546135432436  0.48878801721544929  0.49584691394320429
  0.50274744646132974  0.50947767851681436  0.51643916226151942  0.52384193701994897
  0.53136648521285645  0.53890302103124688  0.54634002883533817  0.55489015665884411
  0.56311274503278030  0.57350179162837311  0.58399015031121837  0.59505003902481923
  0.60619866658187938  0.61741934094163675  0.62954899519484608  0.64220094133702132
  0.65374534083267555  0.66475550504747194  0.67566190084452726  0.68731651223541668
  0.70083274921799188  0.71458012106473834  0.72947341415774547  0.74680723965789397
  0.76658624910090500  0.78508652540880797  0.80520013813367930  0.82360990210132623
  0.84299905146429766  0.86165088799686951  0.88528930159345209  0.91127361384035555
  0.93629205956437300  0.96028575203891287  0.98191105264777467  1.00000000000000000
 -0.00264478512228487  0.00959631219019715  0.02021902305935664  0.03132569766887744
  0.04261202833080657  0.05402678251161071  0.06562863739718960  0.07691102323235541
  0.08772575690678772  0.09817683768044586  0.10835592882819248  0.11895379168768194
  0.13042826350336234  0.14251920961959136  0.15516250580685229  0.16778384976044791
  0.17996629425098359  0.19144509295337978  0.20234359716300609  0.21308955682008510
  0.22359024212960155  0.23462704041745011  0.24521646575370198  0.25633421751507213
  0.26687116696479174  0.27704504016505377  0.28624552270684178  0.29506655751939581
  0.30459149651904949  0.31543250814107388  0.32773872742192756  0.33996986010502189
  0.35150811840105456  0.36224539463003574  0.37214324673346311  0.38203756543519712
  0.39264626557634885  0.40396049909453013  0.41562542371769245  0.42680639547880134
  0.43785195089064949  0.44915499455513141  0.46031426562958461  0.47097787264255436
  0.48106546978701797  0.49130919810746060  0.50110215433914496  0.51017304547403264
  0.51876265059471005  0.52716424080078672  0.53555771866434476  0.54365464881877201
  0.55126052548341598  0.55887076193802787  0.56796651089126782  0.57742468328782603
  0.58806193489002456  0.59891397335593533  0.61090821383604743  0.62285623284949909
  0.63472994727203957  0.64588974470535288  0.65630382783243446  0.66652645323461157
  0.67819979018976984  0.69009562693595750  0.70065965231605432  0.71056952879382806
  0.72014952186892855  0.72960574884214069  0.73960843428091405  0.75007195559739759
  0.76026497712987784  0.77079490501703218  0.78116455818544051  0.79187558505464739
  0.80209664057805641  0.81241813860149537  0.82372231232491411  0.83502057953132980
  0.84582325213519205  0.85624016445939011  0.86677551304921041  0.87753112062040795
  0.88782954974380479  0.89769982402149373  0.90777571828461145  0.91852157463532347
  0.93029758939722718  0.94161260539516445  0.95230411165042805  0.96212005229268427
  0.97148311290279332  0.98068981703445579  0.99009173429114483  1.00000000000000000
 -0.00291796472760752  0.01129238396861254  0.02242917806680512  0.03380354726143490
  0.04497576142392164  0.05705948929124439  0.06918055548582595  0.08069625013765555
  0.09106255968011348  0.10049093818397925  0.10994186480281440  0.11981378323294715
  0.12938487695937848  0.13886331708963581  0.14846815495084276  0.15853031730837067
  0.16912748559934865  0.18009209349158745  0.19088573837392986  0.20189202109224658
  0.21311776199898144  0.22507368018156310  0.23703610632870939  0.24907337635310203
  0.26096469451850240  0.27208701741943747  0.28277896599262453  0.29333221346343202
  0.30383633454071113  0.31427884468432260  0.32297946067887995  0.33132040109711491
  0.34001900990026368  0.34957916922708793  0.35969964890089628  0.37055114838235426
  0.38165586136936275  0.39220685562727797  0.40276256039306124  0.41325390748466417
  0.42458012658340472  0.43386229194421838  0.44333367404152396  0.45343817057316094
  0.46393593036997238  0.47293136821421305  0.48314666055260902  0.49355057477945913
  0.50418895511176454  0.51480226064230861  0.52522862975783879  0.53607572104183576
  0.54721498019378956  0.55843887964584593  0.57024443197131436  0.58259962223258588
  0.59455554996251758  0.60609460815455496  0.61748278397825707  0.62838864783497783
  0.63949562426754969  0.65077038872652160  0.66280978165312254  0.67503863955981647
  0.68714107177813344  0.69792390334582077  0.70822713426471195  0.71851816409396974
  0.72901663465603905  0.73946068289557398  0.74926375226100972  0.75907186644017755
  0.76921781508122777  0.77996459625561809  0.79131951298301284  0.80302983954141161
  0.81425643899781064  0.82446567602746290  0.83424633392215475  0.84460283373763401
  0.85525023842722736  0.86536896121979978  0.87501991982191663  0.88473310055387611
  0.89490234331938356  0.90552153052895967  0.91509259811431742  0.92371854823611377
  0.93179590098566867  0.94113707729259211  0.95146552797409478  0.96159125586234762
  0.97134185752982038  0.98056978428885733  0.99042963032158604  1.00000000000000000
  0.05603466841300637  0.25044453866115973  0.34501791690779965  0.39136071449001780
  0.40902636095366462  0.42464031438759692  0.45452727453832581  0.49465596866135558
  0.52961482072862087  0.55284692638229538  0.57068495062404723  0.58960698380348964
  0.60913852607548569  0.62681831693483336  0.64271653764401904  0.65692332353988336
  0.66959943136202460  0.68146174980088980  0.69251053811063079  0.70156419893528243
  0.71031311108005757  0.71938377019552346  0.72951842207908313  0.73931171276281682
  0.74808413554288467  0.75713936032852613  0.76555000879070911  0.77373970620694010
  0.78099731799602301  0.78854794244297544  0.79596040103257948  0.80336329875191492
  0.81076298709114114  0.81741730876609953  0.82356653257535484  0.82934147223224997
  0.83463616486015613  0.83951694943603417  0.84434095994824809  0.84937596545493055
  0.85440490599590324  0.85914287774614684  0.86368264186889343  0.86809049648148462
  0.87217646000535420  0.87596306180701133  0.87938642449124826  0.88263488358684494
  0.88586079016563324  0.88906992240810134  0.89243840982112654  0.89588915769729938
  0.89927438233973944  0.90270864947046714  0.90631474997220463  0.90931525124162516
  0.91206551388619572  0.91459190284939529  0.91705472586341941  0.91953630600355374
  0.92208286916316895  0.92486211943957164  0.92759436989816713  0.93020786699467883
  0.93278186788491679  0.93527674765469870  0.93756627823657912  0.93981243748078303
  0.94207670208083882  0.94426986476717856  0.94643754963862081  0.94865884213082363
  0.95093905108605215  0.95323643840605854  0.95562192767440790  0.95776588427198228
  0.95985633739975784  0.96193493881116343  0.96401951511455353  0.96602545705351639
  0.96804697777646520  0.97009574257792253  0.97216472142171328  0.97418355967037296
  0.97624833471059391  0.97830673977639859  0.98031723144917848  0.98222837911226279
  0.98417164963835946  0.98614981384129163  0.98818701873244674  0.99025818669476473
  0.99217838927209467  0.99437886079264270  0.99693461282676143  1.00000000000000000
 -0.02334660012542182  0.13873368038864353  0.18186312138940833  0.21743544689155286
  0.24609412083199605  0.26949647759518980  0.29113179085873458  0.31075147256833374
  0.32707638739570938  0.34153753977733942  0.35438823311843076  0.36719021234234045
  0.37837782976779427  0.38889924409250792  0.39889634732953999  0.40942793303484026
  0.41986670877157339  0.43006860226059523  0.43873612185995087  0.44699290300588995
  0.45486274324404247  0.46275114852878707  0.47087757079331627  0.47911717856748476
  0.48718870986414703  0.49522012703844331  0.50289409960331044  0.51066982373570302
  0.51801933940778522  0.52545003039999671  0.53270092927587576  0.53963096745111105
  0.54606317690360984  0.55252735635736749  0.55919396716228342  0.56556867700945945
  0.57157694365461376  0.57755924847227569  0.58381666086580408  0.58986737310708026
  0.59538815992089056  0.60056002319712809  0.60567567751391804  0.61110136057949138
  0.61730931708441572  0.62364098256598266  0.62989761239650643  0.63525887612509679
  0.64043681089127469  0.64550345566252587  0.65061761925654016  0.65562783992956131
  0.66063348728043203  0.66573668125091767  0.67079859781916573  0.67546059864132546
  0.68011588445988991  0.68488740456122099  0.69013663271824244  0.69596544366732171
  0.70186717851639235  0.70779095341241405  0.71373270345950734  0.71938911766646207
  0.72510305629584670  0.73059341638972264  0.73575951210582402  0.74086071649600638
  0.74578506180535498  0.75047936409656901  0.75499678339138954  0.75947373944724605
  0.76411505067282282  0.76919190294023088  0.77489605052391153  0.78072761083548581
  0.78582880618638351  0.79077569392222991  0.79599487695360316  0.80120134271249099
  0.80652245091938013  0.81187818213583662  0.81742642389288422  0.82335873485152167
  0.82953124552850965  0.83588220682590597  0.84259980978105853  0.84982674776400213
  0.85791742744364330  0.86779794945339295  0.87931020151408290  0.89133435114443005
  0.90534850277916379  0.92255798056440885  0.94680777525402260  1.00000000000000000
   4.1174860296208000E-009  -1.0000000000000000     
 F F F F F F F F F F F F F F F F F F F F F F F F F F F F F F F F
  <DiscreteSampler_grid>
  grouped_processes
  1 # 1 for a reference and 2 for a running grid.
  10 # Attribute 'min_bin_probing_points' of the grid.
  1 # Attribute 'grid_mode' of the grid. 1=='default',2=='initialization'
  0.0000000000000000 # Attribute 'small_contrib_threshold' of the grid.
  0.5000000000000000 # Attribute 'damping_power' of the grid.
 # binID   n_entries weight   weight_sqr   abs_weight
    28   10   2.537454182929766E+000   5.393434476709772E+001   2.537454182929766E+000
    29   10   2.537454182929760E+000   5.393434476709744E+001   2.537454182929760E+000
    31   10   2.757312036225108E+000   5.404158198588442E+001   2.757312036225108E+000
    32   10   2.757312036225102E+000   5.404158198588414E+001   2.757312036225102E+000
    34   10   2.029308533274465E+000   3.492699915309184E+001   2.029308533274465E+000
    35   10   2.029308533274462E+000   3.492699915309171E+001   2.029308533274462E+000
    37   10   1.991542131317609E+000   3.316427682073488E+001   1.991542131317609E+000
    38   10   1.991542131317605E+000   3.316427682073473E+001   1.991542131317605E+000
    40   10   2.029308533274465E+000   3.492699915309184E+001   2.029308533274465E+000
    41   10   2.029308533274461E+000   3.492699915309171E+001   2.029308533274461E+000
  </DiscreteSampler_grid>
