  0.00009784497130289  0.00011101187188033  0.00011320223155156  0.00011535870239618
  0.00011724489886101  0.00011904709831426  0.00012076686874696  0.00012223755817092
  0.00012311225935334  0.00012394525815844  0.00012477656385270  0.00012555673201141
  0.00012628165391649  0.00012708490458961  0.00012797146698238  0.00012881892363530
  0.00012955645652045  0.00013022745015715  0.00013086448481620  0.00013159111478009
  0.00013243107006973  0.00013340567423932  0.00013458593599274  0.00013601387035990
  0.00013739614833255  0.00013874837745995  0.00014009733454800  0.00014144547716269
  0.00014281776046521  0.00014421317471369  0.00014558492222146  0.00014696302612042
  0.00014833280832662  0.00014985440541376  0.00015155274731499  0.00015307284396120
  0.00015447917630251  0.00015571875178971  0.00015702612617279  0.00015830586503262
  0.00015966841472804  0.00016088570515617  0.00016204594639138  0.00016326782074298
  0.00016452206899646  0.00016570938854192  0.00016679968937782  0.00016815072882304
  0.00016976624532231  0.00017185270488082  0.00017417755324059  0.00017627222786957
  0.00017817462062727  0.00018002790959589  0.00018202947295385  0.00018434292796455
  0.00018679111364674  0.00018945320012330  0.00019257877727613  0.00019523996485081
  0.00019760958318529  0.00020031636710818  0.00020365457393275  0.00020782845772053
  0.00021277294739879  0.00021762949965934  0.00022342273080439  0.00023023006738395
  0.00023663984880116  0.00024277033779871  0.00024964805315923  0.00026023144900691
  0.00026987304628836  0.00027907766926190  0.00028722751002497  0.00029361275789190
  0.00030022721932062  0.00030748918274206  0.00031583526957918  0.00032752752654540
  0.00034047432218702  0.00035626401639325  0.00037264366920438  0.00039325163058689
  0.00041906913790812  0.00045086163294319  0.00048484287220015  0.00052859768775952
  0.00058517016146642  0.00066349224281881  0.00078549203523717  0.00097797048782176
  0.00121941054644518  0.00164626649487120  0.15539491097945349  1.00000000000000000
 -0.00002511055612484  0.00064907004198368  0.00198785577720352  0.00382413341137276
  0.00668946552848460  0.00986905363198536  0.01339618019539037  0.01785949742418827
  0.02279922207490508  0.02871170869754682  0.03591021864553226  0.04382619340457369
  0.05138211758135008  0.05837937496774161  0.06573619290328779  0.07359780020167703
  0.08398380169217370  0.09286791191851056  0.10060094775276836  0.10757364199099166
  0.11544718227668706  0.12672965589130877  0.13632554672666503  0.14434984342755777
  0.15212227173774598  0.15986568732536605  0.16794722275722970  0.17600283612502254
  0.18406045854841435  0.19198291489883501  0.19979982438367475  0.20796513274977912
  0.21642092620819856  0.22762707069064417  0.24175159383631439  0.25464517399521586
  0.26495076209307888  0.27421320445952091  0.28320148082542340  0.29323379598961707
  0.30291984270695632  0.31227914381595145  0.32163790918942464  0.32970562256950009
  0.33665585132289017  0.34390144769736558  0.35322059441829379  0.36275594586073556
  0.37315208130151589  0.38358382426250187  0.39590771190560969  0.41191941279849092
  0.42580461045318585  0.43878259535807906  0.45155650673706349  0.46491753524382223
  0.48025462443223238  0.49729967186003421  0.51420177966731118  0.52994754315772608
  0.54315567315204127  0.55321238438098141  0.56260914091911296  0.57150548370095533
  0.58013095948741700  0.59050516948101262  0.60084554741003449  0.61146361832846607
  0.62156476113205561  0.63214168256155945  0.64411384583466957  0.65740309484981319
  0.67094515339723748  0.68431600256718750  0.69414482217769424  0.70348324025694120
  0.71250248532769922  0.72223559145766103  0.73433735827765734  0.74787063904821460
  0.76272786429628658  0.77697679916790552  0.79000384831373860  0.80284254065018390
  0.81580920001077017  0.82849570312441423  0.84131985427368516  0.85522233105858791
  0.87310448146372599  0.89085103830872447  0.90788522427833895  0.92462496429975671
  0.94209844391349984  0.96070457877801052  0.98063781297744534  1.00000000000000000
 -0.00159453596484245  0.00605782133612612  0.01350516379416895  0.02269060905821960
  0.03392100812059413  0.04475720993392586  0.05507238954105211  0.06547147957339325
  0.07569913860250901  0.08663249895351224  0.09909599528152295  0.11365328506150806
  0.12727070657268844  0.14215445139741242  0.15764742648094174  0.17171803162476229
  0.18333456121830360  0.19266655401615607  0.20130986569053333  0.20865511874563988
  0.21679514117273119  0.22504883952284213  0.23474114034645069  0.24520525515859479
  0.25617721190326825  0.26583153526483305  0.27444936442028461  0.28246077701669259
  0.29088845902807353  0.29905698508577638  0.30873690948194510  0.31978033421716312
  0.33080381292102401  0.34285515368930869  0.35876670690417450  0.37391376200750043
  0.38720669805356778  0.39793890630668111  0.40796809781344345  0.41932688368548177
  0.43305452340093614  0.44783057998649395  0.46013731459921298  0.47292740214708584
  0.48523357024512415  0.49771509586939688  0.51016943631628531  0.51925902093441911
  0.52802623257179082  0.53675608720603130  0.54540900825650529  0.55983072352951180
  0.57432213975472879  0.58814889039422635  0.60098719838004044  0.61563983970355074
  0.63010839675939900  0.64200201925779710  0.65048421762393871  0.65567762499676252
  0.66085819928866640  0.66625785912901836  0.67263405305566004  0.67970756270229482
  0.68665808691800057  0.69502253806775893  0.70369409114672565  0.71317322645824988
  0.72849734998334192  0.74575295073680625  0.76201270552038092  0.77618651602721622
  0.78862300129691854  0.80021448867050282  0.80776495716232433  0.81632369279330652
  0.82654034487058581  0.83799618028143152  0.84809342553919098  0.85911386238242515
  0.87277036210758896  0.88373116910998006  0.89412777831228796  0.90395738884188737
  0.91247592121980359  0.91939452451115145  0.92526743224484753  0.93133731377614115
  0.93974705229041866  0.95084508111525867  0.96156877228498083  0.96924895618346874
  0.97751935837312931  0.98531522263921356  0.99240723882599990  1.00000000000000000
  0.00798349367180114  0.01950295878206524  0.02704382065832918  0.03365756681664871
  0.04080589781041200  0.04829769810262479  0.05613766483800230  0.06510119976108544
  0.07399790843293806  0.08279978586440136  0.09437556862252565  0.10465479308648240
  0.11243057772439316  0.11920669185898938  0.12583640243988378  0.13159284478059921
  0.13744413138395759  0.14463079333713627  0.15231099587943481  0.16110354987723677
  0.17113920669435112  0.18300435700574866  0.19704857912649354  0.21115311365181241
  0.22245000776937945  0.23404181950147213  0.24617061220966230  0.25755072581320398
  0.26760557043749006  0.27646759808494814  0.28440515132948835  0.29205070350532986
  0.29915092023172229  0.30645471969521104  0.31121810951634521  0.31600109728050912
  0.32084000248060546  0.32698441246826310  0.33388176472306741  0.34062428263327788
  0.34750590221153144  0.35413106152004920  0.36615052822891564  0.37762006186894786
  0.38795815955722818  0.39922858321174554  0.41160569146333420  0.42461170108207880
  0.43714877432894433  0.45190927558284177  0.46537750115078985  0.47628504863266696
  0.48603788132675396  0.49652283551993903  0.50681424779220141  0.51525190998620962
  0.52543850231097722  0.53600787303272646  0.54743274689396293  0.56099290588914486
  0.57661041228103904  0.59077792229124415  0.60258523767004879  0.61341368422427234
  0.62359577039882241  0.63409986498078663  0.64575794856260815  0.65759343407834869
  0.66976021881423353  0.68168226067636717  0.69471767294304831  0.70738121117123198
  0.72047867730065807  0.73467512544592495  0.74878928135104372  0.76230421650721003
  0.77538783300817349  0.78815760083613773  0.80005534692154501  0.81196255459050859
  0.82279586620743628  0.83389957677813353  0.84752387199467594  0.86004585279765300
  0.86882765093174674  0.87822727278495771  0.88875458068095781  0.89922835757957620
  0.91006437483948344  0.92285599162313603  0.93566077945385429  0.94770092631823555
  0.96066882550750310  0.97341715274805340  0.98639357086165469  1.00000000000000000
 -0.00131595307831579  0.00634626047370826  0.01421861976506612  0.02343072264450210
  0.03595360815107825  0.04919659494454112  0.06236598756593692  0.07427005737875023
  0.08489419132072465  0.09506442626304713  0.10487577795355547  0.11482248834896137
  0.12405481560819170  0.13315300735439473  0.14043259116448154  0.14955714526548239
  0.15969394648349086  0.17066053525262764  0.18527638201027713  0.20020891034461386
  0.21483492304470392  0.22967750673983250  0.24311217856082934  0.25711576875157349
  0.26813007913161013  0.28011767450343644  0.29435191229219981  0.30849572935602798
  0.31641875632951827  0.32331243490819223  0.33006238467854232  0.33680972803479542
  0.34425330532478282  0.35339198676153044  0.36285185866935343  0.37121968221265850
  0.37981704347080403  0.39116178466653900  0.40150343417892553  0.41208287748294559
  0.42551504237550758  0.44064981278289606  0.45360452742676083  0.46485858263777141
  0.47439847430767185  0.48379312960209570  0.49524083727315527  0.50720205374502747
  0.51758001446355217  0.52631319246437624  0.53455451405382171  0.54266295416899391
  0.55074743417678929  0.56036285323069968  0.57336315421524586  0.58873071113080622
  0.60194013139487779  0.61344705756626261  0.62271667433872435  0.63233412556846791
  0.64284912319669096  0.65512429680941364  0.66914957896623695  0.68016040351111473
  0.69144212882997202  0.70213896207845594  0.71273055653186290  0.72349608170663771
  0.73313954957623617  0.74299106460893860  0.75378935812154524  0.76254934111229444
  0.76866315388362727  0.77464123435548016  0.78064125065541079  0.79004263232318961
  0.80365532166425302  0.81849357610547124  0.83271739430098812  0.84768452091459845
  0.86355175689458874  0.87714486750539178  0.88889404717761089  0.89902306557327594
  0.90867140241004618  0.91966130778374544  0.93241796679058830  0.94291272492485823
  0.95089612222294195  0.95960543965125877  0.96648244350958057  0.97283304687880345
  0.97967190475779753  0.98697329451216387  0.99394397571463389  1.00000000000000000
  0.00888339600779578  0.33890813537584108  0.38858721769318166  0.40471405953022360
  0.41688599884904270  0.42366526528625659  0.42871941195641627  0.43257443291616199
  0.43595076310922581  0.43941331807390371  0.44286133821177637  0.44546793362357973
  0.44829392264439477  0.45115841248710969  0.45377841173559186  0.45692010024922247
  0.46006691192110905  0.46338688221397073  0.46706646278114233  0.47023412717397278
  0.47317978759185275  0.47602478111636420  0.47885735167576943  0.48180948340718016
  0.48459827620839935  0.48710394658373846  0.48965600760637934  0.49239479710457185
  0.49547572843402599  0.50005296688901590  0.50326484646480096  0.50594223133733640
  0.50867590390113471  0.51116074751753537  0.51341057884271091  0.51561687001848489
  0.51791945111120319  0.52049557625661602  0.52339571691424591  0.52623345555448464
  0.52856823061678027  0.53071719220713731  0.53282686093333942  0.53483231996814884
  0.53699726693522665  0.53900945810276957  0.54106086572915890  0.54318755894960014
  0.54525322911976903  0.54774140020049422  0.55056761911532581  0.55327646201024194
  0.55625942283957441  0.55881936106429098  0.56168439899191791  0.56564730228393645
  0.57054656523128877  0.57536575044858973  0.57964135200959255  0.58406161318711458
  0.58949730394206201  0.59472639666772009  0.59962572258085578  0.60419326276536589
  0.60879185033946737  0.61380643622277764  0.61856333546037900  0.62298056877973218
  0.62712556144093456  0.63155933003167120  0.63615071774871235  0.64109182295777489
  0.64586789605427286  0.65145337439857520  0.65787537362657711  0.66462887757266553
  0.67205942367274496  0.67947161630475883  0.68525886024860883  0.69053878719863138
  0.69576273205206884  0.70194295686601116  0.70959176109739930  0.71916925777428042
  0.73026255984543686  0.74268511216420585  0.75473678562658575  0.76857712371702791
  0.78428722446702093  0.79957597904562905  0.81514860800296907  0.83426657596300391
  0.85715455234210580  0.88579852558843053  0.92559310948699525  1.00000000000000000
 -0.01971314662745037  0.13244120622919517  0.18703574624309480  0.21858166527795025
  0.25005767254080058  0.27521346180181105  0.29474008177727334  0.31011242565778330
  0.33110241944535013  0.35036383558784340  0.36748555845020453  0.38153953503324201
  0.39392793186741809  0.40564511588945629  0.41879848342420595  0.43128217300280908
  0.44018366472584008  0.44676443673772698  0.45234459238499114  0.45789170497794102
  0.46418994261725333  0.47111326264994363  0.47785727914037807  0.48368560147157996
  0.48921674124988362  0.49455145543305845  0.50335299776366360  0.51634164524991466
  0.52775569747775619  0.53614947763654519  0.54399122947216050  0.55311524858160155
  0.56279906368991339  0.57254092670401124  0.58295450028522255  0.59310106988631739
  0.60203316801011120  0.60973626691154226  0.61731034529309248  0.62510889257835911
  0.63068279745296785  0.63523317271676394  0.63969490871847934  0.64402293601982386
  0.64838208778936124  0.65323924629603392  0.65831501349436949  0.66239461320569759
  0.66557149169113017  0.66886392865940969  0.67223532744508874  0.67569736905206179
  0.67956792805871946  0.68410956555457914  0.68887373074115243  0.69416463986056631
  0.69944507248250321  0.70462933852871457  0.70983483429633765  0.71524062115964582
  0.72107887726630138  0.72651764012062858  0.73191232594826816  0.73769364198902299
  0.74304692194465560  0.74889157296044739  0.75474895936523201  0.76117175630492118
  0.76765685966535380  0.77342533754537290  0.77806018599647864  0.78323382790870344
  0.78764585952828681  0.79230484251363109  0.79732256368358678  0.80284885839141407
  0.80903010334327796  0.81536945707811459  0.82170552213408687  0.82757551879319657
  0.83362667534496537  0.83951619472104499  0.84508975071258763  0.85055520344590907
  0.85630925959839932  0.86300525480985502  0.87019392477701318  0.87645387147216502
  0.88194624933655630  0.88840379406303893  0.89529943323274985  0.90373811279934724
  0.91518681243749678  0.92806623171369562  0.94863604522490197  1.00000000000000000
   5.6221476325675902E-009  -1.0000000000000000     
 F F F F F F F F F F F F F F F F F F F F F F F F F F F F F F F F
  <DiscreteSampler_grid>
  grouped_processes
  1 # 1 for a reference and 2 for a running grid.
  10 # Attribute 'min_bin_probing_points' of the grid.
  1 # Attribute 'grid_mode' of the grid. 1=='default',2=='initialization'
  0.0000000000000000 # Attribute 'small_contrib_threshold' of the grid.
  0.5000000000000000 # Attribute 'damping_power' of the grid.
 # binID   n_entries weight   weight_sqr   abs_weight
    22   10   3.917787204168244E-001   1.508181744734194E+000   3.917787204168244E-001
    23   10   3.917787204168244E-001   1.508181744734194E+000   3.917787204168244E-001
    25   10   4.049788419735050E-001   1.463773419802422E+000   4.049788419735050E-001
    26   10   4.049788419735051E-001   1.463773419802422E+000   4.049788419735051E-001
    28   10   1.052924674135388E+001   1.072957048922390E+003   1.052924674135388E+001
    29   10   1.052924674135387E+001   1.072957048922389E+003   1.052924674135387E+001
    40   10   1.044689847524964E-002   4.737699545241579E-004   1.044689847524964E-002
    41   10   1.044689847524964E-002   4.737699545241577E-004   1.044689847524964E-002
    43   10   1.503224692091654E-002   5.482913614491324E-004   1.503224692091654E-002
    44   10   1.503224692091653E-002   5.482913614491316E-004   1.503224692091653E-002
    46   10   1.857234198097847E+001   3.388443868215459E+003   1.857234198097847E+001
    47   10   1.857234198097847E+001   3.388443868215460E+003   1.857234198097847E+001
  </DiscreteSampler_grid>
