  0.00000046985023215  0.00000071705197022  0.00000087883835016  0.00000105079465552
  0.00000125776095039  0.00000150637659099  0.00000178890193922  0.00000214023741994
  0.00000246137860871  0.00000275561262264  0.00000303359471762  0.00000338043309091
  0.00000379195649962  0.00000417072847353  0.00000454545490176  0.00000494765387680
  0.00000540576990735  0.00000587671109287  0.00000636091569112  0.00000683493845154
  0.00000732798278729  0.00000782362733339  0.00000827897309993  0.00000875092517568
  0.00000921854925700  0.00000970378072292  0.00001024082170866  0.00001082709085954
  0.00001144091191522  0.00001207119608097  0.00001272947281075  0.00001339611109185
  0.00001403669504839  0.00001468600549134  0.00001535905444123  0.00001600343633930
  0.00001665841351206  0.00001734021740796  0.00001804565259817  0.00001874516143658
  0.00001939732685146  0.00002000148895446  0.00002055505682571  0.00002107635870533
  0.00002162665643266  0.00002220682152263  0.00002281939565204  0.00002346418131856
  0.00002401819041219  0.00002456921084326  0.00002511386926858  0.00002564389626906
  0.00002609255124488  0.00002651198067919  0.00002692004012748  0.00002728031309555
  0.00002763065677749  0.00002797900295228  0.00002835749972288  0.00002882031457596
  0.00002936491855777  0.00003940876911563  0.00004763859353953  0.00004850790184818
  0.00004929589543640  0.00004999368026362  0.00005073478066415  0.00005153386097952
  0.00005256810222310  0.00005373370676360  0.00005501184431383  0.00005639191363040
  0.00005785666351218  0.00005953772688893  0.00006137256285726  0.00006339213749163
  0.00006568331284997  0.00006833232154062  0.00007168560060005  0.00007559200426438
  0.00007944135073901  0.00008469517817203  0.00009042927187608  0.00009754273872565
  0.00010730220965605  0.00011709931463086  0.00012986751287558  0.00014763981959492
  0.00017364960274287  0.00021188910390974  0.00027216326491882  0.00035605066090294
  0.00053039362188707  0.00100266397649616  0.11382709510721706  1.00000000000000000
 -0.00002043831194354  0.00027742095886197  0.00079811010171832  0.00148622474189003
  0.00251020889237381  0.00402367570205257  0.00597848972692152  0.00770419033313112
  0.00988450960084069  0.01271489816531528  0.01553588622474678  0.01840146700509859
  0.02151694031059580  0.02480096422872730  0.02839743903684781  0.03222693413208889
  0.03647093778468032  0.04047238988795264  0.04420631215263959  0.04816961543251353
  0.05240179843842344  0.05696231213590155  0.06174912569331609  0.06638524606742996
  0.07070227473272783  0.07510238168207466  0.07938714837305548  0.08410618258212228
  0.08883697993635720  0.09454760355597028  0.10056891269864136  0.10716906639168311
  0.11380871902240901  0.12012213198117205  0.12668707347235134  0.13291150813225930
  0.14165923703257294  0.14977457312432854  0.15842677258185431  0.16761909623825572
  0.17679585523014249  0.18627616714489798  0.19447775929640884  0.20152312414820781
  0.20864058810191285  0.21616219342197285  0.22431447890912698  0.23306920228751257
  0.24316310899613838  0.25427052936929745  0.26501778130453962  0.27775063468833217
  0.29102420821967984  0.30270277626034237  0.31311675915239573  0.32304728586167952
  0.33256326741218878  0.34248876992297983  0.35226774903686109  0.36285882095633765
  0.37420091375661146  0.38561145663037377  0.39839319864233436  0.41203878756616530
  0.42772704866660338  0.44524796819135853  0.46372768357245925  0.48296103258970169
  0.50261952565554990  0.52237847096770096  0.53888193567220166  0.55520989616020266
  0.57155972494575880  0.58828096040807731  0.60654352498101971  0.62271200380474423
  0.63881309049992252  0.65512707495133293  0.67212439816964731  0.69059657723937140
  0.70977429744665865  0.72945593204574033  0.75019406106073483  0.77060825906010477
  0.79102292038857303  0.81175792054831042  0.83006595903082581  0.84802306107152992
  0.86605445388350188  0.88527663673222579  0.90755901770846947  0.93045128791642273
  0.95110141194794473  0.96874452666340194  0.98479596144873038  1.00000000000000000
 -0.00211328694016552  0.01032599190806203  0.02114599431142093  0.03162483013678744
  0.04236898466473812  0.05470486516913790  0.06606379226566214  0.07623672201943033
  0.08624433216551733  0.09718200010891530  0.10838230430406973  0.12045002099985661
  0.13221385929245555  0.14252812007966048  0.15003744739277086  0.15727811883470011
  0.16426800350238163  0.17228434344171362  0.18260299224784388  0.19439669752601221
  0.20669365179916963  0.21819043623551040  0.22884734005030768  0.23850735893791877
  0.24829443153056199  0.25740773762264368  0.26589278749673495  0.27427140959015672
  0.28443846465764261  0.29527915937532589  0.30732470236013276  0.31661194933325582
  0.32684813645994398  0.33730277877073017  0.34878987356512092  0.36118964420804484
  0.37207759465827339  0.38183405648236202  0.39108921240127353  0.40022266598485168
  0.40956170686007087  0.41897252301645854  0.42827017266721540  0.43876415867053631
  0.45027821923769434  0.46176891072666187  0.47335523019145781  0.48432450925553455
  0.49408509730317068  0.50406837382178549  0.51553039223702568  0.52836210088424995
  0.54204348607681341  0.55523752721153430  0.56691275315068512  0.57720914975157955
  0.58818856630039096  0.59909333319128855  0.60906420017015428  0.61848456776084848
  0.62835932600139699  0.63953657557515897  0.65190726441820823  0.66512863054355165
  0.67726244802720714  0.68708819772534280  0.69589683895278587  0.70522921228491819
  0.71518697690053201  0.72593881669811500  0.73722116431224816  0.74981027375725440
  0.76114679872136037  0.77140629046730080  0.78144810840901457  0.79055111931332656
  0.80002977448293933  0.80871678134657277  0.81894570993474880  0.82770961791502595
  0.83615504262706641  0.84529913892966446  0.85475842016504477  0.86492822310909079
  0.87538673721061189  0.88625392521261315  0.89774978145995976  0.90837109912133063
  0.91627630470526500  0.92696093349069564  0.93747163147021062  0.94758833212218030
  0.96064423382955288  0.97560943212396478  0.98774288597866400  1.00000000000000000
 -0.00232582188489530  0.01311225616968412  0.02472385757712466  0.03574562753853795
  0.04881716408104989  0.06240799099270682  0.07651678023669491  0.08928374661220223
  0.10189699925752312  0.11305907328264954  0.12502067358965305  0.13682573104809354
  0.15025795317583354  0.16026709997914498  0.17035629666767563  0.18190861657784424
  0.19296221370001931  0.20564841968081599  0.21995504358715279  0.23236227260695741
  0.24387265290088189  0.25368103732114750  0.26359997636988480  0.27262282877595279
  0.28135772394219705  0.28978496309363244  0.29876501729891580  0.30759366000423471
  0.31636039078487799  0.32482054109464414  0.33029007517326980  0.33722751507722237
  0.34401606614497671  0.35167685472711907  0.36024567412419600  0.36941173952155815
  0.37893233049530417  0.38852486124888702  0.39580921687036247  0.40333636116574134
  0.41094686197581221  0.41936181451315308  0.42862340766272622  0.43754146585516412
  0.44625119537255942  0.45452380048902835  0.46227511700308649  0.47013524865637824
  0.47831532193009002  0.48683005076643154  0.49632673911587433  0.50529843665692786
  0.51372796640363882  0.52148850367196831  0.52931014017880540  0.53830408243268124
  0.54846135032518661  0.55916995820096316  0.56959217241687077  0.57892538943497218
  0.58926230181456507  0.60034832100865032  0.61041329624693119  0.61990347248785094
  0.62967992984359877  0.63986517430031298  0.65033106323949008  0.66011783657880019
  0.66996193378152569  0.68004396744762374  0.69024607206864275  0.70098734933160933
  0.71182348209624313  0.72317353756281799  0.73383889851774120  0.74488448497511695
  0.75557823975097849  0.76590170848798844  0.77559426142260557  0.78589027592456340
  0.79684088250059060  0.80811825987456387  0.81918689507108844  0.83086351579095963
  0.84376673943782599  0.85690868945029086  0.86956201757872320  0.88177039005861324
  0.89403019661514760  0.90738261851936619  0.92068079656360813  0.93306213587326436
  0.94723936403148323  0.96242381991303416  0.98035951808056188  1.00000000000000000
 -0.00274590379307968  0.01209534502885687  0.02341717314930613  0.03310741021166003
  0.04230264800952882  0.05170294573190015  0.06091034813189129  0.07022887618663889
  0.07947882949284889  0.08930425930546808  0.09771680834060939  0.10670099807394839
  0.11589930945533433  0.12798267593803989  0.14040364232421337  0.15064908107694969
  0.16152660757814319  0.17234068364916094  0.18313565680004429  0.19349875970827765
  0.20398102179659283  0.21432037730049552  0.22504790292756124  0.23753025652505394
  0.25181197325486310  0.26683530523103083  0.27970346119982797  0.29139230703181063
  0.30248411238644990  0.31261263412491952  0.32291757733189197  0.33297399995756677
  0.34427133248581060  0.35570162887213236  0.36632915054520160  0.37696954302387636
  0.38650680210783722  0.39590737753319533  0.40444126401519781  0.41279394790309848
  0.42073425890433391  0.42908531643132597  0.43942466602919295  0.45080286740409781
  0.46332485481196767  0.47517730978510270  0.48822861911829463  0.50030509887548846
  0.51250938836473858  0.52373110623483021  0.53437904049899410  0.54495472001742540
  0.55486332498173052  0.56450321616359189  0.57337203576017037  0.58321143454757085
  0.59463147583332798  0.60622941586815537  0.61787768882415550  0.62905290061535823
  0.64009954956942927  0.65177244816662006  0.66322365289228669  0.67361082718838383
  0.68395730364842033  0.69473988885908045  0.70658254983287316  0.71592889253252689
  0.72487771902484710  0.73367063554358614  0.74236201315783068  0.75015145664933802
  0.75751297236871928  0.76490781207866387  0.77317107739466162  0.78380137117350290
  0.79574952638097995  0.80796081694179700  0.81972678788849584  0.83088001504386799
  0.84139964201536832  0.85166126272618492  0.86111564760097348  0.87061423263658855
  0.88087906952180151  0.89162741907246112  0.90457508690454924  0.91479268440119887
  0.92520899811420809  0.93536106897016924  0.94578735344371434  0.95836897967666401
  0.97069229357420261  0.98233817333781093  0.99140301078621840  1.00000000000000000
  0.06941669239324691  0.16684664482444139  0.20069636168590510  0.23006411394165260
  0.25491601630316890  0.27512424193286417  0.29293810305263324  0.30963610201238168
  0.32803503418580321  0.34455385603371635  0.35887636056666905  0.37271184814650571
  0.38594367523140044  0.39921385054921615  0.41325984220558293  0.42733961251962826
  0.44089679232673795  0.45099283590279143  0.46031149586599795  0.46923131618701430
  0.47913581245697401  0.48984456621869282  0.50084629571055117  0.51111817081537136
  0.52079110453094413  0.52936057707424089  0.53778810991551329  0.54521153693321611
  0.55225803624396641  0.55933958949787366  0.56620615867659740  0.57290875569913768
  0.57987653280068452  0.58644778323018687  0.59264972784330661  0.59886700204820320
  0.60620373853057763  0.61447365362117923  0.62201494730913676  0.62818610122288987
  0.63417064306365467  0.63994929246081467  0.64547048995348122  0.65142986041804241
  0.65759873269154967  0.66483101130810995  0.67273961215279821  0.68011911494433064
  0.68703311162801373  0.69398535702086361  0.70078888305082698  0.70747476155230071
  0.71417626275314194  0.72054110998820797  0.72692272423703952  0.73337076911059340
  0.73959508407981067  0.74719903905617491  0.75487372585609080  0.76301435909251381
  0.77035449263356215  0.77692344543461245  0.78283992269410985  0.78923349733580506
  0.79645310674629510  0.80375139167935927  0.81022066319150565  0.81605927071718876
  0.82161379698750092  0.82740604260750483  0.83400871493064810  0.84081128389067783
  0.84744522275226852  0.85324778680615543  0.85842043126684631  0.86395951198264254
  0.86980974839556668  0.87610090647099226  0.88177375011960613  0.88679220358504907
  0.89159364688849374  0.89692832425635649  0.90246203481672782  0.90804182290704794
  0.91367753818377206  0.91916405021439374  0.92473876344633965  0.92996052413344510
  0.93541441531084590  0.94055806658564689  0.94585398902183038  0.95130012748825810
  0.95773803686178860  0.96622757401515835  0.97750221709229357  1.00000000000000000
 -0.01950164697423371  0.12187699139583076  0.16946134981096653  0.19646378397476172
  0.21701842963067722  0.23801256867800072  0.25821633819663242  0.27787479878029081
  0.29627119178309569  0.31462521551807804  0.33146711808205770  0.34809717074267255
  0.36349069825366609  0.37776251782492148  0.38980012604210346  0.40122626531309291
  0.41106421176427488  0.41995042868020971  0.42932526399321619  0.43933619929627854
  0.44907866247704015  0.45770030094459774  0.46629492519501525  0.47511491627212293
  0.48535221632102349  0.49403503860714248  0.50161073998079164  0.50912367479033438
  0.51642422155903378  0.52383539694753256  0.53103988320673090  0.53805755705055869
  0.54547049355241251  0.55295111256338370  0.56062202214478973  0.56776683274951523
  0.57464424602216857  0.58160417045780610  0.58734642666566805  0.59333728349700388
  0.59938979070515597  0.60592572592770255  0.61219176591896440  0.61830328495107334
  0.62419947522383501  0.63018016277133171  0.63597823254502950  0.64138225325203724
  0.64665283020592657  0.65172839236746549  0.65687805003338851  0.66201782901290107
  0.66710113688781747  0.67234871309052691  0.67757932588092784  0.68248056310740579
  0.68744392155494616  0.69260254183996806  0.69797925228359736  0.70358599014888679
  0.70947997070378255  0.71440252799422910  0.71919291524674911  0.72398527933272283
  0.72882733062226424  0.73443044611608121  0.74079940687534840  0.74780379873804270
  0.75490834666934570  0.76152758969333945  0.76776185995946600  0.77410541076722694
  0.78077597813548838  0.78766600525968355  0.79430396270626591  0.80005121491239428
  0.80584009175566562  0.81102217354039219  0.81595013344514744  0.82091878717921540
  0.82627888786328396  0.83220005524033525  0.83792831711495819  0.84365244596903033
  0.84965868870125338  0.85676056206385109  0.86426387632113522  0.87043165671713763
  0.87598823773536927  0.88160440606415935  0.88844004346105809  0.89783423429002318
  0.90973819463268979  0.92426562654462008  0.94647300126897549  1.00000000000000000
   6.8268946650017455E-008  -1.0000000000000000     
 F F F F F F F F F F F F T F F F F F F F F F F F F F F F T F F F
  <DiscreteSampler_grid>
  grouped_processes
  1 # 1 for a reference and 2 for a running grid.
  10 # Attribute 'min_bin_probing_points' of the grid.
  1 # Attribute 'grid_mode' of the grid. 1=='default',2=='initialization'
  0.0000000000000000 # Attribute 'small_contrib_threshold' of the grid.
  0.5000000000000000 # Attribute 'damping_power' of the grid.
 # binID   n_entries weight   weight_sqr   abs_weight
    127   10   1.448236426537149E+001   1.656036611663555E+003   1.448236426537149E+001
    128   10   1.448236426537148E+001   1.656036611663552E+003   1.448236426537148E+001
    130   10   2.937642474486029E+000   6.965417114160516E+001   2.937642474486029E+000
    131   10   2.937642474486027E+000   6.965417114160505E+001   2.937642474486027E+000
    136   10   1.448236426537150E+001   1.656036611663556E+003   1.448236426537150E+001
    137   10   1.448236426537148E+001   1.656036611663552E+003   1.448236426537148E+001
    145   10   2.937642474486030E+000   6.965417114160525E+001   2.937642474486030E+000
    146   10   2.937642474486027E+000   6.965417114160505E+001   2.937642474486027E+000
    175   10   8.181696219825984E+000   1.431257752420477E+002   8.181696219825984E+000
    176   10   8.181696219825994E+000   1.431257752420481E+002   8.181696219825994E+000
    178   10   8.181696219825985E+000   1.431257752420477E+002   8.181696219825985E+000
    179   10   8.181696219825994E+000   1.431257752420481E+002   8.181696219825994E+000
    184   10   8.181696219825984E+000   1.431257752420477E+002   8.181696219825984E+000
    185   10   8.181696219825994E+000   1.431257752420481E+002   8.181696219825994E+000
    196   10   8.181696219825985E+000   1.431257752420477E+002   8.181696219825985E+000
    197   10   8.181696219825994E+000   1.431257752420481E+002   8.181696219825994E+000
  </DiscreteSampler_grid>
