  0.00000046681162867  0.00000074629844837  0.00000102300952101  0.00000127071368012
  0.00000156351060668  0.00000184513590663  0.00000213217124887  0.00000247999578398
  0.00000289127612066  0.00000331281747148  0.00000374864725126  0.00000422718981301
  0.00000473129251188  0.00000523732530215  0.00000573663249523  0.00000621233452859
  0.00000670118752672  0.00000723678560623  0.00000781310328750  0.00000841934531886
  0.00000904986537510  0.00000969404512353  0.00001036798480635  0.00001107393623023
  0.00001180184109777  0.00001253754447921  0.00001326754297824  0.00001398199658754
  0.00001462917786039  0.00001519769664565  0.00001575960894215  0.00001631439820523
  0.00001686563737702  0.00001734404085704  0.00001784806218825  0.00001834232433423
  0.00001884415742651  0.00001934554682013  0.00001985489268505  0.00002037691140102
  0.00002087215210302  0.00002134284536703  0.00002181799412144  0.00002229511413020
  0.00002277780689669  0.00002323016880117  0.00002364620464794  0.00002411726591685
  0.00002455940557447  0.00002498932762686  0.00002540470742938  0.00002577583927975
  0.00002615298357008  0.00002654211149297  0.00002694245785535  0.00002730494000495
  0.00002766024823888  0.00002798761155874  0.00002830744646417  0.00002863984328705
  0.00002916373203991  0.00002983970220630  0.00004514092359075  0.00004760116002586
  0.00004913852244564  0.00005059273413462  0.00005189826891136  0.00005315949765781
  0.00005437864366497  0.00005574726673161  0.00005738780245521  0.00005951592185467
  0.00006196919656286  0.00006461780498077  0.00006769785052856  0.00007110033724494
  0.00007467718947666  0.00007849702096484  0.00008240695042796  0.00008744005792927
  0.00009315643079143  0.00010029385115226  0.00010735107467622  0.00011437529479866
  0.00012231585990091  0.00013304493604061  0.00015024389550996  0.00017305289995651
  0.00020016061605948  0.00023860765181195  0.00029892759243362  0.00042873813141909
  0.00061314992871709  0.00101195101811195  0.02338988111158345  1.00000000000000000
  0.00971913003879203  0.01605547397273479  0.02397607834997063  0.03208857755521471
  0.04027226718340567  0.04852332093362285  0.05701206533736398  0.06583460468111225
  0.07582858563960297  0.08680124801894687  0.09834561351986876  0.10996240447337864
  0.12077389055851243  0.13134340609060896  0.14240046820783861  0.15436314826724740
  0.16912005941625385  0.18575004849196991  0.20016172695477918  0.21428678124787220
  0.22778790197991142  0.24145416448518056  0.25568082060473746  0.27017400657401125
  0.28498520946305039  0.29950326247167791  0.31194574859750424  0.32278665924999095
  0.33255440443721457  0.34091704755447061  0.34947569849566101  0.35807098491350775
  0.36657574767958723  0.37362564761102923  0.38033413702085267  0.38734711421482737
  0.39614359170641567  0.40666457596314759  0.41752053126401922  0.42833478715279932
  0.43962237083581523  0.45199167256522760  0.46578630573684621  0.47766229818062189
  0.48906590510306502  0.49966633033533747  0.50899172246751878  0.51805800819282277
  0.52918530712620482  0.54252042500355568  0.55421971831736927  0.56631484548828726
  0.57875138914900548  0.59073787552792223  0.60147798443808975  0.61007934527350227
  0.61630261768306338  0.62357309977333086  0.63078784651324693  0.63848578131317135
  0.64551431877142118  0.65296397727984901  0.66141143720173412  0.67179547552834329
  0.68402019902908395  0.69630531650179184  0.70786352267930874  0.71947343536729447
  0.72944267793173923  0.73797242151578291  0.74631830362118767  0.75503313450240783
  0.76350903474799903  0.77146796343589341  0.77886686287736651  0.78631866293782604
  0.79605829772670589  0.80843799176520459  0.81941842407099397  0.83012239875483995
  0.84045899680772507  0.85067984525547280  0.86033953292766763  0.87188960571490071
  0.88525497090145921  0.89681048263223795  0.90671027716553487  0.91610843412064491
  0.92572425019188931  0.93667832110425020  0.94710049040905386  0.95884872575768432
  0.97176711840504926  0.98170330988248200  0.99086682135084159  1.00000000000000000
 -0.00001989417862366  0.00024411451475168  0.00075375585373162  0.00140007277076900
  0.00254248199512935  0.00413432196335919  0.00631155022937497  0.00862169531688067
  0.01137010441301568  0.01437152468435882  0.01727149773047075  0.02045055291527775
  0.02386389018594430  0.02752348459696852  0.03165642990287337  0.03635623654942979
  0.04038442080012557  0.04395697494236669  0.04749373596276755  0.05173881253298191
  0.05757677124420618  0.06402249638547303  0.06998169634567203  0.07596582117847159
  0.08157528736478104  0.08741011481510988  0.09327518309797218  0.09851606580554850
  0.10398379964730585  0.11006247199987743  0.11633665663129550  0.12343506213760579
  0.13120368910804264  0.13888002474552438  0.14736845434651408  0.15668780285847134
  0.16704552559717717  0.17845669026392955  0.18887834395097020  0.19881989429018213
  0.20793465862971588  0.21803539426826640  0.22790587182673280  0.23747084068559896
  0.24712508627298144  0.25657395186826076  0.26556022924404432  0.27446346470561067
  0.28348720324141652  0.29260048215240014  0.30157529679766587  0.31073065733519906
  0.31997539493015353  0.32976026876031739  0.34102872128959272  0.35319905075039781
  0.36727991445130947  0.38113049888169814  0.39524807966763154  0.40907414893293265
  0.42179911147590521  0.43333412591531201  0.44414545272127282  0.45458396766857145
  0.46507866089616240  0.47547603329827276  0.48553803420084307  0.49629095223037195
  0.50703042379972640  0.51784654118284035  0.52862131595050310  0.53966432524017105
  0.55136169242862054  0.56385906891512649  0.57718628357247326  0.59190901532692630
  0.60728900751755888  0.62418114856516649  0.64213171734909480  0.66065702403381554
  0.67907509308871228  0.69690212299247734  0.71355493802258918  0.72984182390634589
  0.74663871172458307  0.76344969671435858  0.78176309998132354  0.80159265038083749
  0.82215713433325022  0.84388403822741265  0.86675873661781100  0.89066407518801216
  0.91579897422737244  0.94326520980952411  0.97132387963661893  1.00000000000000000
 -0.00168180538639874  0.00724988946485558  0.01638055176532950  0.02893103740939389
  0.03896384087552403  0.04837374549999122  0.05769265877848396  0.06731007029911965
  0.07962091488089516  0.09124629807972962  0.10175270631659614  0.11175567051516917
  0.12109992640382500  0.13031462601278210  0.14011726725622681  0.15147271609903584
  0.16418040770121201  0.17350487169986684  0.18147716596194405  0.18931682071196063
  0.19805182236520316  0.20818500899606990  0.21818695447039918  0.22731195653231762
  0.23699782818173126  0.24946478630768196  0.25944856772145919  0.27074596452716165
  0.28346427784867129  0.29584068323751750  0.30787911470756429  0.31875636567141441
  0.32915406691982824  0.33941564105209204  0.34952485484219498  0.35881593821850488
  0.36812793484255230  0.37816046885229720  0.38992936185363747  0.40472867728606088
  0.41846429853291284  0.42833626097882999  0.43711264798822552  0.44586618203583284
  0.45403394965123894  0.46150706215651538  0.46915299002461586  0.47854211376302602
  0.48922553984973927  0.49923229367083849  0.50856811160863247  0.51780747226938983
  0.52789365745606376  0.53823993867002629  0.55041969820486314  0.56524467624945651
  0.57878812187563622  0.58946309074328862  0.59721972511854671  0.60518730462289960
  0.61437966027940749  0.62443757617577056  0.63318831124611641  0.64154945428104793
  0.65073454899484628  0.66170020040697830  0.67280338241898197  0.68390705759129866
  0.69455208184146733  0.70543628823233395  0.71548749626666874  0.72653514661448748
  0.73690860755900955  0.74753081436461988  0.75993191554228146  0.77381161325446868
  0.78800957166468100  0.80242736417493798  0.81680306404035474  0.82991527166499135
  0.84491576520206502  0.85771934676933381  0.86930673622914101  0.87826738149508699
  0.88632875882606876  0.89399596592998420  0.90174290472344276  0.91014705832555642
  0.91932921226904418  0.93103657494777259  0.94297364401171968  0.95552519236946942
  0.96714450863395229  0.97801636575503281  0.98911366514614607  1.00000000000000000
 -0.00216935910616609  0.00741183874832375  0.01644134414296607  0.02570911144219637
  0.03578326645121773  0.04613734682656170  0.05652357353750066  0.06641466090353157
  0.07614238493658970  0.08469511676890557  0.09247738189480023  0.10100386831295757
  0.11118673596474288  0.12089295886056922  0.13031706857814845  0.13919635964920074
  0.14841520762864949  0.15931822292230260  0.17035961488254997  0.18234214008259492
  0.19409882684285065  0.20507844038238759  0.21636187855100650  0.22886456897283700
  0.24273680440721596  0.25675150866643404  0.26919014556580251  0.27925995504629836
  0.28826390348211506  0.29766692520827154  0.30704127121062924  0.31701217182138441
  0.32691784465687823  0.33794615542801792  0.35160127802242935  0.36424248124991021
  0.37620486143274318  0.39009042594190868  0.40144445552672409  0.41174295460544008
  0.42084090888631831  0.42967887294138724  0.43826008357400514  0.44743967096409409
  0.45668497929339047  0.46688168945810232  0.47748537919423090  0.48644356137083655
  0.49493619867350530  0.50377060015283115  0.51330716292671075  0.52247740757352634
  0.53117387171919439  0.54010390146932141  0.55130934889460836  0.56286927626621985
  0.57267348644228044  0.58236824826857547  0.59242800230461123  0.60246347979140058
  0.61257570869952249  0.62213408024577344  0.63319262238556839  0.64486469078003716
  0.65592957259187490  0.66710057575185877  0.67834572466234899  0.69111675759107338
  0.70411680088809858  0.71741730825590777  0.73107010341002221  0.74394009837204855
  0.75563633238203687  0.76677229507827638  0.77547468595110014  0.78518533061940143
  0.79729111547299514  0.80846791759126246  0.81944052421981894  0.82891443156640965
  0.83886366475878038  0.85061970579699331  0.86385745031935068  0.87762207947289994
  0.89327555327150687  0.90779326547163997  0.92044435092562960  0.92990107482299611
  0.93877917900618246  0.94882073448508930  0.95868614947338582  0.96679651798095234
  0.97458034835876672  0.98256255490428124  0.99171699306709871  1.00000000000000000
 -0.00326861811188908  0.00781061619747733  0.01890663550775003  0.03060269306117697
  0.04458503383302369  0.05853873232219357  0.07382017915157464  0.09014858841392639
  0.10450757187653437  0.11369901827611943  0.12243778581707516  0.13021509839433415
  0.13773704637597436  0.14566753215192371  0.15380764229211166  0.16196889509877266
  0.16941756612948811  0.17674494576539918  0.18516269543281780  0.19745925490176783
  0.21262608828476343  0.22699691190658813  0.24092374903001040  0.25407908834393539
  0.26574493824467993  0.27604463861119127  0.28701759050974940  0.29612134083405095
  0.30400134100091036  0.31114838942709705  0.31935555382780273  0.32751400527255708
  0.33537763908697049  0.34268346027731827  0.35032121370677388  0.35879852929093958
  0.36761614079201588  0.37636446299578763  0.38743826043916774  0.39862284080196908
  0.40960172287224605  0.42179328806772565  0.43277648846782091  0.44314090982698262
  0.45246341583288818  0.46186805814047255  0.47187848188571174  0.48283015615324998
  0.49573412426217200  0.50956540086919266  0.52291428096266868  0.53536195098503425
  0.54700627998902196  0.55775261496310757  0.56669046785473720  0.57559107915483054
  0.58448555586807305  0.59484477759773258  0.60852025967241319  0.62140622757584163
  0.63298313951026908  0.64359466992243453  0.65297813633998880  0.66221513784582620
  0.67112361891433647  0.67943767060230087  0.68704801630712253  0.69436438340619766
  0.70205647416999850  0.71164040829667630  0.72331764068604565  0.73642340776898774
  0.74978951647496361  0.76288956499848204  0.77586614472971260  0.78796384415690335
  0.79929279664319952  0.80969570343015007  0.81804920483792887  0.82623086041084104
  0.83452822647881209  0.84338368267048247  0.85238746218814676  0.86088979954151945
  0.86910650082460461  0.87936037742075535  0.89126150847549679  0.90338233130059564
  0.91549249545751898  0.92737878241395455  0.93930246367298087  0.95278886911892424
  0.96412800683842703  0.97589750057788127  0.98789400697832697  1.00000000000000000
 -0.00098060604536762  0.00710775220345823  0.01423237446288779  0.02112414431316616
  0.02754493231256797  0.03340048566617758  0.03969125159438865  0.04681137705633907
  0.05439206503194084  0.06238013743995123  0.06967980398919478  0.07787561499184480
  0.08646684513719419  0.09434300050254772  0.10119511305022783  0.10734539249011046
  0.11311121654828163  0.11934564930099820  0.12587835271507003  0.13209304945431433
  0.13810661726493181  0.14362979572064163  0.14836691033733204  0.15275918906789579
  0.15733719032553073  0.16211940520904680  0.16706783502908226  0.17204977978302005
  0.17657995100665538  0.18063215483635381  0.18459818835207700  0.18914625315208800
  0.19429413536163026  0.19978186521348906  0.20502102449421941  0.20999625791292048
  0.21453609842566021  0.21862606460735309  0.22277279535985073  0.22739151917272352
  0.23278469590665304  0.23878435478568608  0.24410437342943861  0.24892518700395494
  0.25322396952937859  0.25747669121784933  0.26211148670420881  0.26698026424864241
  0.27215538312089788  0.27741914177093707  0.28209462418420511  0.28693010342606179
  0.29161287142958447  0.29660562582417488  0.30164701400902849  0.30653869279949236
  0.31194041639350251  0.31746284490149645  0.32299574009098669  0.32791560475693871
  0.33262909910112537  0.33747036377536604  0.34244692655914810  0.34745799218259832
  0.35307804730091574  0.35902674282561192  0.36576075040402573  0.37180561200214818
  0.37853976343922258  0.38621581997328575  0.39486712036222898  0.40291705393052757
  0.41101358550557238  0.41859696651886824  0.42561798675201667  0.43284822454487931
  0.44096774588580551  0.44887025082281112  0.45856049084829459  0.46801965174655102
  0.47785469063043934  0.48778278295485999  0.49865738660585762  0.51224399373594565
  0.52861345100858659  0.54541713822931537  0.56127598345731811  0.57747303248243809
  0.59421292093207145  0.61447883699215955  0.63955177765334492  0.66731419039517281
  0.70183473813275321  0.74966530052402913  0.81927386691834003  1.00000000000000000
 -0.00321945743355873  0.01173874180470957  0.02470955548756813  0.03767253841659479
  0.04966560851195156  0.06042512731004251  0.07147827308287821  0.08228771409633218
  0.09296659972752018  0.10477055165116927  0.11395722978981471  0.12414554548463573
  0.13447308352356532  0.14513366334367925  0.16152800396012051  0.17904090317802152
  0.19115886825312953  0.20014140094641170  0.20888864516804126  0.21766254138717686
  0.22690965446526359  0.23685731144125632  0.24663517184635206  0.25734111625055922
  0.26818303210343214  0.27767853785525148  0.28706497240840345  0.29671806016650037
  0.30390834798369171  0.31108045651737237  0.31886985780921018  0.32776828075283843
  0.33680036436319921  0.34690591792143716  0.35747493482158521  0.37006782146490802
  0.38263219181099545  0.39581833899001240  0.40848016921656405  0.42066188482930539
  0.43128707649429288  0.44048226879215235  0.45083777827098936  0.46160066824535861
  0.47263726510389725  0.48338047020903074  0.49321997306856341  0.50188721032889283
  0.51289198782768886  0.52344498169900955  0.53166618088712636  0.54003157859333917
  0.54916633385127667  0.55852047759628010  0.56732162788314655  0.57575412011211480
  0.58336134575903809  0.59862980282419109  0.61311093323403876  0.62765533860692668
  0.64005544889439259  0.65037717608041523  0.65968682574930615  0.66804481761041135
  0.67764180999839951  0.68791483771190742  0.69841706467036901  0.71130700563408256
  0.72376899294145924  0.73530747491365989  0.74686162543555978  0.75941558154725675
  0.77219038473558443  0.78375012701711655  0.79295384668669122  0.80061637577434908
  0.80860394887331288  0.81695228139121601  0.82597084725260772  0.83618288540732089
  0.84684557143744077  0.85767375417570446  0.86961166027298931  0.88168847158456798
  0.89154353638477379  0.90179394023359138  0.91105741431577270  0.92077759460255315
  0.93156557574450138  0.94313183669307121  0.95374176990778226  0.96275652713829207
  0.97098240101940592  0.97947834317587545  0.98898662952244398  1.00000000000000000
  0.09099083215514429  0.17144472281766074  0.21666906080776085  0.25377497648856623
  0.28245248373344545  0.30661766828755793  0.32275436424803078  0.33519896631302337
  0.34545413736423247  0.36130816660461773  0.37706945916965756  0.39270772376556351
  0.41580315992097810  0.43832456548596099  0.45455497678467910  0.46767877834091953
  0.48030746702057647  0.49332359505063100  0.50640955332515791  0.51812082621512512
  0.52807963668598523  0.53684159757329986  0.54520992919864464  0.55324363811884081
  0.56144103972264714  0.57087647399550212  0.58168364590751875  0.59075849986432472
  0.59976993217159613  0.60849064460284552  0.61700745451593286  0.62469480112033460
  0.63158621988830976  0.63861001929842043  0.64609232097770508  0.65301750846368434
  0.65960856995424355  0.66533250214622586  0.67103730457165101  0.67655650298346592
  0.68240033125676591  0.68880528001060504  0.69532347395306415  0.70180602064772579
  0.70743428904506445  0.71216233385333660  0.71634370230955702  0.72079127648974917
  0.72577406255574262  0.73068320231978545  0.73512384217817339  0.73944957750612783
  0.74373340419018485  0.74808635354156194  0.75284915306064204  0.75753663779267555
  0.76225309313070166  0.76661436766122781  0.77042964396556346  0.77449112345102766
  0.77873087549004727  0.78310629498871975  0.78828875010293764  0.79399937387695052
  0.80085272070881452  0.80727326928725462  0.81327820589986255  0.81884098511112413
  0.82389574840314006  0.82871338483606860  0.83381729432735552  0.83876867473018091
  0.84419603189373871  0.84984740477506393  0.85534837605499192  0.86062462164093023
  0.86605083898801416  0.87182330000504826  0.87734661700439553  0.88223624944703960
  0.88734004792465793  0.89267861734146947  0.89803155008746083  0.90306424438440425
  0.90783995498574144  0.91222767743538824  0.91713213516814240  0.92275026315870534
  0.92879628121652025  0.93402943656617499  0.93968920341074669  0.94583945882755793
  0.95311456375688952  0.96190880402528967  0.97413422371190195  1.00000000000000000
 -0.02009827391969014  0.12148366240840315  0.16048076933313080  0.18155421881993836
  0.20096955582770643  0.22215117084109073  0.24189945038604579  0.25973572310550774
  0.27685276090975680  0.29168354080147157  0.30604458075461566  0.32011899310515390
  0.33387599967316156  0.34719620768748571  0.35774649233574246  0.36695472309526223
  0.37552907728263885  0.38323561127524319  0.39104530070824051  0.39918761423069876
  0.40652544807244201  0.41319281596515761  0.41996549417526885  0.42695559978682696
  0.43315469610720525  0.43897720262236123  0.44442125571492630  0.44977108952621808
  0.45438058550285176  0.45888063246288924  0.46376504112608574  0.47048069927320124
  0.47819640316825096  0.48474918729984873  0.49073590824858343  0.49655298414177468
  0.50210016866911988  0.50814634953520310  0.51417833363186727  0.52058803028406764
  0.52644725495057465  0.53244364133559596  0.53909608017230959  0.54580373539683902
  0.55168567940440050  0.55630723985167230  0.56061466992723830  0.56527007937159557
  0.57116874304510568  0.57688976506453016  0.58275561562890388  0.58909281924087975
  0.59581937770843374  0.60237469952620581  0.60948403577789190  0.61646739082125745
  0.62336342519759369  0.63007966599665954  0.63669817442038068  0.64310073826687020
  0.64968010565293954  0.65647169713331588  0.66352531602667220  0.67132420725837016
  0.67871945808019940  0.68617369004581241  0.69357306450137501  0.70041522441242554
  0.70734476332110074  0.71457843251515174  0.72210612345624547  0.72974158670566835
  0.73717351134790765  0.74408956259662729  0.75047026027021158  0.75652305273314657
  0.76311814233558006  0.77144414024960739  0.77849594184426962  0.78494623577458245
  0.79142950895177144  0.79691813484638963  0.80193261025093110  0.80668039532310565
  0.81183143495593968  0.81761542525062003  0.82424418202739946  0.83154978879212560
  0.83982593637337954  0.84852105384613197  0.85743895375674228  0.86764859160574714
  0.87999899546072291  0.90223516051526675  0.93371153218173208  1.00000000000000000
   2.2108364103731416E-011  -1.0000000000000000     
 F F F F F F F F F F F F F F F F F F F F F F F F F F F F F F F F F F F F F F F F F F F F F F F F F F F F F F F F F F F F F F F F F F F F F F F F F F F F F F F F F F F F F F F F F F F F F F F F F F F F F F F F F F F F F F F F F F F F F F F F F F F F F F F F
  <DiscreteSampler_grid>
  grouped_processes
  1 # 1 for a reference and 2 for a running grid.
  10 # Attribute 'min_bin_probing_points' of the grid.
  1 # Attribute 'grid_mode' of the grid. 1=='default',2=='initialization'
  0.0000000000000000 # Attribute 'small_contrib_threshold' of the grid.
  0.5000000000000000 # Attribute 'damping_power' of the grid.
 # binID   n_entries weight   weight_sqr   abs_weight
    34   10   1.210834074319984E+000   6.568088107572367E+000   1.210834074319984E+000
    35   10   1.210834074319986E+000   6.568088107572395E+000   1.210834074319986E+000
    37   10   5.227788824099568E-001   1.837770124067724E+000   5.227788824099568E-001
    38   10   5.227788824099574E-001   1.837770124067728E+000   5.227788824099574E-001
    40   10   5.227788824099572E-001   1.837770124067726E+000   5.227788824099572E-001
    41   10   5.227788824099575E-001   1.837770124067728E+000   5.227788824099575E-001
    43   10   1.163225936502002E+001   9.682463212492014E+002   1.163225936502002E+001
    44   10   1.163225936502003E+001   9.682463212492027E+002   1.163225936502003E+001
  </DiscreteSampler_grid>
