+0.0244623385737845 +0.0342081985500355 +0.0415552912100579 +0.0512378142446684 
+0.0609833442010154 +0.0707677071473328 +0.0805808794314091 +0.0905641316735232 
+0.1006957457210465 +0.1109700638401635 +0.1211867772433627 +0.1312886214318303 
+0.1413439426733560 +0.1513914974708261 +0.1615117032588966 +0.1717333254813733 
+0.1819539683900508 +0.1920817955500261 +0.2020882803525064 +0.2120584260520915 
+0.2221065957410395 +0.2323273860288324 +0.2426298189086217 +0.2530141273713317 
+0.2633162306571724 +0.2736566638252697 +0.2840098412004350 +0.2943835550333907 
+0.3047776386483901 +0.3152528849929517 +0.3258031226648699 +0.3362993996111783 
+0.3467035515221611 +0.3571787340094933 +0.3677580944084629 +0.3783421491554143 
+0.3889022118836883 +0.3995562887720008 +0.4103457440430227 +0.4211263793851490 
+0.4318953350290681 +0.4426431214427685 +0.4533642452069174 +0.4640693160534011 
+0.4746158704251388 +0.4851026520572606 +0.4954953611666568 +0.5059825350858965 
+0.5164951359992538 +0.5270417262182225 +0.5374500924062612 +0.5478925963295891 
+0.5582796919090639 +0.5687863697292802 +0.5792425519144170 +0.5896802799768572 
+0.6000935273908952 +0.6105412010125038 +0.6209800396092126 +0.6313641432720084 
+0.6417647360519668 +0.6521450114104687 +0.6625381975133616 +0.6728770060327259 
+0.6831639531823697 +0.6934740603988260 +0.7038231689246414 +0.7142291532418897 
+0.7246845107540162 +0.7350505271500738 +0.7454040034503329 +0.7557433842448977 
+0.7661342272343906 +0.7765384955269498 +0.7869093618710800 +0.7971684374463376 
+0.8074290532083349 +0.8175504170156520 +0.8276434075818424 +0.8377290643970787 
+0.8477361007499180 +0.8576527230297107 +0.8675010537004983 +0.8773531268836585 
+0.8872890348257959 +0.8973704621058893 +0.9075827905528532 +0.9177173893037374 
+0.9276857775574024 +0.9375934204839695 +0.9474699172842134 +0.9574153784665209 
+0.9665436538023392 +0.9687447828636372 +0.9687447828636472 +0.9748907722505905 
-0.0023750507702580 +0.0094771566445250 +0.0192021527450248 +0.0296625125861636 
+0.0402210469327545 +0.0506624267267930 +0.0610628387474351 +0.0714940320838562 
+0.0820845955085718 +0.0928450168142432 +0.1035880241617257 +0.1140334426017123 
+0.1244651874405225 +0.1348547785694803 +0.1453373243317460 +0.1556207245003154 
+0.1658516438165657 +0.1764311110942416 +0.1870246401275081 +0.1975513810403658 
+0.2079965013848780 +0.2186892849087583 +0.2293775668867301 +0.2399330325472264 
+0.2503486646889032 +0.2609965794279953 +0.2716236561897726 +0.2822512832054068 
+0.2928762273494647 +0.3034560054237588 +0.3142403824588350 +0.3246574901467597 
+0.3351715174899423 +0.3454388807467382 +0.3558200770933484 +0.3661739369463203 
+0.3764163037428440 +0.3868942571566666 +0.3974464734822609 +0.4080848486717115 
+0.4188943345125296 +0.4296527470499251 +0.4404646067509899 +0.4509542671675372 
+0.4613572088543752 +0.4716527370047751 +0.4820609639616715 +0.4923508093775726 
+0.5026489607360827 +0.5128928435369345 +0.5231779288656407 +0.5336142656520211 
+0.5439811945859114 +0.5546523676880022 +0.5652823484156003 +0.5760576692934610 
+0.5866710442434067 +0.5972356093936912 +0.6078069950789939 +0.6183415843489002 
+0.6287191639730706 +0.6392416553064676 +0.6499658910480846 +0.6608853050134017 
+0.6715429401882854 +0.6821111879284636 +0.6926432192231822 +0.7031667623952440 
+0.7136525861619017 +0.7243441355084479 +0.7350387945095945 +0.7458373359332449 
+0.7564806007107565 +0.7672441096342573 +0.7779973859244265 +0.7887896916613534 
+0.7993549403907613 +0.8098482843294503 +0.8201462630590944 +0.8306050298450389 
+0.8409869733557140 +0.8512744891539269 +0.8617446835169492 +0.8722770829084913 
+0.8832095953280434 +0.8939807662650554 +0.9045241629299430 +0.9151554681660131 
+0.9257018647133511 +0.9364387138803708 +0.9469119044054958 +0.9574517082756879 
+0.9680963843729361 +0.9787571602713531 +0.9894134089834470 +1.0000000000000000 
-0.0025964027934202 +0.0105024652119002 +0.0196475721553237 +0.0300778096321059 
+0.0406914237293345 +0.0512723411603828 +0.0619041202511586 +0.0724363609157424 
+0.0831844063069291 +0.0937043684569243 +0.1042663946399070 +0.1144288294075480 
+0.1246662499637696 +0.1349789619906444 +0.1453410089482808 +0.1558119450553727 
+0.1663889249602889 +0.1770989554958344 +0.1877588756691325 +0.1981872576025490 
+0.2086827132032900 +0.2192798407328667 +0.2298351411859531 +0.2403552145523222 
+0.2507839139906485 +0.2615007894024107 +0.2723127341170576 +0.2832918071615752 
+0.2941135993169060 +0.3048386731414042 +0.3155545030205607 +0.3261090627867398 
+0.3369257302031034 +0.3477236023985686 +0.3586098217952634 +0.3692234830537509 
+0.3797677119172021 +0.3902950150583894 +0.4007854442825073 +0.4112646892678625 
+0.4218145363001972 +0.4325434270335229 +0.4432743133323559 +0.4542182420660605 
+0.4650754006168568 +0.4761179435382698 +0.4868485842154039 +0.4974638696065485 
+0.5078334105253949 +0.5182083108277090 +0.5285647955378368 +0.5388756141093983 
+0.5491992776311694 +0.5596669736122029 +0.5701664523767566 +0.5806133892599301 
+0.5911681611147248 +0.6018124984154766 +0.6124524847378258 +0.6230658285501715 
+0.6336302970109099 +0.6441613789344194 +0.6544524192057242 +0.6646744055450710 
+0.6749782687230508 +0.6854742868479310 +0.6961350330854156 +0.7068312946231535 
+0.7172533129558999 +0.7276316302447882 +0.7382152636571221 +0.7489081842125517 
+0.7595452478343033 +0.7699623171914315 +0.7806592986015866 +0.7913349587885455 
+0.8017456045344331 +0.8120551837094608 +0.8224252975624337 +0.8327407154519807 
+0.8430480348775311 +0.8532282129235158 +0.8635568122880444 +0.8737696067597848 
+0.8840553158785732 +0.8944073885513993 +0.9050095504343426 +0.9156596277825125 
+0.9263456324340441 +0.9371792602481300 +0.9478532418730815 +0.9586145668039526 
+0.9689332432230096 +0.9793888182204472 +0.9896505757593285 +1.0000000000000000 
-0.0155538752489763 +0.0949862833986642 +0.1290883087383162 +0.1507805424912138 
+0.1687637583392368 +0.1842562239368907 +0.1981516644794629 +0.2108205252309186 
+0.2225676293071561 +0.2335879726882484 +0.2440022684612482 +0.2539323599424158 
+0.2634087633708266 +0.2725285161324410 +0.2812354408677458 +0.2897006954317353 
+0.2978746630242982 +0.3058050878853962 +0.3135639824708628 +0.3210586719998249 
+0.3284448985503552 +0.3356427188689943 +0.3427152046347415 +0.3497129701507756 
+0.3565715345971054 +0.3632835604060107 +0.3698984688003807 +0.3764316684489771 
+0.3828852097827098 +0.3892827776334126 +0.3956375045671034 +0.4019259935535245 
+0.4081281039157866 +0.4143165240342918 +0.4204217222857237 +0.4265055506695505 
+0.4325594557983660 +0.4385671166702267 +0.4445097276822337 +0.4504114550259241 
+0.4563017459673376 +0.4621734550860592 +0.4680338246355914 +0.4738898067867467 
+0.4797174039162075 +0.4855300314516531 +0.4913364946382646 +0.4971437201915955 
+0.5029278229344014 +0.5086794223104339 +0.5144295507728400 +0.5202010501352263 
+0.5260012927669655 +0.5318177124353868 +0.5376417325437455 +0.5434918629724965 
+0.5493817582432415 +0.5552952105479534 +0.5612298643094629 +0.5672218404769750 
+0.5732406083512240 +0.5792866720253655 +0.5853451750215757 +0.5914718389074569 
+0.5976307797615996 +0.6038486450009430 +0.6101663609875995 +0.6165624937684652 
+0.6230374257595970 +0.6296278696591545 +0.6363267217771867 +0.6430963420112404 
+0.6499594891960129 +0.6569310559627130 +0.6640061843397598 +0.6712619124568778 
+0.6786810605621231 +0.6861806714355816 +0.6939384316317889 +0.7018825556311235 
+0.7100615169154053 +0.7185212077336465 +0.7272284592793735 +0.7363351662792645 
+0.7458004328000407 +0.7557472322672225 +0.7662181438729403 +0.7773257133169201 
+0.7891618518119720 +0.8019174859554895 +0.8158677869063605 +0.8313992996549725 
+0.8494424691077189 +0.8712095946369176 +0.9055110069418364 +1.0000000000000000 
6.30104784085183e-05 0.12221511484593836 
  <DiscreteSampler_grid>
  Helicity
  1 # grid_type. 1=='ref', 2=='run'
  80 # Attribute 'min_bin_probing_points' of the grid.
  1 # Attribute 'grid_mode' of the grid. 1=='default',2=='initialization'
  0.030 # Attribute 'small_contrib_threshold' of the grid.
  0.333 # Attribute 'damping_power' of the grid.
#  binID   n_entries weight   weight_sqr   abs_weight
    2   3500 0.00023287173530759354 1.0394169890706978e-07 0.00023287173530759354
    15   3557 0.0002322431955010988 1.0531334399930915e-07 0.0002322431955010988
    14   3494 0.00023163059084231177 1.040134978280936e-07 0.00023163059084231177
    3   3441 0.00022639381924082294 9.961896746869118e-08 0.00022639381924082294
    1   80 2.786768324131095e-77 3.6417277383035342e-152 2.786768324131095e-77
  </DiscreteSampler_grid>
  <DiscreteSampler_grid>
  grouped_processes
  1 # grid_type. 1=='ref', 2=='run'
  10 # Attribute 'min_bin_probing_points' of the grid.
  1 # Attribute 'grid_mode' of the grid. 1=='default',2=='initialization'
  0.030 # Attribute 'small_contrib_threshold' of the grid.
  0.333 # Attribute 'damping_power' of the grid.
#  binID   n_entries weight   weight_sqr   abs_weight
    10   10 9965107.724658918 166012282785121.0 9965107.724658918
  </DiscreteSampler_grid>
