  0.00964646928410155  0.01667278911571384  0.02645777039177147  0.03766523436792544
  0.05181471076259040  0.06547477322284886  0.07693887716560095  0.08685076859637689
  0.09552475184348745  0.10546459021731612  0.11435941383751823  0.12234679944546788
  0.13341943142221316  0.14469258787841779  0.15732949367281698  0.17053884158258356
  0.18412448919573016  0.19633539365028674  0.20598713837936511  0.21428907955911763
  0.22235796561129462  0.23233193866726573  0.24228717697950700  0.25126352477956565
  0.25970842134788480  0.26586760402594461  0.27203396835562255  0.27835116655398462
  0.28509415168405283  0.29222555770193942  0.30041407475869603  0.30676695138170335
  0.31306339729113297  0.32045584019086493  0.32835833368655476  0.34174017596835515
  0.35555767997186949  0.36984997093499494  0.38324495768646821  0.39652981802177256
  0.40980480098293237  0.42233663751747358  0.43376615776161676  0.44403487827167681
  0.45438657971110313  0.46548080938610897  0.47893801290972809  0.48958829640702006
  0.49775552187967365  0.50506355699534500  0.51227307662473387  0.52046935266821592
  0.53005835999265161  0.53949110895541497  0.54783451245873471  0.55747978415708832
  0.56762855424238734  0.57832258193687780  0.58928815137127211  0.60038842535348047
  0.61147440429175492  0.62303059760791002  0.63547542313707284  0.64759892480220493
  0.65808901054771218  0.66745212689239641  0.67609764274961681  0.68468664926608269
  0.69487802374569163  0.70614062596402483  0.72002471848322847  0.73398364782641523
  0.74589816259175157  0.75673319139719775  0.76730511720384775  0.77838653686525250
  0.78864781719472643  0.79901472040114219  0.80912144642498718  0.81862463463922175
  0.82831053304627744  0.83857013549113857  0.84891673778435617  0.85913283227802340
  0.86896466429509445  0.87764243931133679  0.88907696801084035  0.89936558422717139
  0.91045860878386431  0.92585159637171777  0.94053032484193133  0.95082863028924791
  0.95984546276481664  0.96949030170393413  0.98294954247209121  1.00000000000000000
  0.00000325207556456  0.00000329787233490  0.00000336979186930  0.00000345847271433
  0.00000356215404258  0.00000369658286491  0.00000386752967215  0.00000404605238486
  0.00000418307665874  0.00000432132400414  0.00000448295023202  0.00000467027710580
  0.00000484704574264  0.00000502163612020  0.00000520377409551  0.00000541111086196
  0.00000564901256796  0.00000587954005174  0.00000611423053251  0.00000635809507616
  0.00000663042429003  0.00000700241414928  0.00000746727050479  0.00000792787077928
  0.00000840967984869  0.00000889056019746  0.00000928120152239  0.00000967135229637
  0.00001004596338612  0.00001042432736403  0.00001090055109582  0.00001139714999434
  0.00001186762990641  0.00001233676612613  0.00001275540460580  0.00001334613566616
  0.00001398737495517  0.00001471104789715  0.00001566042136420  0.00001658917771348
  0.00001741428493256  0.00001815584240607  0.00001892652102656  0.00001970208821103
  0.00002092326603445  0.00002205979967091  0.00002328028371072  0.00002462101426268
  0.00002589674917968  0.00002741903960292  0.00002868426919650  0.00002998549248201
  0.00003141836954477  0.00003287087509583  0.00003441491930337  0.00003615714807080
  0.00003800668155386  0.00003964461575937  0.00004188854736055  0.00004423389671897
  0.00004656569565268  0.00004923370525533  0.00005195522231997  0.00005472106163533
  0.00005765830329939  0.00006083042932347  0.00006448530941483  0.00006855197058605
  0.00007250090607683  0.00007652162641432  0.00008071274942284  0.00008604277974641
  0.00009342410645076  0.00009962699016045  0.00010557990452914  0.00011174980985735
  0.00011855369872604  0.00012672495666764  0.00013646667396764  0.00014825978147995
  0.00016203925981715  0.00018025201769071  0.00020049593889085  0.00022040793285967
  0.00023984100554552  0.00026579355100214  0.00030490760031032  0.00035801004470866
  0.00040638675621149  0.00046816890489833  0.00055849815619867  0.00071247382053696
  0.00096452230655244  0.00178301357361622  0.02438634971240568  1.00000000000000000
  0.00000011850504382  0.00000541287200674  0.00000819602682880  0.00001105874601038
  0.00001311062383292  0.00001515737877539  0.00001705650457234  0.00001868537748257
  0.00002020337092024  0.00002159114905715  0.00002292047765106  0.00002425225571854
  0.00002524397058339  0.00002631170962770  0.00002743370863330  0.00002877587345300
  0.00003039148306476  0.00003211631666278  0.00003404311201822  0.00003615140721290
  0.00003852769389614  0.00004106222323515  0.00004369238894845  0.00004632960053067
  0.00004895268838553  0.00005161969487348  0.00005414683662612  0.00005663727979045
  0.00005898915741816  0.00006113639413428  0.00006287161899659  0.00006496981230537
  0.00006713043477429  0.00006907969946863  0.00007092158368017  0.00007320406396011
  0.00007568528733832  0.00007828099741306  0.00008099301388686  0.00008402122519534
  0.00008679453181562  0.00008932211371931  0.00009168155150261  0.00009409946654304
  0.00009661639546758  0.00009914309480722  0.00010231729294536  0.00010530678562165
  0.00010858659868456  0.00011282189652431  0.00011687634615479  0.00012137941338101
  0.00012628209191696  0.00013105061547606  0.00013636085333235  0.00014157607733644
  0.00014730370778247  0.00015437824351002  0.00016175609351093  0.00016883718654237
  0.00017594066630121  0.00018271991409602  0.00018976516731798  0.00019750691378399
  0.00020556591698471  0.00021308341088853  0.00022135819152785  0.00023150098394083
  0.00024104500134055  0.00025095794043054  0.00026167200822353  0.00027457627603190
  0.00028937752305346  0.00030609775312986  0.00032412705403997  0.00034451976595466
  0.00036772881762289  0.00039532876097609  0.00042875616889671  0.00046918593051684
  0.00051397633797464  0.00056529697989846  0.00060847524877535  0.00065674356501590
  0.00070664958283836  0.00075502360918348  0.00080360368092918  0.00087890247998452
  0.00101462170144173  0.00128716121699552  0.00167606423521594  0.00197118158807669
  0.00225028952910272  0.00273214197686278  0.05539823264708894  1.00000000000000000
 -0.00218970353038135  0.01087896101688771  0.02092976282450169  0.03022298018757622
  0.03931684536810293  0.04970550196138789  0.06216272217230433  0.07340757927493444
  0.08323727154322563  0.09253531514742074  0.10197417065867599  0.11061199851298813
  0.11713945780359881  0.12412480871341817  0.13082317491142448  0.13833267393125365
  0.14600916174716330  0.15648563648741021  0.17045119226783348  0.18497481946187383
  0.19824177697107928  0.20914077170973303  0.21886899788778916  0.23002008796095133
  0.24336734637351007  0.25831731682936704  0.27131104133251333  0.28383650497480151
  0.29664405834065150  0.30992668293854708  0.32203525478844808  0.33379497503237265
  0.34599346107198981  0.35846725586549366  0.37006533297819921  0.37995213495506136
  0.38698404567185413  0.39357668604702134  0.40148870084345734  0.41076764352581491
  0.42360945114074350  0.43801479234843899  0.45028571278713314  0.46235225369248784
  0.47497422900634023  0.48742787988371367  0.49955804156002226  0.51136385414024677
  0.52293668133603310  0.53469365154022697  0.54612450391688683  0.55716419048524934
  0.56942507316023538  0.58002602541041415  0.58985702403363238  0.59948823231864123
  0.60916685795988179  0.61896613686924107  0.62912443195407475  0.63943453377654502
  0.64969682921046157  0.65981196781351792  0.66972800425577650  0.67881712379533987
  0.68973901129988313  0.70202736253280196  0.71175305863696703  0.72041621997013161
  0.72969597649079232  0.74196186633412031  0.75216775340891096  0.75988979283602320
  0.76701627054983690  0.77560103403659730  0.78606930724044199  0.79909261375605045
  0.81260339159172024  0.82700580425382231  0.84128439726579884  0.85496407869422797
  0.86841747176897910  0.88008197269329902  0.89176379920241633  0.90256219202304622
  0.91343964398028810  0.92320591445666167  0.93192829670453836  0.94115217473103885
  0.94989173062662446  0.95739213755081520  0.96362955309116827  0.96939390117680102
  0.97488392025942872  0.98080601293039138  0.99076744506996250  1.00000000000000000
 -0.00324191418306765  0.01262959199013976  0.02260732687658455  0.03112982540168813
  0.03855656405445212  0.04491689894062872  0.05297956211187035  0.06071626786035119
  0.06843259719963093  0.07734158448152520  0.08742829398201742  0.10020350770471884
  0.11047548734229665  0.11816100977638345  0.12520737611216048  0.13208253343765711
  0.13941539637637024  0.14909351953627950  0.15811424660027001  0.16701708303450633
  0.17611535209847140  0.18421933746298724  0.19105030652444815  0.19824318974149577
  0.20509290186223916  0.21115047227570591  0.21808361938393145  0.22503054416090867
  0.23265930761184092  0.24106466941444332  0.24949357520597917  0.25987759556738327
  0.27100317254090922  0.28192952530105114  0.29316530622670189  0.30505055082562249
  0.31605443346590495  0.32865551270954796  0.34100093999336095  0.35532358578724638
  0.36791022233164256  0.37747047023081376  0.38578118331850081  0.39342429035588877
  0.40169173010143749  0.41257068699107202  0.42562476136183802  0.43880769677832249
  0.45281772328278425  0.46621449189824010  0.47968723006657926  0.49142782994515188
  0.50209616261294698  0.51232323811665814  0.52257525898249346  0.53334604074058189
  0.54484715599622990  0.55605621370650271  0.56658729529876928  0.57615100670675579
  0.58609741968207119  0.59607985440224043  0.60574233588650250  0.61532412325293850
  0.62510502215721098  0.63574165188082654  0.64726960674682865  0.65954190952496305
  0.67236493322307711  0.68483100645590445  0.69684707280586800  0.70818057892604247
  0.71944463964670891  0.73112057358662874  0.74309208999423793  0.75324071988210783
  0.76337815779946261  0.77421194302437679  0.78546068758764775  0.79724408532830082
  0.81098957051480691  0.82543745550509051  0.84027503486386146  0.85302910532188769
  0.86299794924375017  0.87280368271673514  0.88363549812973163  0.89628749324462942
  0.91007764387661727  0.92376239152526873  0.93750984316819697  0.95133231693649567
  0.96537598461110830  0.97829867162020279  0.98941776773883450  1.00000000000000000
 -0.00195466801639397  0.01060843507555281  0.02091385685221311  0.03123678853252910
  0.04050827766428702  0.04931903715138607  0.05840738006844513  0.06880017085741694
  0.07837303752666752  0.08829061622966719  0.09734327508103531  0.10672004594602541
  0.11643142905425737  0.12570815647022837  0.13494188151358769  0.14489484520937271
  0.15571439638817811  0.16775621256875639  0.17942882582966177  0.19148370608487783
  0.20416771537286743  0.21644233600141954  0.22881639978065249  0.24106667565491874
  0.25165139590761043  0.26064615440918643  0.26930359424955830  0.27901829460548122
  0.29059893440750628  0.30355611914494585  0.31705708132024507  0.33159001449220477
  0.34691498658433445  0.36113524550184417  0.37285306271099050  0.38218910840131248
  0.39033818156255895  0.39902312198632939  0.40595881499658026  0.41341729277507810
  0.42157760308764153  0.42830306005876295  0.43569387739242860  0.44423083508523109
  0.45202972432911065  0.45881553950909898  0.46547064856555087  0.47214352189742115
  0.47836158147028973  0.48451963109715274  0.49112553488669730  0.49938151853256030
  0.50843537325249410  0.51723059861131715  0.52921858937920208  0.54139828919497357
  0.55134507482098893  0.56014411296873201  0.56901732660002835  0.57960615767169299
  0.59075686118570547  0.60221655328046453  0.61412910273398591  0.62492359241512607
  0.63611438093075312  0.64779650285091317  0.66131581580011889  0.67528915889329844
  0.68804730197424402  0.70044424194514820  0.71315195321123037  0.72529046421304433
  0.73729240992671941  0.74933887290415202  0.75967947052179441  0.77090348457365776
  0.78059475069473583  0.79145219496419805  0.80136183235720537  0.80959285925932112
  0.81779108733988959  0.82682360920786135  0.83805215749535700  0.85250543259613698
  0.86897333113790554  0.88603493406117506  0.89957141835773657  0.91135934699830967
  0.92176617760021606  0.93239147636362507  0.94364846070923347  0.95584988987411490
  0.96632182941310629  0.97682314597707143  0.98836744144111877  1.00000000000000000
  0.00008050668544097  0.00010434363454431  0.00012818058364765  0.00015201753275099
  0.00018639827786013  0.00022216333071363  0.00025792838356714  0.00029322913712729
  0.00032811055526104  0.00036299197339480  0.00039785636652131  0.00043252980762080
  0.00046720324872030  0.00050175311442166  0.00052298046138609  0.00054420780835052
  0.00056769903901295  0.00059289375712723  0.00061952635556381  0.00064750735206712
  0.00067679389556575  0.00070673494185313  0.00073783164973056  0.00076946430985660
  0.00080229544393979  0.00083405538364660  0.00086542426187722  0.00089819341290862
  0.00093047439067346  0.00096219733162430  0.00100679834219948  0.00105485550174647
  0.00110619526963797  0.00115879491453528  0.00121249490756466  0.00125854305216322
  0.00130400913046702  0.00135121673622040  0.00139829433923853  0.00144482610312175
  0.00149833088755604  0.00156588141676270  0.00162741685026536  0.00168890104873457
  0.00175091524484351  0.00181481991961524  0.00188211068245008  0.00195606938344863
  0.00205000467868858  0.00214562637258878  0.00223446824427757  0.00231762584593624
  0.00239961961389989  0.00248417144670914  0.00257063610382347  0.00267714798042643
  0.00279176887329623  0.00293304384989783  0.00312020547644183  0.00328379080888755
  0.00343043100818605  0.00356881795699771  0.00371380126742722  0.00384993414809508
  0.00394543646720371  0.00405500331886229  0.00416850874710456  0.00427781874259561
  0.00441020186541508  0.00458844729669253  0.00479078765837888  0.00514043200360437
  0.00563639918120372  0.00609051002004924  0.00670211148892209  0.00704827306421115
  0.00717418485639631  0.00730024712150472  0.00742651578371935  0.00755264503924343
  0.00767813221875727  0.00780361939827110  0.00817064650996218  0.00902761920404712
  0.01001978515737423  0.01061730865377162  0.01111150912236625  0.01207363428376100
  0.01387042415205406  0.01495570507037285  0.01574081227089881  0.01649811308367025
  0.01794031510716960  0.02014476143547212  0.08953952268455058  1.00000000000000000
 -0.00316729306870046  0.02095060939486616  0.04550477319320086  0.07058937074644475
  0.09238612424365361  0.11146518349728958  0.12928740111991774  0.14135225043977512
  0.15184453241192683  0.16243207483395256  0.17709598450437528  0.18849254452098896
  0.19933243784293947  0.20890254136544983  0.21507125228108592  0.22362261507017617
  0.23402201014796642  0.24583050528646705  0.26050707784298704  0.27310551867280469
  0.28289989454210429  0.29173189943876626  0.29804522782623050  0.30348345657182813
  0.30921528850794594  0.31498500144664732  0.32289317250684307  0.33124894362252177
  0.33910990195771656  0.34793001609560470  0.35621025161408199  0.36443110517721133
  0.37250318778187491  0.38115399359483210  0.39075663599147387  0.39976799415966902
  0.40716841387427788  0.41394247390184985  0.42119061573826561  0.42858926848791501
  0.43559340382794726  0.44233933692158045  0.44927519134323385  0.45651809437148488
  0.46298363481801347  0.47031162101941565  0.47772397856809767  0.48490863804342654
  0.49151828987168528  0.49729441145241499  0.50311488185850073  0.50938443966437230
  0.51587273036624359  0.52312465128061558  0.53162494170377683  0.54040253669155958
  0.54825449176001251  0.55511994623570626  0.56156529627638241  0.56746549060882867
  0.57283127189092509  0.57768191660154466  0.58246350457785512  0.58772246334714362
  0.59400430076744692  0.60043549040526256  0.60644783164293403  0.61226597136120309
  0.62011466732095644  0.62775778768763191  0.63641040440023744  0.64619152290662130
  0.65711217389650256  0.66910016523956273  0.68019412733535012  0.69076746359321584
  0.70112235608898199  0.71125438522159423  0.71990636020087762  0.72917192402153064
  0.74056199634054742  0.75271598367158410  0.76311025432519408  0.77395548326780106
  0.78630718718219805  0.79788244937873798  0.81097956451158004  0.82579777664835474
  0.84427048394728321  0.86380065372604253  0.88101866797287687  0.89989092655467051
  0.92552201473664109  0.95100776557608158  0.97218238209511898  1.00000000000000000
  0.03223337281742336  0.14190053170289893  0.18132143873563203  0.22098152412652447
  0.25819996777928012  0.29095190894663092  0.31826947983508830  0.34273947990560588
  0.36409336471164627  0.38414725170265790  0.40285775801850776  0.42273560334501620
  0.44224174100664598  0.45883703045437996  0.47423304632354601  0.48956157740605594
  0.50458117478555875  0.51855463360677723  0.53255124615787330  0.54666442538176718
  0.56061064951597062  0.57498791297362450  0.58821031233520571  0.60018026427278925
  0.61159062536943021  0.62257012871432671  0.63241840464172439  0.64179458971443937
  0.65088489025138851  0.65960243185950296  0.66805073335058351  0.67604647561553388
  0.68356201357135482  0.69084153681375338  0.69812587508936808  0.70495107095999865
  0.71129755767350200  0.71759100281057497  0.72404744268526477  0.73051815366307804
  0.73650457156199667  0.74183590501159935  0.74708002844870203  0.75220843592827591
  0.75773247122889298  0.76377633808399381  0.76988507154907004  0.77579756772873909
  0.78118270514762345  0.78632915893174549  0.79167643225673523  0.79710483545118216
  0.80267958022641683  0.80888337391768028  0.81477247374607431  0.81958719506319078
  0.82421671506173644  0.82867153989578057  0.83318728299374023  0.83798409086321146
  0.84302860902821919  0.84730521944431125  0.85105983593991119  0.85461793335493630
  0.85829416787569413  0.86265592869647290  0.86759771798479024  0.87081766448496056
  0.87404957492080604  0.87726396358324532  0.88044511334149334  0.88390895898335653
  0.88822899599357563  0.89264950807955912  0.89680318331410247  0.90084179528459973
  0.90470135093226833  0.90851373153401449  0.91256361166953481  0.91671693265350396
  0.92168628074500802  0.92663795725242648  0.93059197718970732  0.93389355883181857
  0.93751642288302739  0.94122673290052128  0.94486866605927511  0.94859645993041652
  0.95264160506885398  0.95764593140623189  0.96336251784129701  0.96920002769452995
  0.97505464312295997  0.98174052115413590  0.99006704575992643  1.00000000000000000
 -0.00793124284573085  0.06137618837393550  0.09390895052777978  0.12229721503356028
  0.14333730934330391  0.15976187233551156  0.17370015490250976  0.18700305492131816
  0.19840011625504714  0.20808379659363360  0.21625737726330083  0.22430460397798552
  0.23223942564171723  0.24085800206889560  0.25007828884808336  0.25767909186833149
  0.26564493592317961  0.27565221305471688  0.28462506165446771  0.29217070193157069
  0.29887321322540161  0.30603403057535067  0.31163226062474492  0.31643836523980173
  0.32103069672265977  0.32595956467878578  0.33167565240872682  0.33831870034463996
  0.34523356969346114  0.35148746038296486  0.35748286160352916  0.36418361960858464
  0.37072869021584781  0.37718262771661182  0.38341971325155844  0.38966733975164386
  0.39558560435608614  0.40136410927919580  0.40743636887475365  0.41329363950672265
  0.41966032770228695  0.42628578433011444  0.43361457779779938  0.44013615629835795
  0.44524370493390053  0.45083240002963848  0.45544120770114183  0.46002533559447661
  0.46470654112551663  0.46995901833120057  0.47487942877434680  0.48015692668698096
  0.48538671853173976  0.49042139744494545  0.49562718683179430  0.50106184633472961
  0.50742749179825086  0.51492585787659251  0.52225735514154059  0.52980591502929075
  0.53697239046637246  0.54363161265399729  0.54999510432691834  0.55612490402112480
  0.56269892702012203  0.56980172125608053  0.57668272531076104  0.58358572850505430
  0.59062321740480173  0.59761876517679713  0.60467542171132294  0.61097796234586133
  0.61711621568550157  0.62324343258127213  0.62905668223379352  0.63626104317675880
  0.64584281043519720  0.65414400717685595  0.66207623983231723  0.67008434753767754
  0.67810046027666493  0.68750333634227190  0.69620314260468785  0.70543019680506192
  0.71491844973534957  0.72484635904125883  0.73573864952134893  0.74838365469986579
  0.75928147879350971  0.76975683444012066  0.78069820479825303  0.79292983523602734
  0.80828202019741557  0.83199380804006884  0.87179060186300950  1.00000000000000000
   1.7400461991915613E-009  -1.0000000000000000     
 F F F F F F F F F F F F F F F F F F F F F F F F F F F F F F F F F F F F F F F F F F F F F F F F F F F F F F F F F F F F F F F F F F F F F F F F F F F F F F F F F F F F F F F F F F F F F F F F F F F F F F F F F F F F F F F F F F F F F F F F F F F F F F F F
  <DiscreteSampler_grid>
  grouped_processes
  1 # 1 for a reference and 2 for a running grid.
  10 # Attribute 'min_bin_probing_points' of the grid.
  1 # Attribute 'grid_mode' of the grid. 1=='default',2=='initialization'
  0.0000000000000000 # Attribute 'small_contrib_threshold' of the grid.
  0.5000000000000000 # Attribute 'damping_power' of the grid.
 # binID   n_entries weight   weight_sqr   abs_weight
    46   10   1.207213898356405E+001   9.313163427244042E+002   1.207213898356405E+001
    47   10   1.207213898356406E+001   9.313163427244051E+002   1.207213898356406E+001
    49   10   9.277830758113442E+000   2.445900564707942E+002   9.277830758113442E+000
    50   10   9.277830758113463E+000   2.445900564707946E+002   9.277830758113463E+000
    52   10   9.277830758113438E+000   2.445900564707940E+002   9.277830758113438E+000
    53   10   9.277830758113463E+000   2.445900564707946E+002   9.277830758113463E+000
    55   10   1.154123474496556E+002   4.300436634290665E+004   1.154123474496556E+002
    56   10   1.154123474496560E+002   4.300436634290681E+004   1.154123474496560E+002
    73   10   1.207213898356405E+001   9.313163427244039E+002   1.207213898356405E+001
    74   10   1.207213898356405E+001   9.313163427244044E+002   1.207213898356405E+001
    76   10   9.277830758113444E+000   2.445900564707941E+002   9.277830758113444E+000
    77   10   9.277830758113460E+000   2.445900564707946E+002   9.277830758113460E+000
    79   10   9.277830758113442E+000   2.445900564707941E+002   9.277830758113442E+000
    80   10   9.277830758113463E+000   2.445900564707946E+002   9.277830758113463E+000
    82   10   1.154123474496556E+002   4.300436634290667E+004   1.154123474496556E+002
    83   10   1.154123474496560E+002   4.300436634290682E+004   1.154123474496560E+002
  </DiscreteSampler_grid>
