  0.01021280373003441  0.01382811358585035  0.02066825405154031  0.02840912720996286
  0.03663949390210051  0.04685284847827991  0.05930446808089595  0.07182233428134407
  0.08379465149808983  0.09435517654167676  0.10311207693838252  0.11195294268981348
  0.12021164580254395  0.12880094627933589  0.13977617263722084  0.15289556424000322
  0.16476773789191240  0.17574073777235810  0.18609012750932438  0.19775100025247139
  0.21103431276539777  0.22403772356612570  0.23464603190151756  0.24444591532216967
  0.25245904601831054  0.26000287239322112  0.27191807909767379  0.28630599218047592
  0.30004170739164143  0.31243952087610977  0.32560597506862926  0.33833231465033226
  0.34913543766832167  0.35987487771216359  0.37210275191965658  0.38371170159998019
  0.39458978972089892  0.40561106219564869  0.41227048073338113  0.42059890673740147
  0.43151574424713601  0.44421173550910920  0.45626221036602704  0.46730776451040151
  0.47975865398575090  0.49397152050058896  0.50859826988413059  0.52337719981854702
  0.53667218129749050  0.54766889017015807  0.55833405435675754  0.56969762660306567
  0.57867455944297019  0.58735413449375284  0.59641333087269499  0.60643867535832285
  0.61658059877369020  0.62537178175385055  0.63326519495543365  0.64066995421451001
  0.64838599886606396  0.65778411145240456  0.66760921019883324  0.67590310402536302
  0.68357346006669994  0.69238663330672501  0.70029172407796814  0.70771038276358456
  0.71585026543596719  0.72717586009776514  0.74163084394845424  0.75580507164896282
  0.76639322185937975  0.77320739513920234  0.77691152522024010  0.78187549019254787
  0.78926163247452996  0.79693819150202549  0.80362166372193278  0.80995942678141974
  0.81644050813812541  0.82247189997457604  0.82842027312401723  0.83666676903593218
  0.84710452338671760  0.86056119869257020  0.87511025537665543  0.88944638533366716
  0.90259007619892406  0.91499253816442361  0.92793693494897200  0.94462220152296672
  0.96016112259330866  0.97152456372887841  0.98482392148618647  1.00000000000000000
  0.00009488318450208  0.00010968674181180  0.00011162040590447  0.00011243713898067
  0.00011313967201708  0.00011373730587161  0.00011430923616656  0.00011482860502262
  0.00011538073442846  0.00011597191584639  0.00011655857096727  0.00011712259793560
  0.00011767236479859  0.00011827497648422  0.00011892772724223  0.00011959222685301
  0.00012026568754657  0.00012105129911463  0.00012177809547171  0.00012257526181907
  0.00012333376773481  0.00012406902915738  0.00012483565118640  0.00012573294098265
  0.00012672235037098  0.00012763316299795  0.00012857406109685  0.00012963632654742
  0.00013051699634673  0.00013123662661230  0.00013192234951646  0.00013262098805043
  0.00013338854561571  0.00013423458446214  0.00013509027081881  0.00013592308900650
  0.00013674700143236  0.00013756100164927  0.00013837453528116  0.00013921528952905
  0.00014003673766487  0.00014094613141493  0.00014192407033166  0.00014301793266731
  0.00014410183049735  0.00014483429136442  0.00014588907048651  0.00014731026970978
  0.00014866194900879  0.00014968268088795  0.00015117031131316  0.00015264973872436
  0.00015400841068873  0.00015534731345100  0.00015672241155891  0.00015808633506918
  0.00015973869085416  0.00016180969180299  0.00016425592770507  0.00016703812017132
  0.00016972437863779  0.00017239229136643  0.00017511697076472  0.00017752111578817
  0.00018002287256032  0.00018232824731495  0.00018493316808957  0.00018744315290564
  0.00019007638561340  0.00019312953364216  0.00019672720431094  0.00020055906122224
  0.00020441930066522  0.00020874131105465  0.00021343391523160  0.00021874220002436
  0.00022481682176868  0.00023167407287352  0.00024062086139437  0.00025085985528218
  0.00026301779454123  0.00027730329064944  0.00029294081850047  0.00030779062817758
  0.00032342000220184  0.00034236825020407  0.00037081198690564  0.00039467031424605
  0.00042236344974401  0.00045315257204289  0.00049830887655155  0.00057528350212085
  0.00071492266575774  0.00096513542582429  0.08373958703366553  1.00000000000000000
 -0.00007498415726157  0.00101457980463597  0.00347253094685233  0.00703831245007760
  0.01051901097806631  0.01460565324207798  0.01962236987374899  0.02546355833510098
  0.03255529546733098  0.03982498778952506  0.04738103125286092  0.05566341366063698
  0.06291296977658510  0.06985840111610191  0.07680744326411548  0.08665822914312322
  0.09573172852063570  0.10190055440658885  0.10767521293314411  0.11323232804191970
  0.12021113866796798  0.12917420000729865  0.13648982221303865  0.14256868435908290
  0.14873987905258090  0.15611717782741169  0.16456588786475734  0.17431727092479465
  0.18555584581583487  0.19662094094644406  0.20766060645672099  0.21851651047503706
  0.22858888449854950  0.23847893057632599  0.24831390860738109  0.25788858368828049
  0.26822056384339354  0.27606732331892925  0.28462563236823613  0.29315902178426423
  0.30214400443958705  0.31398860206456219  0.32924022892689470  0.34613689685255439
  0.36401662459394818  0.38247452316318686  0.40138977264536163  0.42045880534403490
  0.43738734529007633  0.45481590914800096  0.47084330918324369  0.48532619198508198
  0.50080587864129078  0.51885170308803030  0.53861177944167926  0.55836361966011905
  0.57423716369714284  0.58918360511125656  0.60414095272350266  0.61836098810087770
  0.63191101399323313  0.64438361929771848  0.65262071680207756  0.65853927332604667
  0.66557866702615109  0.67377116154808747  0.68057490172373403  0.68936052551670823
  0.69944064490016600  0.70931920044863361  0.71830774749110571  0.72991971670602351
  0.73878709121505981  0.74782535346630463  0.75807565833828172  0.76933528591974509
  0.78341150858112807  0.79844306771314921  0.81296592146507862  0.82699866992427573
  0.83883911098077812  0.84886668202036841  0.85778963532448527  0.86617309571707524
  0.87514621045122987  0.88450009258564233  0.89356936760759209  0.91152834058137322
  0.92643972873598734  0.93930370217360015  0.95088335143176006  0.96138050335036240
  0.97123446893595111  0.98072220880047933  0.99001196305098693  1.00000000000000000
 -0.00254619891165271  0.01149380694227356  0.02208127935627610  0.02984456984368031
  0.03997291011879873  0.05051254581654326  0.06070271237469424  0.07126681132021204
  0.08125142323739454  0.08832545482822662  0.09595272327778946  0.10217583441488774
  0.10767752270575615  0.11425304198560177  0.12174495042991705  0.12914120547659530
  0.13808119672131075  0.14388930204252293  0.15163473563490162  0.16395606110591787
  0.17838035279892817  0.19124285646605763  0.20276250158258327  0.21363655989544819
  0.22485146608429421  0.23276592857867076  0.24003367248976604  0.24768203057931543
  0.25638999791760053  0.26888931474494487  0.27881672993740741  0.28782177018995703
  0.29908556785147944  0.31120111470118778  0.32152121984799770  0.33310731139269845
  0.34920025762490109  0.36400512397703683  0.37580674246117973  0.38792763183057888
  0.39953700633373490  0.41193420228364169  0.42572996610802261  0.44016606605783409
  0.45422216217074118  0.46614443017442142  0.47533526316384023  0.48305974099669496
  0.49079716569029175  0.50000055236011476  0.51074530827523301  0.52161897056815176
  0.53333351182739530  0.54246199174936349  0.55084416816385029  0.55916935989232619
  0.56735818247096936  0.57520698972408313  0.58311024137430345  0.59389282801909371
  0.60402286873911160  0.61436453655093026  0.62727656977292179  0.63990077979254967
  0.65229436491880000  0.66292301383527241  0.67394964394712331  0.68467386935751962
  0.69690901162724284  0.71098072665243284  0.72399728626734072  0.73594800003765737
  0.74707414479197476  0.75780262705839418  0.77008091049268845  0.78265821423424065
  0.79335845208223155  0.80391699676026629  0.81374382309332216  0.82610040865945378
  0.83927185641883528  0.85332046890135704  0.86559526618280058  0.87697959061284825
  0.88779511192099547  0.89896832258447512  0.90925004014796329  0.91797307915082904
  0.92570697171582017  0.93277458228614252  0.94041391816261177  0.94926941946961074
  0.95964605270478065  0.97217000737341497  0.98602648963712203  1.00000000000000000
 -0.00252225341681450  0.01186538116644658  0.02376754567984189  0.03577748327341689
  0.04552332341908387  0.05446034987934145  0.06578129341773907  0.07964296284709085
  0.09236211686917417  0.10347762186307966  0.11545033023851303  0.12718208114286675
  0.13912905306516979  0.15152694043334727  0.16322141419469280  0.17549733022440461
  0.18687846888090018  0.19625556975430483  0.20664159074285246  0.21866680260844473
  0.23049997826370633  0.24171296296759781  0.25308751351730396  0.26446781280088844
  0.27421468782357838  0.28136661892593956  0.28896656850820851  0.29655111858964595
  0.30303234387071099  0.30948184992700306  0.31665981908682289  0.32286200995553005
  0.33018854307250611  0.33831032344748563  0.34698803746249735  0.35647469248298108
  0.36721034122917290  0.37767924940327796  0.38789991926016953  0.39811936046296176
  0.40912570198997361  0.42073039734540402  0.43347301073001521  0.44865674838373704
  0.46247441616058127  0.47083258078957352  0.47780026961871341  0.48433971647914054
  0.49151331356577832  0.49963022520454520  0.50871053389288301  0.51806895054322710
  0.52857631798761673  0.54104310859754179  0.55395535771505899  0.56738023415119399
  0.58237145196996354  0.59234214140208397  0.60135571899641205  0.61040124231581072
  0.61967130916522140  0.63270418489824476  0.64729806702418857  0.65894456271373614
  0.66968437613403875  0.68056752573255863  0.69071188029199770  0.70075845648162161
  0.71084873605105348  0.72144868222516478  0.73376677954107927  0.74774421109357225
  0.76164782259922492  0.77443965312910634  0.78606974652077410  0.79475829393574615
  0.79995262274576062  0.80812195403932718  0.81620505782244590  0.82362702723117720
  0.83117536030881334  0.83851848390462136  0.84491002406568183  0.85006633056672609
  0.85804731460629757  0.87153738116880475  0.88645095463854429  0.89908862368821840
  0.91053491031013056  0.92257771150276247  0.93362811495074294  0.94565706520032600
  0.95782691472286907  0.97093573379235076  0.98291684772472399  1.00000000000000000
 -0.00258919548358601  0.00994824133636914  0.02140369874826144  0.03170143255093334
  0.04152898434992732  0.05159793665634464  0.06235768984126030  0.07240903456090522
  0.08076633383101094  0.08903872620618079  0.09818054726839924  0.10954445327124687
  0.12010757610569683  0.13413215636540396  0.14744423385699224  0.15854248459295878
  0.16785045505518209  0.17691669500687685  0.18695883302840360  0.19756048032886411
  0.20793564272831733  0.21779178375014929  0.22722232510415863  0.23730543029091131
  0.24874252133271396  0.26177677036952501  0.27472280620193501  0.28467828627344050
  0.29192731746536499  0.29857256747602023  0.30508219681928289  0.31257864481705150
  0.32065810365140018  0.32862457675524703  0.33532201701834380  0.34128967193639081
  0.34748425503636521  0.35475755750131266  0.36248134691007150  0.37024544899841688
  0.37673020698729281  0.38285860474735850  0.38863220406667298  0.39551618023326490
  0.40558014803195225  0.41815676428317172  0.42897748245525857  0.44051809180764123
  0.45226004300198686  0.46596453429178653  0.47914064794977562  0.49058947564317346
  0.50136034711276189  0.51153806547991165  0.52292234594837550  0.53590612729873743
  0.54917879040141082  0.56293186960950825  0.57767712576267505  0.59278471255944831
  0.60512771822689249  0.61965143017844526  0.63216068419335592  0.64516297785551069
  0.65905788779034924  0.67241163715021079  0.68450843715614373  0.69440908641702970
  0.70356305843930711  0.71343775504137608  0.72593363002137679  0.73781020019361310
  0.74938095944484939  0.76427823643647086  0.77627137094953136  0.78749663305702833
  0.79792492826562245  0.80709056359142795  0.81769661380216807  0.82679179217683629
  0.83421322513603657  0.84222645237276739  0.84948014913537961  0.85858410994809131
  0.86760237822254249  0.87751722052334513  0.88772450859084440  0.89967382465909207
  0.91227225758766184  0.92446035590874642  0.93921340286968136  0.95160371142546474
  0.96409485471084033  0.97612287109805240  0.98814909442026255  1.00000000000000000
 -0.00169111378692541  0.01253678058234275  0.02623983877391643  0.03764582749212819
  0.04759203956486029  0.05560539028759770  0.06368101262537398  0.07017170801292404
  0.07655331064038298  0.08384663364712316  0.09302438282077347  0.10276286118920146
  0.10808935588723498  0.11316193697184039  0.11795667477391343  0.12329699880827068
  0.12892621275177657  0.13534580764719878  0.14097446887002693  0.14692470218189199
  0.15410980266026506  0.16324492709564339  0.17369587239139220  0.18445604586093800
  0.19555174044535056  0.20622432673840568  0.21755994530206024  0.22834640254156219
  0.23779018500157581  0.24416878286111623  0.25247202718872780  0.26140450798297510
  0.27174686116455188  0.28395075618182369  0.29710086434074445  0.30929018684838772
  0.32232554763797383  0.33608655293075040  0.34678855378554985  0.36051890844914392
  0.37549646758232880  0.39489708006092461  0.41151856689851796  0.42332259002384209
  0.43449802800784554  0.44555585453625546  0.45910927518096462  0.47408262542528529
  0.49198280628716240  0.50660781421237844  0.51831933265872321  0.52920157512540311
  0.53990340962226036  0.55021757188143328  0.56171571417929045  0.57440754692291085
  0.58706651026260226  0.59808746861419915  0.60767440365207037  0.61736193837124931
  0.62722240341393642  0.63892639403962981  0.65486027068137553  0.67408334162941419
  0.68973654990372524  0.70146213631452248  0.71133354164203311  0.72049664688783477
  0.72985538136794093  0.74009500905183789  0.75006087686664924  0.75951733367889196
  0.76997464980238128  0.78235939802122756  0.79565971429591920  0.80823104458652251
  0.81900282116317080  0.82795231296979965  0.83588923783153246  0.84389112681885869
  0.85475150065331673  0.86706636733088238  0.87827031479444373  0.88728700750170431
  0.89559568649151733  0.90651499297485427  0.91886581178623117  0.93190195279442334
  0.94153901464645073  0.94959920866580183  0.95731818512173295  0.96676851212111614
  0.97674802292465512  0.98623496336331962  0.99430958716106044  1.00000000000000000
 -0.00111365557175423  0.00673290099655200  0.01373878401551957  0.02139195661050549
  0.03108730642556707  0.03869089297902314  0.04603162822377663  0.05306094194163591
  0.05981562242054156  0.06636556597838277  0.07388899253075092  0.08248286680150985
  0.09126053728198312  0.10132260379809806  0.11376824878957317  0.12916123112760536
  0.14465757412214120  0.15494017917308331  0.16395852726021584  0.17299185484307097
  0.18203813593942830  0.19062895857350723  0.19659152624677267  0.20155490541972379
  0.20624426699522586  0.21127238701967857  0.21966182748978189  0.23102676964382068
  0.24661097919262123  0.26134676929894801  0.27398641887184289  0.28494882202585253
  0.29581076250092297  0.30720865729815156  0.31994114657984402  0.33616782683220675
  0.35130936549035463  0.36269583345542905  0.37170267431618709  0.37983231103329429
  0.38906137879182406  0.39840874136872473  0.40747523729720631  0.41756225717864204
  0.42754883426781926  0.43760763266976588  0.44742201751224475  0.45602632246450536
  0.46610354930594278  0.47557221921230836  0.48720205648669945  0.49979857951482598
  0.51045900816915446  0.52099044630135960  0.53228354097725927  0.54438339678274950
  0.55725094565349831  0.57073246748760820  0.58430892049653782  0.59535258334323149
  0.60635888903003965  0.61820350792389900  0.63056674194865436  0.64232579458561334
  0.65292361186638703  0.66250703241690567  0.67282178419609684  0.68502888854872801
  0.69684399880604631  0.70826567689186526  0.72063740752755068  0.73234786951700526
  0.74304155053223797  0.75301381049063010  0.76394904746064352  0.77472848678184547
  0.78619386967105720  0.79744466557325488  0.80913914504686568  0.82231366659071881
  0.83598101593060514  0.84765461293757560  0.85701611927582255  0.86593845516876700
  0.87433782799140414  0.88188647166892931  0.88888985392259490  0.89751092874007932
  0.91065223250945970  0.92236931493983410  0.93288632731553944  0.94428150211976214
  0.95709969909944059  0.97030169984056647  0.98319247288415157  1.00000000000000000
 -0.01381173921889088  0.37331982811187397  0.42049867614375747  0.43282889825212933
  0.43927299487012056  0.44430078606744139  0.44842297823381833  0.45207919590927198
  0.45542675971073371  0.45858178983621395  0.46176907791247629  0.46452069942293345
  0.46700381312137107  0.46993945731601011  0.47298671144377830  0.47628849699712877
  0.47973364086493409  0.48283319693605287  0.48633519327769598  0.49063950390270489
  0.49455076136853166  0.49745533973407735  0.50013556137586590  0.50222495192670058
  0.50460956934472867  0.50739966273818582  0.51028058008432997  0.51341525220239892
  0.51597421498854845  0.51802493275522343  0.51988356039394668  0.52248649061910390
  0.52511141698111663  0.52763233463104464  0.53023217590665039  0.53243145297300043
  0.53435735688523123  0.53610051606962561  0.53782242843191186  0.53997327730836553
  0.54295548501229918  0.54663626435588930  0.54983444059354802  0.55231229086404021
  0.55467965818926113  0.55724943507771962  0.56013349158458692  0.56367592144825429
  0.56761339350622220  0.57141213004747327  0.57494321148503935  0.57829347247612994
  0.58171721678197397  0.58494833090497389  0.58769775190750417  0.59086670430427413
  0.59438562095212544  0.59784700400339941  0.60137856620899144  0.60446026861582391
  0.60737415425618047  0.61096217727023805  0.61453111846927444  0.61809651117167552
  0.62166821530042515  0.62497505493135674  0.62843170831951223  0.63153254894055522
  0.63458923880101470  0.63782474949162504  0.64216255481713524  0.64728569985571727
  0.65197543171826988  0.65614299112721353  0.66086959469682427  0.66599594159697062
  0.67131849848581138  0.67944593346098547  0.68757521147593625  0.69585221754735094
  0.70421276067359617  0.71112945095604141  0.71846214030472200  0.72616443852152313
  0.73462220409896561  0.74369329762809844  0.75529155647010038  0.76888531433744711
  0.78283092665843090  0.79702419368340049  0.81318289793919252  0.83065227654486651
  0.85304172489413599  0.88107857783976851  0.92123147658854476  1.00000000000000000
 -0.03107827547344529  0.15248094282693775  0.18775037577268208  0.21432200156288972
  0.24322820175382212  0.26733978279122972  0.29080668741288762  0.31174189357918403
  0.33378963464601857  0.35566120870539136  0.37275047070168066  0.38721372681012173
  0.40211867037178767  0.41608416821322308  0.42400843519933473  0.43213994881436807
  0.44067039751546955  0.44936705206435951  0.45853743654102513  0.46494224237834442
  0.46921488926086424  0.47519623288026047  0.48879272519769740  0.50354003621906784
  0.51418593335542662  0.52232889721233222  0.53006506864295488  0.53780593668085475
  0.54684288708178719  0.55574064382287391  0.56568839222217970  0.57658955645937693
  0.58842289391129199  0.59710105593740515  0.60409428901415863  0.61008104103642125
  0.61629730798795868  0.62225978221655598  0.63060827411172615  0.63857253683366333
  0.64604097467900734  0.65172190013529263  0.65695994229129184  0.66245694974863611
  0.66820492221804184  0.67459964152487673  0.68127179724781073  0.68693954847826200
  0.69234774938282917  0.69721267387980357  0.70202331747801783  0.70708027541924645
  0.71187783486115785  0.71663359603382237  0.72158617647441126  0.72584747384544968
  0.72984454964470546  0.73337396842867786  0.73749590775483120  0.74105063322456732
  0.74438886571661744  0.74772427444167955  0.75124768144579446  0.75514842989930764
  0.75901442448824774  0.76243969982892768  0.76586502162007186  0.76926274241518489
  0.77259920140658689  0.77563333071937424  0.77906638504654913  0.78258223981242070
  0.78588496070962377  0.78962125080072154  0.79436574689424488  0.79906508552618694
  0.80375261272727805  0.80870040400780985  0.81352870125385179  0.81908068285750957
  0.82534078573196168  0.83210684761901899  0.83904289437009172  0.84601425680869213
  0.85316839598338390  0.85986598387550794  0.86646882969546890  0.87333142930516161
  0.87920458722011841  0.88574736795564724  0.89391428126559136  0.90176119478335248
  0.90870472602509555  0.91956468702032867  0.93868265670376849  1.00000000000000000
   1.7312556751452871E-010  -1.0000000000000000     
 F F F F F F F F F F F F F F F F F F F F F F F F F F F F F F F F F F F F F F F F F F F F F F F F F F F F F F F F F F F F F F F F F F F F F F F F F F F F F F F F F F F F F F F F F F F F F F F F F F F F F F F F F F F F F F F F F F F F F F F F F F F F F F F F
  <DiscreteSampler_grid>
  grouped_processes
  1 # 1 for a reference and 2 for a running grid.
  10 # Attribute 'min_bin_probing_points' of the grid.
  1 # Attribute 'grid_mode' of the grid. 1=='default',2=='initialization'
  0.0000000000000000 # Attribute 'small_contrib_threshold' of the grid.
  0.5000000000000000 # Attribute 'damping_power' of the grid.
 # binID   n_entries weight   weight_sqr   abs_weight
    22   10   1.301108565556305E-001   9.410724489861855E-002   1.301108565556305E-001
    23   10   1.301108565556305E-001   9.410724489861869E-002   1.301108565556305E-001
    25   10   3.654261338631935E-003   7.410892656738054E-005   3.654261338631935E-003
    26   10   3.654261338631937E-003   7.410892656738062E-005   3.654261338631937E-003
    34   10   4.242668786411432E-003   9.844350627385454E-005   4.242668786411432E-003
    35   10   4.242668786411432E-003   9.844350627385451E-005   4.242668786411432E-003
    40   10   9.877761141847988E-002   4.112440100755718E-002   9.877761141847988E-002
    41   10   9.877761141847990E-002   4.112440100755722E-002   9.877761141847990E-002
    43   10   8.292797891737619E-003   4.727876733354770E-004   8.292797891737619E-003
    44   10   8.292797891737622E-003   4.727876733354770E-004   8.292797891737622E-003
    52   10   8.772172043216881E-003   5.306985029782968E-004   8.772172043216881E-003
    53   10   8.772172043216883E-003   5.306985029782968E-004   8.772172043216883E-003
  </DiscreteSampler_grid>
