  0.00674137243266406  0.02882443413154405  0.04519832490998112  0.05666607101043699
  0.06883005155410279  0.08130369890168976  0.09375720337199414  0.10577890815992377
  0.12530353364426675  0.14394937430802918  0.15680510799042768  0.16718977357460346
  0.17743555362722530  0.18833979809502305  0.19957793757038186  0.21073000929757793
  0.22102675066322700  0.23344012680260587  0.24285849377620761  0.25222902729533769
  0.26267410958002779  0.27223800227418804  0.28533560601507107  0.30137352614867879
  0.32053561879603337  0.33749745685473836  0.35156406420420649  0.36612671255804385
  0.38149073342079909  0.39636838393328550  0.40762807734968842  0.41829792055857740
  0.42950726497116493  0.44024171926607547  0.45055688242791997  0.46116054762732905
  0.47740282981742899  0.49541886189492285  0.50666152433980394  0.51328014245277320
  0.52042739625427092  0.52638364805752591  0.53145038890436158  0.53602844137370276
  0.54173109593889701  0.55019525291063842  0.55809536192651066  0.56894901285496802
  0.58273938812442871  0.59687687842535342  0.60973758993344773  0.62543148595084819
  0.64107167989975256  0.65146507483619587  0.66106220328198861  0.66953563356370815
  0.67639610751789647  0.68239550860569076  0.68922067870398751  0.69693943436480488
  0.70669317511158414  0.71936882915384837  0.72938518944322528  0.73629504434341575
  0.74233249351095509  0.74970613601214375  0.75794578177203931  0.76265528146747741
  0.76642810864249555  0.76956071372237222  0.77262936142131178  0.77716888448778809
  0.78410544060582377  0.79152125068833190  0.80139897709038477  0.81067589957925601
  0.81875476966158789  0.82883861135902104  0.84172541636413389  0.85502963127081566
  0.86575717681090625  0.87477489454240731  0.88426323494007808  0.89260066914701308
  0.90239716923919633  0.91333824854763190  0.92414620667075509  0.93634138029544645
  0.94199368258207472  0.94724512141597583  0.95566944406455567  0.96519393996423430
  0.97457897437951269  0.98342039662607283  0.99007145894815041  1.00000000000000000
 -0.00008599550636760  0.00000876264751953  0.00010352080140665  0.00019827895529378
  0.00036921126362711  0.00054044047037971  0.00074784019850041  0.00099412639941515
  0.00117922050244684  0.00134212916307133  0.00148854792490430  0.00161557566349083
  0.00174271014929847  0.00187055261994860  0.00199839509059872  0.00225030984519561
  0.00261574109734888  0.00406603760775997  0.00556848072860593  0.00713456026748155
  0.00876977896652205  0.01092244985560158  0.01354974666882587  0.01549862266065696
  0.01799745257228546  0.02100384837977656  0.02405398762202242  0.02779817544571428
  0.03098912158144548  0.03417177037383739  0.03718783072986884  0.04114086115584500
  0.05379547011176739  0.07363276167363753  0.09485728931727366  0.11628203274238340
  0.13938223769422894  0.15707645900509196  0.17205299472056415  0.18839971699105354
  0.20753053999643800  0.23012752324121982  0.25101011751492858  0.26838304645018368
  0.28420730603566269  0.30078298385144975  0.31731544520537330  0.33593275914920473
  0.35415529871648666  0.37272332479306369  0.39249865810188594  0.41561082036531000
  0.43987226718062955  0.45993863802251761  0.47537103783215157  0.48940289414366817
  0.50527863154548391  0.52494068323594001  0.54248480451596026  0.55756474432682346
  0.57083660028802707  0.58132989874911190  0.59368984998219876  0.61211897566597451
  0.63494946226565518  0.65694638519284121  0.68011391542152666  0.70344982802846545
  0.72289623932561731  0.74189027443857802  0.76219923384315891  0.78222439716439585
  0.80224565121763691  0.82078255285814949  0.83828820243216706  0.85952685360209746
  0.88495622856909950  0.90090960765703632  0.91467952655065898  0.92588558136178456
  0.94159171506410078  0.95915627365908773  0.97034175020118041  0.97635954964133798
  0.98207744609891967  0.98814513075506616  0.99165693131376342  0.99270974481662055
  0.99376255831947768  0.99481537182233482  0.99581027209283302  0.99664821767426648
  0.99748616325569983  0.99832410883713318  0.99916205441856665  1.00000000000000000
  0.00000285431992873  0.00001468138123662  0.00001781565597888  0.00002063492510268
  0.00002297795789661  0.00002472966118091  0.00002589331280003  0.00002704745640251
  0.00002842930803784  0.00002953606705275  0.00003073394328723  0.00003176301175063
  0.00003260684314257  0.00003331284081853  0.00003385232435320  0.00003425023135057
  0.00003458272602657  0.00003492363001460  0.00003529068882085  0.00003576134728447
  0.00003639951680599  0.00003706589635155  0.00003760333152654  0.00003810263258286
  0.00003846076283501  0.00003882145235617  0.00003915296753825  0.00003963904025133
  0.00004035520824730  0.00004097860004283  0.00004161792531862  0.00004223139891154
  0.00004285805680549  0.00004346445000611  0.00004403628941168  0.00004445075986794
  0.00004485855810507  0.00004524925157197  0.00004562621258204  0.00004604622964753
  0.00004646301136843  0.00004684579133830  0.00004729469088624  0.00004783798311160
  0.00004835590531463  0.00004885768548621  0.00004936721322337  0.00004989906421238
  0.00005049934135079  0.00005114258941202  0.00005179392132033  0.00005242325275432
  0.00005296224776404  0.00005338078997247  0.00005379214937965  0.00005420301280871
  0.00005469502278129  0.00005524446557009  0.00005587009985803  0.00005654453576438
  0.00005736330372950  0.00005816086540223  0.00005884840654799  0.00005976367836933
  0.00006067760181021  0.00006167495846282  0.00006286562389670  0.00006433382458581
  0.00006610505527209  0.00006812122594523  0.00007040355990223  0.00007305369388532
  0.00007611309220592  0.00007834145943701  0.00008041383440183  0.00008256004623441
  0.00008554162545943  0.00008901903618193  0.00009285235333676  0.00009698277100173
  0.00010268926944987  0.00010925715605647  0.00011697394711816  0.00012562209489528
  0.00013467721328848  0.00014458906393423  0.00015949262996434  0.00019917213065939
  0.00027505705743209  0.00033043791706438  0.00038083478799501  0.00046163762240489
  0.00060175083321224  0.00097949465933491  0.00664567918149667  1.00000000000000000
 -0.00605898209396203  0.02611358195620208  0.03969675876465097  0.05286394042678287
  0.06490007234643375  0.07723076716271482  0.08965869973054938  0.09846808882009521
  0.10565549012603687  0.11228057885192098  0.12115183303798498  0.13009052391440154
  0.13935263024444472  0.15162267880772726  0.16432062102433312  0.17250832464665944
  0.17935356347439468  0.18754225094122326  0.19393487484938746  0.20070578921017457
  0.20873985040339260  0.21676181542960751  0.22197881991411308  0.22623015929974899
  0.23372002249610166  0.24220389911541718  0.25134706120372702  0.26107166438091634
  0.27088702514793728  0.27753137620307139  0.28201113416654011  0.28622060653972814
  0.29074546369111953  0.29644950934077657  0.30466249107283344  0.31611936722802969
  0.33518813197113256  0.35271733707288239  0.36906050854768835  0.38390887949023011
  0.39610706412379232  0.40812356624491741  0.41975366293254901  0.43019737586094564
  0.43833326913337284  0.44775436132249608  0.45907244766544214  0.47316774628339758
  0.48679132084949395  0.49837853463149268  0.50892908909846923  0.52139700704048619
  0.53513340526821362  0.54673251975082071  0.55588015669773305  0.56412468576097097
  0.57754414302607093  0.59285230495806551  0.61191137203518364  0.63341126540327575
  0.65132993671066353  0.66497930100217162  0.67640383739258003  0.68766468055494179
  0.69678658987767317  0.70709472376957949  0.71741367266027711  0.72756841540673978
  0.74061735753784708  0.75378921615818240  0.76992785924777207  0.78294894606751098
  0.79344656007575898  0.80344060883152457  0.81282210344183992  0.82066194026476824
  0.83371935477606207  0.84870808314659141  0.85973857058056069  0.86987070475927242
  0.87925895465620718  0.88870863502627440  0.89807849991375188  0.90933545907634894
  0.91634469700924281  0.92332073845866136  0.92886261462776121  0.93325362792044297
  0.93732548807361415  0.94143326201317168  0.94574958834182099  0.95344834172581316
  0.96406775942482181  0.97513072754603436  0.98626515523794978  1.00000000000000000
 -0.00315474385601592  0.01920413175631468  0.03648342335161611  0.05207914605201519
  0.06308256972930425  0.07338110115674255  0.08240372976202642  0.09091966450179054
  0.09973373095886284  0.10881701363219760  0.12087162705601587  0.13424206507350447
  0.15044411037162522  0.16709617914415126  0.18332455582887691  0.19524419519687328
  0.20358280546632973  0.21172614897573586  0.22290707499477372  0.23314093561504967
  0.24348854782548690  0.25175487171870953  0.25888011157812796  0.26660123288456183
  0.27268865877256121  0.27878304568155610  0.28621325581502666  0.29405210258511538
  0.30099856057416730  0.30871179663452120  0.31788080715307804  0.33062943791782612
  0.34699167867662195  0.36579480229538530  0.37955571304754865  0.39046166508651992
  0.40122818861451887  0.41243520435224723  0.42249374341018936  0.42768217955572280
  0.43274202096218556  0.43741741286910246  0.44255473508287041  0.44869081492900081
  0.45448503056119971  0.45993768720307943  0.46722752592560701  0.47481048042702378
  0.48583046215120823  0.50017925381759831  0.51540803819741199  0.53082839009416860
  0.54584502872279816  0.56127690338067138  0.57702763902724508  0.58766700809798011
  0.59583766853729769  0.60370509669743644  0.61000157313160452  0.61601781397320809
  0.62257441374429534  0.62923221639699578  0.63558770616446780  0.64146587218220830
  0.65182486266727502  0.66759780139353064  0.68372352203051345  0.69870688178866991
  0.71065551719721698  0.72172278214313790  0.73125473973240418  0.73888017277838969
  0.74500488038367418  0.75104625562885263  0.75704745858327482  0.76302091427086682
  0.77220453162989078  0.78302386827529324  0.79342847527600069  0.80789757594216094
  0.82316733562015820  0.83888681203035409  0.85758635879466982  0.87681535265948818
  0.89114020200484034  0.89967009947794208  0.90805418853719622  0.91622662113677855
  0.92415069690459539  0.93527644009516431  0.94511974845661251  0.95448179176079850
  0.96329904605097050  0.97465195740515143  0.98696673660423084  1.00000000000000000
 -0.00287035877426797  0.02137736881526471  0.04247740255669015  0.09225575750882622
  0.16424402975817443  0.21541840873096121  0.25249912752595566  0.27941594849906842
  0.29757307638596042  0.31470552478031993  0.32856058662711529  0.34075884241997378
  0.35286474336867790  0.36398115042951673  0.37499535031647724  0.38412623908683408
  0.39169228123241023  0.39900289325701738  0.40615839447189006  0.41306582622319044
  0.42089891125361029  0.42927746613486611  0.43806464649274490  0.44730399631941220
  0.45611183620550022  0.46452047748168512  0.47292424751817880  0.47877844437938938
  0.48370147089952775  0.48916990005365807  0.49479051972871191  0.49855479288401172
  0.50118821313705275  0.50404187188239091  0.50817444830252445  0.51289814105764042
  0.51706583880642043  0.52151348545890153  0.52604923621846800  0.53110478792684213
  0.53640738770597929  0.54342100569685192  0.55360922812916125  0.56427961791754011
  0.57142721285740183  0.57873649185471843  0.58696989526511334  0.59745668656392015
  0.60888780500930850  0.62119700051452320  0.63322770067320466  0.64203917352723117
  0.64832942261730708  0.65291103919833127  0.65719551119353992  0.66287637185784531
  0.66902117098870939  0.67574847634286750  0.68676286342790360  0.69426381650471791
  0.69979543572950120  0.70565083237632598  0.71119749100901564  0.71791258520078649
  0.72457934911342226  0.73070307837474713  0.73684306995423343  0.74304176131807054
  0.74989806851429441  0.75719876345682169  0.76415323207194208  0.76872151027994917
  0.77373133326462240  0.77937441074501645  0.78597978508146782  0.79419741738818850
  0.80433750000392168  0.81216067717318519  0.82078827909197105  0.83025749351177436
  0.83882380117672128  0.84695367225030482  0.85334933787457856  0.86030662726603180
  0.86690116347746227  0.87431621877148735  0.88500604317138021  0.89627595819591599
  0.90753030212839825  0.91656887160310707  0.92752196848780188  0.93954335697406177
  0.95145201295536208  0.96868718396901399  0.98449996062474576  1.00000000000000000
 -0.00093721861428633  0.00403224895803795  0.00862123829930586  0.01455736368611581
  0.02062089551808612  0.02744228206394600  0.03355267882686660  0.03788614445371706
  0.04327708465527501  0.05450084705573333  0.06889998152551809  0.08550901841285705
  0.10455896688879610  0.12160847773126686  0.13776941040966961  0.15165336543507574
  0.16305194445685559  0.17468796857603738  0.18891873277734841  0.20395894496887146
  0.21830226208330591  0.23220082485965812  0.24677169927783277  0.26416314408960501
  0.28149732448195264  0.29452083199204715  0.30207323531703240  0.30817183372464391
  0.31458562068731294  0.32252148912936751  0.32773603309406085  0.33248657288706296
  0.33688846948917806  0.34408799771072401  0.35584449883836855  0.37172180148914180
  0.38618488882578167  0.39849292580100371  0.40992612817183816  0.42251496636660529
  0.43074138618781616  0.44070406993638001  0.45058952799876956  0.45945774495552527
  0.46727141614028106  0.47502478780037038  0.48359405249463133  0.49355879726119112
  0.50500469189022057  0.51650124901397187  0.53020554207731141  0.54681893559384964
  0.55803146353924804  0.56801225420713031  0.57732409857722888  0.58849759239220578
  0.60037081505794765  0.61077098465733104  0.62043735109398235  0.63067486621009095
  0.64245985992473931  0.65603711852931124  0.67277862386171383  0.69062939840943383
  0.70190045249553157  0.70926729977300984  0.71642324824202908  0.72332987036855334
  0.73086038085037053  0.74107358030417592  0.75288319932133552  0.76482069056988111
  0.77870784657672987  0.79302895043899757  0.80775601177514367  0.82183286473770867
  0.83225829378311256  0.84290239532127909  0.85364424855613374  0.86431745608855626
  0.87644339283371275  0.88935981338817505  0.89970573405019416  0.90625312450972040
  0.91569714469988506  0.92490364085917298  0.93207614521765436  0.93912268712949776
  0.94667502026272976  0.95443566956391668  0.96187330780856362  0.97092996338387305
  0.97850188624156664  0.98522988251231502  0.99250103832087722  1.00000000000000000
 -0.00242155317001264  0.00960446869555191  0.02320251131941447  0.03484403731957943
  0.05262649972890229  0.06726080196680878  0.08020113547409216  0.08832366897372927
  0.09314212607178149  0.09778493125296062  0.10242238558534497  0.10827204965601517
  0.11717522775265431  0.13002616927690691  0.14313571483802706  0.16208553931522776
  0.17506377026623685  0.18642518649400383  0.19475916528311601  0.20145918703113358
  0.20929778159276929  0.21962148965927192  0.22774219876063248  0.23772920695096364
  0.24887509117180742  0.25838138833722990  0.26697663827852119  0.27455111567747448
  0.28150242060596570  0.29235445657542208  0.30019495951473962  0.30880795367976444
  0.31720306087365968  0.32645392426472986  0.33704501213643345  0.34797580904372577
  0.35924973577458413  0.37238092125606231  0.38290841070872461  0.39206464066127572
  0.40150784456700039  0.41151082265225997  0.42255193535172231  0.43498563278594510
  0.44640089933044014  0.45809261559980763  0.46802944046220113  0.47793138506134070
  0.48707623729191557  0.49659757933572701  0.50769226093733333  0.52124221457961228
  0.53061138803127328  0.53949855586776763  0.55006403718371288  0.56338821920715076
  0.58246793212475223  0.60281153637565998  0.61792846829163961  0.62891602420476045
  0.63783103266364594  0.64676155333201446  0.65677178006301229  0.66483370795555263
  0.67624787360141370  0.69234372730258975  0.70785191099468758  0.71835750181685121
  0.72602451983003247  0.73186615206597461  0.73608800942071673  0.74067783466307813
  0.74491782492163128  0.74862720693867579  0.75229966060546749  0.75664197705724356
  0.76172651122017321  0.76550901183311904  0.76942823619099832  0.77668157223629086
  0.78479288992918450  0.79545653805106942  0.81045331501582962  0.82466278362140288
  0.83638970197346330  0.85008007000645525  0.86441074382261784  0.87938474285533430
  0.89486233298367901  0.90858423434526381  0.92181541934826894  0.93546090226116574
  0.94928632700206350  0.96424351584740942  0.98122614171400357  1.00000000000000000
  0.04276418922874937  0.09573988137360953  0.15143586018428695  0.19811489390670678
  0.23709771856624537  0.27115019234002635  0.29858572950261980  0.32126572140045212
  0.34226784688743006  0.36101774205971027  0.37572483726529554  0.38937056271712756
  0.40089220708721823  0.41002394304844392  0.41692190862732192  0.42209587906817098
  0.42633983481124615  0.42990613953485568  0.43297383592240835  0.43551113768526206
  0.43736436293817504  0.43916798664156625  0.44084591305039272  0.44255209653770139
  0.44411510516848868  0.44569185647313225  0.44729530356504121  0.44888256538590793
  0.45175602379724533  0.45461288354568086  0.45724698483052856  0.45962121964233910
  0.46198507965064156  0.46413781828978906  0.46628318731848117  0.46850905457714570
  0.47067878646663808  0.47276092896718797  0.47490679217940535  0.47697814570631786
  0.47882303887598426  0.48053872832897954  0.48251157889302615  0.48509447902577862
  0.48746559355066138  0.48947107106382692  0.49135568384928957  0.49313530511418119
  0.49503799095232770  0.49728566461188084  0.49948111576573312  0.50160795993125229
  0.50353669817987223  0.50532319858541463  0.50694454774642428  0.50884553980260794
  0.51050194548607697  0.51205410273219987  0.51380583830596260  0.51538312645349627
  0.51698875110179776  0.51861286736593237  0.52002001831540123  0.52147284992669762
  0.52304868775776925  0.52471756769779754  0.52637346291633291  0.52810871272435578
  0.52965367775463124  0.53112619836718833  0.53260919197360135  0.53412309288130655
  0.53571470550193978  0.53733053938698772  0.53899605279078977  0.54000198802378441
  0.54088884744450771  0.54190630693791286  0.54292182504595699  0.54389635151674554
  0.54525364281117661  0.54704194631307435  0.54953687165057430  0.55315068839338910
  0.55680012875828699  0.55989293216131841  0.56652438419681217  0.58686083558743074
  0.60609596375172103  0.63868603314456818  0.68470879397281181  0.73150839173609272
  0.76994358183916756  0.79853808887582245  0.86317946703436110  1.00000000000000000
 -0.01594412472915037  0.09416469122029790  0.13217733637245213  0.16629165919062483
  0.18873230743195829  0.20395081286714681  0.21783581195294829  0.23463556511295375
  0.25501140217380119  0.27426636244200753  0.28369746400491613  0.29135871847420114
  0.29711822890468781  0.30233351668881375  0.30702679959103063  0.31413326500850774
  0.32160896177826798  0.32820655071525850  0.33331678819003030  0.33883607149242756
  0.34491478188744285  0.35128254806994225  0.35735292130077462  0.36430313733333447
  0.37247547567760964  0.37867492454699087  0.38506219844437523  0.39071467651987135
  0.39614461677199059  0.40319597179979932  0.41088838430611824  0.42094551033632061
  0.43114968219794608  0.43831083979129448  0.44504398707533444  0.45146574672294543
  0.45841189590177311  0.46578363449922777  0.47778453312353225  0.49001590403365552
  0.49940368132358798  0.50544502718912399  0.51031814837808698  0.51504919171292474
  0.51872878659225696  0.52252829176094184  0.52714812537986344  0.53345304856074849
  0.53912829763249892  0.54423573927431224  0.54907000833989739  0.55353983580179800
  0.55698917893979893  0.56032619641519943  0.56448498453143481  0.57070985465861668
  0.57703055835018668  0.58261861378912116  0.58787970642851073  0.59277885423973609
  0.59910852524312908  0.60507484127372457  0.60961045833168592  0.61303123620059596
  0.61668834020978947  0.62029016433106998  0.62388637975245920  0.62803736686829648
  0.63278207197638581  0.63797011680459026  0.64348960600703975  0.64935058189533279
  0.65401124890842954  0.65755168524792484  0.66105513292213802  0.66580259163179423
  0.67291336434301297  0.68068435118926829  0.68842684281013633  0.69602041751947019
  0.70337992117269288  0.71492198433474785  0.72941420251187450  0.74594726868619210
  0.76160150725564946  0.77281644601873223  0.78070562669312416  0.78878408757225926
  0.79679355094287629  0.80939032169475267  0.82284619448259211  0.83199819148254872
  0.84526511521218151  0.86240680658279456  0.90060206656068098  1.00000000000000000
   4.5336621491338230E-011  -1.0000000000000000     
 F F F F F F F F F F F F F F F F F F F F F F F F F F F F F F F F F F F F F F F F F F F F F F F F F F F F F F F F F F F F F F F F F F F F F F F F F F F F F F F F F F F F F F F F F F F F F F F F F F F F F F F F F F F F F F F F F F F F F F F F F F F F F F F F
  <DiscreteSampler_grid>
  grouped_processes
  1 # 1 for a reference and 2 for a running grid.
  10 # Attribute 'min_bin_probing_points' of the grid.
  1 # Attribute 'grid_mode' of the grid. 1=='default',2=='initialization'
  0.0000000000000000 # Attribute 'small_contrib_threshold' of the grid.
  0.5000000000000000 # Attribute 'damping_power' of the grid.
 # binID   n_entries weight   weight_sqr   abs_weight
    19   10   4.421040586363811E+000   4.624979793986849E+001   4.421040586363811E+000
    20   10   4.421040586363813E+000   4.624979793986859E+001   4.421040586363813E+000
  </DiscreteSampler_grid>
