 -0.00257554838865733  0.01281959293388886  0.02519430399948517  0.03722435424512439
  0.04883761225352384  0.06001021970044552  0.07080495397872880  0.08133037126084222
  0.09208881337850977  0.10306538020689719  0.11398813202585918  0.12466277600942621
  0.13490062302004979  0.14525799329924366  0.15597281690394110  0.16744034157573953
  0.17809722250002891  0.18823433759120298  0.19785242469745118  0.20758829650347829
  0.21845337410748902  0.22959024559885891  0.24028148697790980  0.25070350314030643
  0.26074764120540367  0.27107055463997703  0.28110614144944723  0.29146936445508642
  0.30170999959447670  0.31193136485586620  0.32207118796806000  0.33191662159581981
  0.34146679357942006  0.35100457311848826  0.36041979635673271  0.37017468528110942
  0.38055935189395584  0.39029947235054085  0.39973949442633294  0.40919395063591141
  0.41901107599684501  0.42838321699389342  0.43763322700847906  0.44681047761260861
  0.45628251576015394  0.46570887739168543  0.47500460910110315  0.48408810059990104
  0.49390063621125463  0.50395749679423241  0.51461389777030109  0.52494122854594705
  0.53499062161411637  0.54551098118440511  0.55624589650710154  0.56633393391352715
  0.57584646324851085  0.58522503284152139  0.59500812334168518  0.60499677386893747
  0.61534466684003153  0.62535417073443711  0.63579971583679984  0.64634412891371440
  0.65750693800472204  0.66849237905892611  0.67988380840633689  0.69118947052303303
  0.70348051507465259  0.71614632289726510  0.72858549890200186  0.73902486134878553
  0.74923811413661245  0.75954108450971958  0.77085366366835872  0.78266033007964653
  0.79413018548705594  0.80473327879663059  0.81496787459397357  0.82526202040063246
  0.83555468786273024  0.84560424762769559  0.85581889206140638  0.86587217678885087
  0.87623141549036854  0.88666980486856917  0.89740103419572037  0.90833003762216502
  0.91875449140453058  0.92934164529449859  0.94009078564494142  0.95167261683940274
  0.96318651741106431  0.97476814296349990  0.98650918302969526  1.00000000000000000
 -0.00000018602616132  0.00000851880985630  0.00001291099206864  0.00001655189680694
  0.00001967823824789  0.00002274334942499  0.00002573320635388  0.00002847760034728
  0.00003119419731922  0.00003381279145787  0.00003637283492593  0.00003895787094328
  0.00004161141173123  0.00004434712813992  0.00004711572914318  0.00004992966206503
  0.00005282597724109  0.00005574555758916  0.00005875400122409  0.00006190212259291
  0.00006529225526658  0.00006901290314850  0.00007287736358755  0.00007677511569050
  0.00008065608022661  0.00008452157784517  0.00008850371877409  0.00009263134295078
  0.00009685696207917  0.00010109819689048  0.00010536339501679  0.00010972215909313
  0.00011423705082071  0.00011894934981944  0.00012393715608479  0.00012928655422777
  0.00013454187377374  0.00014013559143192  0.00014581784012001  0.00015167502476359
  0.00015771389708684  0.00016443535737386  0.00017129596729089  0.00017802106691760
  0.00018516127085635  0.00019287952878903  0.00020097022675186  0.00020961393082541
  0.00021876058799525  0.00022860425525764  0.00023890827529144  0.00024931750967982
  0.00025945194429110  0.00027007624255265  0.00028055009213718  0.00029159317264101
  0.00030254140171792  0.00031400425432064  0.00032670441016935  0.00033911525531935
  0.00035110060193456  0.00036418267654880  0.00037903650269000  0.00039267831270239
  0.00040629052982676  0.00042283805335387  0.00044174405784498  0.00046216360761969
  0.00048388483426152  0.00050527614000047  0.00052781381571700  0.00055206197294791
  0.00057255034551580  0.00059415716298129  0.00061624395479285  0.00064069928382791
  0.00066432486122433  0.00068675200054307  0.00071345807418192  0.00074638471487564
  0.00078228225036064  0.00082569426440371  0.00087675396567158  0.00093500200567847
  0.00099833161606953  0.00106968614355695  0.00116939335202335  0.00125752796305789
  0.00135575924995711  0.00147629259248936  0.00164274518144541  0.00207344099708310
  0.00256120075528786  0.00300012864946683  0.00916126923032259  1.00000000000000000
 -0.00137041789339462  0.00687268711133603  0.01460854721283539  0.02283430115129695
  0.03143945192485672  0.03938501194045993  0.04752684654772003  0.05617125422832742
  0.06500322466742318  0.07372996983620093  0.08229759152179937  0.09055668042164759
  0.09892587444862549  0.10760652930985173  0.11644268387860332  0.12561338437011285
  0.13501295181289238  0.14482024666688609  0.15486414470016588  0.16516530855311409
  0.17498060523433265  0.18491914790426814  0.19477070947162881  0.20519499776260236
  0.21645513618656842  0.22709822346813138  0.23721080722639673  0.24677805353975477
  0.25682459499043786  0.26722276421968233  0.27784135054626241  0.28817710718485773
  0.29799746569691937  0.30772519773381923  0.31784067496830420  0.32830128939406517
  0.33875014585289287  0.34896951127232917  0.35902008734273089  0.36911803464523335
  0.37935388878706983  0.38995574863195087  0.40069974853647639  0.41117941717563300
  0.42228548351500256  0.43366910112864654  0.44441766911911168  0.45431042301716867
  0.46402267408389930  0.47353331066925525  0.48294396645128324  0.49281128263964380
  0.50359962798578306  0.51520750996356368  0.52743765340505155  0.54007703065416257
  0.55273012809709676  0.56530544543772077  0.57801819001488308  0.59061533602505933
  0.60302334163448701  0.61494236456764673  0.62627967278319252  0.63755879182322961
  0.64995078790900185  0.66232218097809836  0.67464435203445272  0.68652205838396752
  0.69939492588308871  0.71232031320140909  0.72444498922250478  0.73577626848346689
  0.74675255489698766  0.75760110662183511  0.76860737774554533  0.77996606129235280
  0.79178339508250917  0.80413228713007168  0.81701422993466677  0.83051488460308653
  0.84257030434221969  0.85514705322589768  0.86783349285288691  0.88001918022280501
  0.89191381135690850  0.90282386834212536  0.91375894685350645  0.92401629908739802
  0.93462386675883702  0.94491763036514065  0.95470255969189866  0.96428236457372674
  0.97384594891059106  0.98291442622571634  0.99170442692511107  1.00000000000000000
 -0.00195307133123619  0.00816065050405419  0.01731066466367207  0.02748284595514602
  0.03772829463838433  0.04793730374935274  0.05793433505709457  0.06800980887790319
  0.07873389397208402  0.08969986146949376  0.10108864187597183  0.11300081009135091
  0.12534020435065762  0.13720197383790250  0.14879765097680531  0.16023960629193454
  0.17121699430832604  0.18162627338619400  0.19165702115615321  0.20149470757454513
  0.21181872520865985  0.22274260312043392  0.23433085219104996  0.24552622738594979
  0.25662150248494742  0.26772786277725980  0.27886124733041878  0.28998734114726660
  0.30059156986004720  0.31094327566353791  0.32097380085884608  0.33120206516312067
  0.34080545761270592  0.35068915845059734  0.36076120696355019  0.37062287548954781
  0.38051777867562875  0.39014829521156885  0.40048782863550980  0.41141346514850685
  0.42187528616844366  0.43220608618457323  0.44318253772533328  0.45536516314190134
  0.46624828544270358  0.47664474521231642  0.48629567303708926  0.49579829399772468
  0.50537703871080764  0.51510886887459628  0.52617571679267516  0.53724007836497667
  0.54834088697500216  0.55938022675629284  0.57160517357505969  0.58396593337311320
  0.59528254592909668  0.60595118411754001  0.61662104488517822  0.62765077151999804
  0.63859202132658976  0.64899487787109522  0.65895210548177607  0.66886530290727286
  0.67882396066137074  0.68859671521979560  0.69768856407063040  0.70640383909298177
  0.71558030748295409  0.72548502034140860  0.73595162641036327  0.74629436025540341
  0.75627511572890704  0.76633771029075659  0.77666554980864710  0.78658361376804020
  0.79571318520651946  0.80508918170603172  0.81522793249013337  0.82647989185761028
  0.83720252178307486  0.84687942931574256  0.85655652143261229  0.86699374217200420
  0.87808412987981677  0.88953056387103724  0.90067563439971587  0.91143385925062659
  0.92230705306941174  0.93282605613947911  0.94432430088951513  0.95548133358550502
  0.96696574727692353  0.97796812679441270  0.98925789803368813  1.00000000000000000
 -0.00256497683489284  0.00865186824618668  0.01876212400609572  0.02871929236921154
  0.03913987929918392  0.04962342520543715  0.06010392173545274  0.07035636950180661
  0.08056888742696060  0.09068063358585904  0.10055983930290556  0.11067302485659934
  0.12076880145908418  0.13081891329979589  0.14130276802977879  0.15178583229763826
  0.16248926413175893  0.17266280952991048  0.18322635417218089  0.19458440429600696
  0.20674863386906775  0.21809187088479476  0.22884768477298270  0.23893562102144184
  0.24895326674272611  0.25928989681721959  0.26947573200542663  0.27961931131329620
  0.28995271834582242  0.30100483672019668  0.31285352899988156  0.32499588278569913
  0.33727417148572963  0.34916843027709216  0.36043340826628156  0.37090733615482108
  0.38126232211633443  0.39199299641547336  0.40306030919966829  0.41396869836698030
  0.42465328434566857  0.43529861579583717  0.44573895930166119  0.45553136219960416
  0.46549822650393091  0.47567232855235303  0.48545352445851681  0.49466211316233233
  0.50405877005709265  0.51409550047232500  0.52374555647299692  0.53317709685052139
  0.54274432149112772  0.55330172471232197  0.56339447600143788  0.57344169487468544
  0.58314597381298594  0.59303972354642454  0.60304971052675993  0.61274160955574186
  0.62225064679467967  0.63222604958457662  0.64186173471224206  0.65186951134536031
  0.66181778152281534  0.67183304165172042  0.68237608548900419  0.69324077754856106
  0.70452294301279839  0.71559395695971795  0.72714908845657800  0.73966977760369346
  0.75221073088449986  0.76401088984074417  0.77488934456815750  0.78539664639851892
  0.79535816923913027  0.80563834316664640  0.81547321618739710  0.82566456768425200
  0.83605333143218552  0.84676292643192574  0.85751419928877359  0.86814089948496398
  0.87877747318733379  0.88995356748147236  0.90199083892428966  0.91345569608067190
  0.92446086263292082  0.93533396173213179  0.94682070829973086  0.95850777809064658
  0.96912743086327557  0.98003646504913666  0.98953901677515388  1.00000000000000000
 -0.00963496700128410  0.07727014328485721  0.13723605114561446  0.16997935541839090
  0.18700178214161867  0.19888875696066594  0.20942403728672310  0.21959463371894622
  0.22913032573528594  0.23793784909046511  0.24648962105362454  0.25452579668417225
  0.26308576265971012  0.27148589522753264  0.27967789824728184  0.28738304876102749
  0.29453320261728833  0.30123504464548295  0.30813254652048722  0.31536609384929737
  0.32304456899097755  0.33092804977847956  0.33833920943726620  0.34527059718666786
  0.35231625834723351  0.35935905831785286  0.36687517088014876  0.37391057505508840
  0.38115875707291824  0.38815486485404466  0.39533490584627351  0.40270382500717045
  0.41022101760017121  0.41793392299766474  0.42583834415886557  0.43377759027604901
  0.44147491181714565  0.44876392061260761  0.45606430953005661  0.46339424496734172
  0.47090124942828954  0.47843866207362679  0.48586371567315106  0.49302456272803863
  0.49996725148424831  0.50669177687279032  0.51339533802134285  0.52013615225507837
  0.52680018120342464  0.53342450008942821  0.54003366012446230  0.54694749036778578
  0.55426021211418619  0.56172178586691013  0.56936490642976545  0.57693419525963330
  0.58465765252253454  0.59233929529695584  0.60002653192921984  0.60787364640733144
  0.61572586329445000  0.62368411188699469  0.63176634410253496  0.64018245094075676
  0.64919165019918934  0.65860699482450147  0.66752189957919228  0.67598222935516827
  0.68450821251990623  0.69319778228471951  0.70227835116821591  0.71131039398337215
  0.71902821604228428  0.72700273118768521  0.73468993905282520  0.74242795942961348
  0.74991115248604223  0.75743576805256285  0.76528585100419966  0.77392823954695444
  0.78313330041279239  0.79216560152318982  0.80078925564378156  0.80959976788089427
  0.81856761998726502  0.82777006927740993  0.83707060452777204  0.84612916245532943
  0.85582952519573308  0.86710494243346159  0.87881972047773604  0.89128837929248073
  0.90542633007748741  0.92330205114344399  0.94897869906703169  1.00000000000000000
 -0.01933310064414554  0.10729911909295246  0.14249711439858567  0.16472874244288416
  0.18258440087413619  0.19888774645803953  0.21236259060867740  0.22393215196567937
  0.23509892335380070  0.24571994842106046  0.25583791554074115  0.26511290782579683
  0.27376685450434041  0.28172555559642726  0.28957710173430729  0.29703473550190551
  0.30438369413398064  0.31174965892267059  0.31925557254999454  0.32687032385744869
  0.33427220762518445  0.34163308129911280  0.34877241368304496  0.35550783580135970
  0.36195942776770573  0.36835000357120617  0.37484663610161445  0.38143226836332395
  0.38785979601429288  0.39405481368042472  0.39988723028250217  0.40547150227210288
  0.41125934390058316  0.41726855114555894  0.42328451676451301  0.42917294743944501
  0.43482420382197717  0.44049974005357084  0.44619374731133926  0.45187749435898356
  0.45789261836131390  0.46409436118859765  0.47015515302155741  0.47605871356331803
  0.48178431583324915  0.48742112947622829  0.49312793865593013  0.49895805035826513
  0.50487826651662804  0.51091749121130203  0.51696071886874273  0.52272621492054538
  0.52785746899788810  0.53302884213724344  0.53829183781201928  0.54368390342008677
  0.54905454831736433  0.55425787150407269  0.55940476987453136  0.56468578925934731
  0.57015280876171315  0.57573393775207726  0.58136689863202740  0.58697990477075546
  0.59270357866904777  0.59840780408918770  0.60417414956901194  0.61003869277179112
  0.61600250076267959  0.62216101064291607  0.62849256177944735  0.63465701852652123
  0.64116642050819916  0.64813764614835268  0.65567719979412231  0.66283932891958997
  0.67008722648942565  0.67764645286686098  0.68546985800995586  0.69348952151821086
  0.70159120728640523  0.70988885294952431  0.71872522521142757  0.72769370791917676
  0.73707992547884771  0.74719495590532004  0.75737521981539790  0.76756332777346292
  0.77809876477625273  0.78968721157940891  0.80261870659898360  0.81724190762079929
  0.83438217574615015  0.85569314693530008  0.89089053395885998  1.00000000000000000
   2.4039793988080227E-008  -1.0000000000000000     
 F F F F F F F F F F F F F F F F F F F F F F F F F F F F F F F F
  <DiscreteSampler_grid>
  grouped_processes
  1 # 1 for a reference and 2 for a running grid.
  10 # Attribute 'min_bin_probing_points' of the grid.
  1 # Attribute 'grid_mode' of the grid. 1=='default',2=='initialization'
  0.0000000000000000 # Attribute 'small_contrib_threshold' of the grid.
  0.5000000000000000 # Attribute 'damping_power' of the grid.
 # binID   n_entries weight   weight_sqr   abs_weight
    22   10   1.209521403868922E+003   3.429029969324686E+006   1.209521403868922E+003
    23   10   1.209521403868922E+003   3.429029969324688E+006   1.209521403868922E+003
    25   10   1.220996502055785E+003   3.440751829271133E+006   1.220996502055785E+003
    26   10   1.220996502055785E+003   3.440751829271136E+006   1.220996502055785E+003
    28   10   2.861567130649926E+003   1.710501850305500E+007   2.861567130649926E+003
    29   10   2.861567130649926E+003   1.710501850305500E+007   2.861567130649926E+003
  </DiscreteSampler_grid>
