  0.00000048830643137  0.00000098033626901  0.00000134265723744  0.00000180600660611
  0.00000230751448940  0.00000285674393388  0.00000349770619850  0.00000420680660051
  0.00000500688353378  0.00000597002186333  0.00000707308405801  0.00000812378226084
  0.00000912683893380  0.00001016240627924  0.00001121778627119  0.00001232542290609
  0.00001344231554145  0.00001453927571421  0.00001560081758926  0.00001658956970687
  0.00001760324699275  0.00001860960825992  0.00001963046597485  0.00002068750035149
  0.00002174903441663  0.00002273086233444  0.00002362001236209  0.00002448328483794
  0.00002531679451198  0.00002610120154754  0.00002685950470038  0.00002760271499847
  0.00002832765539159  0.00002903587725101  0.00002973832879214  0.00003044053884520
  0.00003112439867347  0.00003178029109827  0.00003240120641672  0.00003296532535496
  0.00003351969559596  0.00003408174637291  0.00003465782076589  0.00003520134741534
  0.00003573863000307  0.00003627021604242  0.00003684465543026  0.00003746106861759
  0.00003835184226068  0.00006245693153484  0.00006329984083459  0.00006399341236347
  0.00006458358431592  0.00006518734485801  0.00006579379071477  0.00006639929739929
  0.00006703083959847  0.00006773090713141  0.00006848669051265  0.00006926243654279
  0.00007010149813723  0.00007096144725243  0.00007186086565026  0.00007283791054500
  0.00007386514845322  0.00007494255171107  0.00007606697165247  0.00007723743227310
  0.00007846001039283  0.00007978975462526  0.00008130995555964  0.00008304556536699
  0.00008494995428722  0.00008689661939430  0.00008886517547660  0.00009089603429950
  0.00009304391858817  0.00009528101942819  0.00009840140277384  0.00010209088312593
  0.00010603250317226  0.00011023217455265  0.00011521321103593  0.00012167177236676
  0.00012879932831052  0.00013818419026532  0.00015068711137061  0.00016756274648838
  0.00018998875053837  0.00021918606772625  0.00026500146625840  0.00034276986793095
  0.00051816193668234  0.00090847969044129  0.07160143288716754  1.00000000000000000
 -0.00002136429310968  0.00027621034230933  0.00074903986604991  0.00149281767769483
  0.00261028744059301  0.00401421040456197  0.00562647411244130  0.00769907874462584
  0.00980623829677750  0.01180212757158293  0.01431939327603428  0.01741094212701005
  0.02053034102823600  0.02355571430157428  0.02645903576701694  0.02960973413479878
  0.03317056253540374  0.03721541329558662  0.04198818499574388  0.04678396665444942
  0.05118390877894069  0.05561225428819471  0.05992264399906373  0.06444139464279250
  0.06986662238736518  0.07556764794882821  0.08231931947569970  0.09026099639265990
  0.09961793564775741  0.10901621614370093  0.11746459989114920  0.12483535147985415
  0.13196876468502114  0.13956987810170440  0.14835776022009470  0.15800399626073960
  0.16686114189083681  0.17482866785836393  0.18236603772749729  0.19011554058907426
  0.19835301177349243  0.20680642039349006  0.21536786727508053  0.22383661235638527
  0.23242353156421527  0.24104061414799621  0.25064205377821064  0.26056693523567054
  0.27133369396071377  0.28304846729060967  0.29543049603266663  0.30804416715193139
  0.32025372455990059  0.33301831634984841  0.34561563179927779  0.35860431078879679
  0.37176922661060169  0.38550089309654356  0.39955687014595614  0.41414787436935935
  0.43048450734196414  0.44706322638858426  0.46431891995823338  0.48183546607374284
  0.49913141068534489  0.51609975386475415  0.53321585852500242  0.55227709311898088
  0.57083707654132976  0.58903876152140167  0.60548630671862924  0.62070241980167296
  0.63653407939718110  0.65252299360022359  0.66955571855208917  0.68835146618982002
  0.70647111788962369  0.72307605208533865  0.73804247705179371  0.75336434266530361
  0.76952200565219975  0.78620781578016419  0.80301452372060500  0.82029012736237195
  0.83700604958814606  0.85334922267562807  0.87042617574927972  0.88681959871336613
  0.90159018513972800  0.91568182852756574  0.92873622387269761  0.94247367612487931
  0.95656883136091209  0.97105595991425986  0.98568886280401069  1.00000000000000000
 -0.00233389869697885  0.01014377732022835  0.01877206749413723  0.02787391127429280
  0.03698908160600535  0.04595047795476789  0.05380139920357550  0.06185313892146633
  0.07209624618929711  0.08321457741152334  0.09347566610477198  0.10244336930248230
  0.11228246648555831  0.12333578756111170  0.13695020853421733  0.15211059735351959
  0.16548753120565604  0.17868304181373135  0.18927344919394909  0.19941871406395886
  0.21069868598586897  0.22362169087627809  0.23422250090001495  0.24274891111833799
  0.25107979745139553  0.25873777867238806  0.26639913240393726  0.27413959807057048
  0.28212523281011243  0.28987702664452136  0.29945282447577876  0.31018134623182392
  0.32020604116376250  0.32951764407514683  0.33960032342789054  0.35087757861245800
  0.36188131333484630  0.37250332794273205  0.38262738928556167  0.39254365187821638
  0.40255114354438848  0.41231375234239503  0.42131621691539350  0.42978672605559698
  0.43825198164152845  0.44776146563548030  0.45779272658548475  0.46731060912545308
  0.47617249466638978  0.48495605050787904  0.49418038660322589  0.50475282427334600
  0.51709977722054024  0.52976224698315411  0.54186823087430480  0.55339611996099247
  0.56497296586726364  0.57826105347093937  0.59052968020524688  0.60204746344272630
  0.61450364112530775  0.62620442934069021  0.63697340881019693  0.64700180316946609
  0.65692462999878520  0.66712017969576343  0.67815072354974681  0.68932453178145159
  0.70108139671004455  0.71345159814287018  0.72666659321637639  0.73880033890145091
  0.74967767247495909  0.76029358333804964  0.77148403512043140  0.78365917083443604
  0.79469496150991592  0.80449530702108440  0.81440647952355616  0.82412675079127651
  0.83333438195128373  0.84224772927744607  0.85115677510213261  0.86057408135641666
  0.87039739538118477  0.88051468071554828  0.89158136256593590  0.90351710168786448
  0.91654161816218616  0.93132537517326097  0.94565950972497037  0.95735815262417878
  0.96903915232124249  0.97995699448840112  0.98996859251861657  1.00000000000000000
 -0.00260666631860258  0.01281707359282700  0.02463610612545998  0.03608233375296308
  0.04481737012520642  0.05285724829043619  0.06159691317578377  0.06965821692731922
  0.07799573673318368  0.08601363582830152  0.09396658603697204  0.10248505926851488
  0.11498243659079846  0.12893253197551841  0.13992666188287536  0.15055557168711936
  0.16089664965457959  0.17159405143030335  0.18286955381816189  0.19595676841048548
  0.21006175037380828  0.22435202264620380  0.23825308776313153  0.25052491997476156
  0.26009617455425993  0.26858626299986649  0.27707197846063392  0.28526830414581139
  0.29308674052922223  0.30105864145433026  0.30927608729180833  0.31869130860508355
  0.32878296514258870  0.33778184262435756  0.34667972835270450  0.35606318586734959
  0.36686771854912392  0.37894467541212778  0.39158697080452337  0.40371762038962250
  0.41548258944059951  0.42685491248595031  0.43777166627824671  0.44852901593481270
  0.46026836466646254  0.47223738282851535  0.48557312781324513  0.49768240639953865
  0.50864985285749964  0.51961865779551897  0.53043856815435519  0.54126713377834179
  0.55233846599702074  0.56267213371615332  0.57245012544325657  0.58278954119359383
  0.59407609384022131  0.60587961601456386  0.61711634202968124  0.62766401413690243
  0.63751848381098819  0.64704669968377448  0.65691271224675885  0.66697474582566951
  0.67753063475036213  0.68806648307685447  0.69818174364800212  0.70805676784402649
  0.71771555235877149  0.72804784139164169  0.74002384949387290  0.75149210080489959
  0.76166269916691720  0.77094105208787145  0.78149609282591070  0.79238724165580043
  0.80260973113788037  0.81252610127831149  0.82335201930230062  0.83441682235766756
  0.84491212189059273  0.85536613094285219  0.86599589000485022  0.87663273694895838
  0.88710165365380267  0.89911539379716288  0.91188325242106416  0.92471459746789209
  0.93675783678222690  0.94736236177051547  0.95690780314137414  0.96567820551066597
  0.97416093334135323  0.98278639633517773  0.99144773569625477  1.00000000000000000
 -0.00282447315273154  0.01121784895158335  0.02289391850677613  0.03513623652059054
  0.04627917146088669  0.05646131870727706  0.06687522323554398  0.07792306884099126
  0.08969504179171915  0.10102125455684571  0.11196322116237892  0.12296150041967502
  0.13386021671028833  0.14512439599642199  0.15689520509991556  0.16901565545800279
  0.18162732778366178  0.19377998224594911  0.20562598077106978  0.21792552488234254
  0.23019368487850814  0.24137312200294286  0.25271742596725510  0.26454941819817834
  0.27667438718969295  0.28860966202478910  0.29906834116376713  0.30904656297049399
  0.31900067693851014  0.32983762091388436  0.33948122173461037  0.34906326277595040
  0.35955441972841351  0.37039265323245002  0.38115545855706101  0.39243116635388442
  0.40279425239885092  0.41303950170124487  0.42232587642337566  0.43119025126555810
  0.44083181106858893  0.45076544259325452  0.46133647196637240  0.47269710923547920
  0.48357377538713103  0.49360794406288377  0.50273283088817489  0.51136945839901704
  0.52063319818583387  0.52962911319104244  0.53773539102954027  0.54633102327050276
  0.55684952006039556  0.56933689490640726  0.58322593377409349  0.59384216296738701
  0.60297412832287345  0.61183130600465818  0.62100318108281127  0.63023210696907273
  0.63894447403073196  0.64817459289048407  0.65918832327328492  0.67054057405885181
  0.68110035465052698  0.69058819697874296  0.69876163363738686  0.70665012167177388
  0.71470408835696575  0.72289339951074116  0.73164894743934594  0.74143197410625217
  0.75190332049923592  0.76168437178669901  0.77094314173880163  0.77971626571121844
  0.78866947715557545  0.79886189610841452  0.80843987792385541  0.81857806505832609
  0.82913836078053871  0.83935917391807058  0.84986525595482343  0.86142060181112257
  0.87295263775559762  0.88341111129800498  0.89329496365477268  0.90368003128280638
  0.91568244064838933  0.92850317720448272  0.94117124660102014  0.95401879430265069
  0.96648145682137332  0.97806631341452221  0.98945201843746711  1.00000000000000000
  0.11375841806727195  0.15816444669699009  0.19018129349153190  0.21388006546440058
  0.23903126288509111  0.26282840373947053  0.28105340933512857  0.29743463085348082
  0.31134032991629418  0.32413309925912415  0.33631083360842995  0.34675351191786219
  0.35521991718514395  0.36379552449320995  0.37194992934409743  0.38028616467766224
  0.38877942247824598  0.39899641399578606  0.41116321445008769  0.42352034124865379
  0.43527444534242560  0.44637799516631510  0.45667887784625377  0.46695755890942392
  0.47633749947328397  0.48540498556577516  0.49467588256155914  0.50454208279712232
  0.51463732010591057  0.52374588659337296  0.53144028895809303  0.53845748083148337
  0.54532994176637273  0.55212987236029476  0.55884782918011999  0.56485042667429974
  0.57055658928149378  0.57612380378297046  0.58175112850094957  0.58759250615154568
  0.59386514574253335  0.59938128877972985  0.60446423325029974  0.60954092449313924
  0.61518777334697916  0.62125074276323244  0.62702680135361866  0.63286434598114671
  0.63864485968821971  0.64455608483856952  0.65176796585133445  0.65844397390005549
  0.66514225941781724  0.67237868061110495  0.67996628367021095  0.68640608377403867
  0.69222075258124272  0.69699226340345533  0.70246188974213142  0.70898038365880278
  0.71548288615417044  0.72153808292712529  0.72727699555809422  0.73289945482737084
  0.73850122079395886  0.74382373633840804  0.74940109496075691  0.75628364000801640
  0.76420505992918297  0.77164975368728206  0.77750176165899110  0.78279148070508731
  0.78811898571655059  0.79342785463052778  0.79912117402400862  0.80485684766866028
  0.81078836980969038  0.81721256718355006  0.82364757157330770  0.82952683314535025
  0.83519753233240424  0.84507963419732435  0.85477356317806541  0.86430198060546992
  0.87322148335563321  0.88140237991921078  0.88955916590893791  0.89751182998588941
  0.90544359284936549  0.91366074877101300  0.92237193389536487  0.93205867376468476
  0.94325890458970330  0.95621623520955379  0.97497278211887539  1.00000000000000000
 -0.01880146479512303  0.13490180528864970  0.18630640387720260  0.21798434245214776
  0.24056035856231345  0.25960435400234444  0.27832992636317949  0.29872012564801587
  0.32208962801445074  0.34157085158286538  0.35703913876832932  0.37101242483674651
  0.38324227071616523  0.39531712229753252  0.40835077551371246  0.42054752000516221
  0.43149005017648923  0.44143046629609212  0.45063088097865195  0.45905235051375204
  0.46715822828961429  0.47519772633371921  0.48350400036569235  0.49189415475747916
  0.50021478093857796  0.50883842256769596  0.51703822224030760  0.52532524688488980
  0.53384232455671132  0.54217449657803163  0.55028686769759450  0.55807921713164976
  0.56516894161214171  0.57017741047967407  0.57559830540566337  0.58093453640727777
  0.58643212201754957  0.59240801077957850  0.59797157028579562  0.60279183490341059
  0.60747017784920099  0.61219421151851383  0.61757747080113923  0.62261027170372829
  0.62790189482005043  0.63309447343155245  0.63833129504622488  0.64370722864738383
  0.64924934091261921  0.65500104404410764  0.66093406354908468  0.66684221902726215
  0.67277426192848866  0.67860712793879108  0.68406042694849434  0.68955775996743862
  0.69516464153122104  0.70089088722979054  0.70645202175026667  0.71159175200008185
  0.71656115678993704  0.72136981352318064  0.72605235619977204  0.73047795547822203
  0.73462658854753693  0.73884753074090415  0.74292175230679447  0.74678421261103323
  0.75065691591205441  0.75445254532963080  0.75845095487664882  0.76245698718348109
  0.76642672973170467  0.77053647347776411  0.77500422828791737  0.78004202874347384
  0.78504003627781949  0.79044173098552351  0.79590455866662357  0.80169021019376829
  0.80734370472335659  0.81323230829831783  0.81973568587956147  0.82675374584510730
  0.83458027691123737  0.84302916938656436  0.85102067791129266  0.85918678701343820
  0.86762122103840122  0.87664338574180956  0.88690317732003976  0.89812682620415052
  0.91061193910462168  0.92592128099981108  0.94921895601868933  1.00000000000000000
   3.4893924003353261E-008  -1.0000000000000000     
 F F F F F F F F F F F F F F F F F F F F F F F F F F F F F F F F
  <DiscreteSampler_grid>
  grouped_processes
  1 # 1 for a reference and 2 for a running grid.
  10 # Attribute 'min_bin_probing_points' of the grid.
  1 # Attribute 'grid_mode' of the grid. 1=='default',2=='initialization'
  0.0000000000000000 # Attribute 'small_contrib_threshold' of the grid.
  0.5000000000000000 # Attribute 'damping_power' of the grid.
 # binID   n_entries weight   weight_sqr   abs_weight
    22   10   9.191069228185848E+000   3.434197266043749E+002   9.191069228185848E+000
    23   10   9.191069228185855E+000   3.434197266043755E+002   9.191069228185855E+000
    25   10   5.967846335677111E+001   8.482345641112610E+003   5.967846335677111E+001
    26   10   5.967846335677109E+001   8.482345641112599E+003   5.967846335677109E+001
    28   10   2.123227741686451E+001   1.363500331340733E+003   2.123227741686451E+001
    29   10   2.123227741686451E+001   1.363500331340733E+003   2.123227741686451E+001
  </DiscreteSampler_grid>
