  0.00915968903695304  0.01675887187104953  0.02774188687385903  0.04025953271976968
  0.05129074638160770  0.06225836274662309  0.07246374806696958  0.08315327381896534
  0.09311568782518159  0.10324480691973387  0.11297841923581187  0.12261202563899547
  0.13210115801033956  0.14164849088712492  0.15161453769475347  0.16244980791758712
  0.17327185266270267  0.18436454800830351  0.19613820608949845  0.20786094257876392
  0.21941479601831135  0.23009975078277020  0.24025097165158588  0.25015457745478065
  0.25987218355603781  0.26952558117995545  0.27895992517186641  0.28840436013390180
  0.29845489045617069  0.30844089228009808  0.31797956228883811  0.32732207135366975
  0.33694810959501775  0.34684743097546838  0.35691125152079056  0.36727612583016500
  0.37817699782057568  0.38961763710673430  0.40096790332422433  0.41222151358822878
  0.42328967916245397  0.43411056001355414  0.44481742473874808  0.45561527675876601
  0.46671370572384879  0.47802534769221477  0.48925631335154190  0.49998912043424770
  0.51002492392135756  0.51999264394323474  0.53020819108506878  0.54035143166380106
  0.55013440876003739  0.55991233733476775  0.57012524064159131  0.58085563319527045
  0.59175379417828988  0.60285441378471982  0.61370115508802225  0.62440328640753906
  0.63468481631410567  0.64452944137909574  0.65399126484279380  0.66343597316533554
  0.67309072893267086  0.68259174436066983  0.69184810137905994  0.70124767794963550
  0.71110474708157911  0.72130285860636711  0.73155489979669430  0.74203537182616086
  0.75245215765026241  0.76302875207202092  0.77334026036826220  0.78373334543774797
  0.79374130424716716  0.80331560647272615  0.81287310973273552  0.82259640916383658
  0.83261874971299799  0.84248747049945916  0.85214137147020819  0.86179012967785640
  0.87166262397025229  0.88183607430561517  0.89231611695711588  0.90317972685045311
  0.91441189285351221  0.92593440666014948  0.93753101403713579  0.94890001227622145
  0.96019441431378916  0.97083878961558356  0.98208192698013341  1.00000000000000000
 -0.00464967854526593  0.02044918963221590  0.03865358029237441  0.05360590985798661
  0.06690615216191048  0.07906024422679636  0.09028426533762293  0.10106866299233808
  0.11162093793289114  0.12184550817233467  0.13188786270219127  0.14180290842510770
  0.15182424029819963  0.16193865719915776  0.17177834444020154  0.18156280443371822
  0.19156274598803077  0.20206537228862176  0.21277760984336519  0.22313403837191303
  0.23308066647281636  0.24324810992100354  0.25356072742495678  0.26432855936286870
  0.27487735642355599  0.28530922635258854  0.29561422363900008  0.30531147303053224
  0.31461665098963848  0.32418426831270292  0.33416170738331807  0.34363676928292874
  0.35314742810124583  0.36261233095630097  0.37221191626611017  0.38146419618936961
  0.39047326653407316  0.39973315081835409  0.40975016876041959  0.41957242488505814
  0.42953575340373057  0.43958575584180032  0.45030492662346960  0.46066814701767222
  0.47167619204479039  0.48230173691164618  0.49354258006816049  0.50502390849955536
  0.51724827631762271  0.52962249756627489  0.54129322113840106  0.55190289624929734
  0.56185245494048264  0.57105474004926049  0.58033126485500341  0.58985544173156157
  0.59948934917677565  0.60906628492973514  0.61842839504455327  0.62769418497553808
  0.63732226412622495  0.64719668717229273  0.65712892988774929  0.66659516839872368
  0.67608603114184285  0.68578196319050877  0.69618186210785371  0.70737456223452688
  0.71864505972021286  0.72987529761786074  0.74065833210567045  0.75070828623417318
  0.76025304923534787  0.77038261985267109  0.78098937930152446  0.79140481079624125
  0.80108034268387662  0.81075938526729785  0.82041715468424714  0.83095419150924976
  0.84141331174779865  0.85286318584371790  0.86352744527793479  0.87421300631327836
  0.88469562708783733  0.89605632372021116  0.90676407063052111  0.91729228849663780
  0.92783517625567635  0.93826992802003728  0.94861636096419144  0.95877830580031875
  0.96927807147088052  0.97945730233882267  0.98970244399815466  1.00000000000000000
  0.00000047839529999  0.00001051416467455  0.00001505482399197  0.00001929781393672
  0.00002361262158208  0.00002808760821781  0.00003251968079463  0.00003721867882198
  0.00004228111351240  0.00004747777762786  0.00005277027239929  0.00005824140206923
  0.00006373596876135  0.00006895697228075  0.00007390914255195  0.00007868559370382
  0.00008345412252358  0.00008830264564885  0.00009316308215578  0.00009813392265857
  0.00010313291646907  0.00010827575175052  0.00011363551306762  0.00011915235187803
  0.00012477878556666  0.00013032793103766  0.00013579840492578  0.00014152497381026
  0.00014780476002916  0.00015429200493347  0.00016085526304000  0.00016774285144090
  0.00017466700322238  0.00018176349493754  0.00018901650401211  0.00019625327105069
  0.00020372599548528  0.00021094490863163  0.00021855550971280  0.00022640376218958
  0.00023443739909407  0.00024265017652325  0.00025091828919928  0.00025933881879469
  0.00026811546163472  0.00027774950607220  0.00028799212581145  0.00029848991600387
  0.00030923445664594  0.00032061024490313  0.00033259995963398  0.00034461304057788
  0.00035730555818053  0.00037160485733960  0.00038630216798619  0.00040080489827004
  0.00041556773575225  0.00043089237537886  0.00044600816145407  0.00046240643123560
  0.00048168563011738  0.00050225951903597  0.00052309973743031  0.00054367510949213
  0.00056448221556202  0.00058658394386911  0.00061003139244596  0.00063597704923878
  0.00066567734696979  0.00069584609656964  0.00073160984667826  0.00076932158905102
  0.00081256434588975  0.00086219012453226  0.00091066737753972  0.00095572815596992
  0.00099967432741785  0.00105026488366840  0.00111054797042633  0.00117424711002650
  0.00123924498460945  0.00130097170135982  0.00136741709542256  0.00144448090922935
  0.00152751642416746  0.00162360217479085  0.00172949826661413  0.00183115622216971
  0.00193951056192922  0.00205866795811161  0.00223200975914199  0.00239616572363729
  0.00257835253856242  0.00283378186209642  0.00388905232565663  1.00000000000000000
 -0.00258934051844023  0.00953060570200019  0.02005756452999177  0.03155775247045414
  0.04390579129765293  0.05669473262936030  0.06887814910146386  0.07987979703292883
  0.09033826891941624  0.10069409157555828  0.11170049654165584  0.12303865139956420
  0.13371569862850519  0.14454682521085566  0.15550183441558410  0.16657203522335193
  0.17666121786862155  0.18671310409624586  0.19707078704790529  0.20732949546393822
  0.21758155057951517  0.22774516435434397  0.23822428790261982  0.24917509822408998
  0.26027332047773277  0.27153151607609061  0.28289766995392879  0.29447888523375881
  0.30629641645237221  0.31731396936008288  0.32790709885597563  0.33790693679182859
  0.34796953045055273  0.35832758672173909  0.36948217615385825  0.38082537307555397
  0.39162376892585660  0.40167565128100280  0.41120232164618464  0.42034546592659172
  0.42934042096546682  0.43871658376445044  0.44865965462951451  0.45857593806305713
  0.46871571250015975  0.47914019309770234  0.48988288583149087  0.50065098750157189
  0.51114243072584509  0.52141881128377321  0.53160773733847533  0.54225457304774416
  0.55333489170922168  0.56415540711766354  0.57458555369815223  0.58484913834390739
  0.59537655729800765  0.60597512318657643  0.61652560261901934  0.62711812126653188
  0.63789125048959705  0.64860128158129327  0.65874836061859965  0.66854780250685897
  0.67830910458710691  0.68790512438269524  0.69810394190157155  0.70807050109962866
  0.71844851318933056  0.72834255328851205  0.73880129390231075  0.74905888080680683
  0.75953767203348188  0.76976081227861315  0.78060316268236296  0.79131060607565040
  0.80203676828178816  0.81277215049204465  0.82483890682572281  0.83682196879989956
  0.84905605226667946  0.85947862989300550  0.86956036179789498  0.87951471544276316
  0.88981052283251516  0.89948106154236229  0.90912926663622595  0.91843591905879052
  0.92869207438983337  0.93865634724151170  0.94914190226035289  0.95964611515850151
  0.97038647518809540  0.98022555240562270  0.99026068378027066  1.00000000000000000
 -0.00244123333414732  0.00884206120650797  0.01844988974607069  0.02852098586528344
  0.03877887831309227  0.04883103325863992  0.05908943986135712  0.06960397455907266
  0.07999877482244816  0.08920001305982835  0.09826759501835336  0.10796371617658033
  0.11801015443043489  0.12776157881619934  0.13706587999374614  0.14653864866680250
  0.15654367918684642  0.16685312639150768  0.17726606442150092  0.18766974612660212
  0.19777410628528638  0.20773009288117550  0.21780595361937330  0.22851247726598983
  0.23965534776336941  0.25067689717818814  0.26144363778162683  0.27183953231146235
  0.28217988626817830  0.29239591673972543  0.30386582388238181  0.31493770653481507
  0.32601727230819655  0.33667640218254441  0.34716868645498644  0.35747444336618750
  0.36799498493203653  0.37842482973238856  0.38889867942479428  0.39915675967160885
  0.40974479183419610  0.42021328245758199  0.43035652946559411  0.44073915974587824
  0.45133143853625984  0.46199779024398813  0.47222188812885663  0.48245272420782892
  0.49318349418638641  0.50410705941868317  0.51535753430180742  0.52641247172975292
  0.53744245319153428  0.54798102889393230  0.55860514223166657  0.56946424635421533
  0.58100364145321859  0.59306136249534969  0.60543965820846390  0.61738362917932210
  0.62910359874889576  0.64036086886748211  0.65109143438860728  0.66139153282399910
  0.67199065556060000  0.68288773777695111  0.69389590727738770  0.70491968325363374
  0.71600760336147573  0.72710287029121667  0.73824882100784395  0.74917115187837702
  0.75898846166583511  0.76874043473547171  0.77842543901486205  0.78810903002477273
  0.79707286933340871  0.80585630403472264  0.81555936499725912  0.82613620885052685
  0.83710892377336887  0.84770815107092834  0.85873681954204228  0.87012491817485194
  0.88133992846117926  0.89259612668301291  0.90410671617743743  0.91563582592957538
  0.92671170145230586  0.93757753644673525  0.94870273807990702  0.95974494409711797
  0.96987987467512693  0.98016647573917626  0.99028839369932042  1.00000000000000000
 -0.00098793970641135  0.00354465382943445  0.00815175914566313  0.01271796589097329
  0.01750685242559689  0.02260066298382562  0.02783616200345614  0.03301253773661050
  0.03806526214567185  0.04315625730414686  0.04849347094985609  0.05370827813740630
  0.05885574958754042  0.06400317324277073  0.06917078205330425  0.07436850323386958
  0.07994535936131200  0.08492165676811726  0.08982622711085700  0.09486509656536661
  0.10014316059902510  0.10572033368938871  0.11145857828334840  0.11710623040250025
  0.12275438119918751  0.12855383264972331  0.13427057248632404  0.13967043658938946
  0.14502873775387487  0.15068684981439195  0.15670419254614959  0.16306233958395219
  0.16964490750719810  0.17624683474901962  0.18284126857042970  0.18945955129553124
  0.19651507346157568  0.20376352044781193  0.21086588120122157  0.21791165212604952
  0.22497603068191624  0.23217289731645857  0.23966495880738661  0.24741620130726866
  0.25497229501496221  0.26235274911843937  0.26968324568748397  0.27686291448700001
  0.28443628532122051  0.29207699723577457  0.29959742381373500  0.30719940645357169
  0.31510535878873330  0.32301606743288702  0.33111642083233206  0.33971370801924827
  0.34839971349673571  0.35678991989253683  0.36496269958106847  0.37317132832004091
  0.38181861726000343  0.39095745352410272  0.40053099155348848  0.41017828478971119
  0.41960039724570797  0.42906983009282668  0.43883232650552717  0.44885731722799665
  0.45914163529380680  0.46986957513552929  0.48113463582076149  0.49278110834831074
  0.50495577976240347  0.51779912336133616  0.53062407447401894  0.54422197320217081
  0.55836531485670637  0.57262152771682584  0.58720141749090515  0.60216109610350788
  0.61716717673206223  0.63309711843437533  0.65078029927750969  0.66979053626595886
  0.68900846010447214  0.70948489403979353  0.73119014676096050  0.75465828901063914
  0.78093223224101227  0.81014504425495470  0.84009091103935007  0.86976593259611068
  0.90282716724641998  0.94113181757588604  0.97344610476643101  1.00000000000000000
 -0.00241204071651750  0.01008569813606827  0.02042209232148991  0.03109835575100580
  0.04210566446496621  0.05370225383761121  0.06489214169870199  0.07566403062455151
  0.08573636591458757  0.09557934045982643  0.10585655742077538  0.11538195959006295
  0.12509918341957418  0.13454987736480886  0.14525980899626800  0.15622075209691805
  0.16677751731156776  0.17714187455314795  0.18770723679577886  0.19798993213789531
  0.20832902220093877  0.21847495679399795  0.22873447450155887  0.23920576890694006
  0.24958203654201927  0.26063373593470807  0.27180459861262452  0.28313973583719054
  0.29438194771921178  0.30608624874308449  0.31776388759853863  0.32943137307527620
  0.34119249942550983  0.35245436676611369  0.36281019573466100  0.37277579366801356
  0.38310860384915135  0.39389704220833088  0.40420622162811587  0.41427208675273097
  0.42470178800581038  0.43576440864269600  0.44671043987548797  0.45750467265941697
  0.46835754792227874  0.47935462074796387  0.49015294414956723  0.50081826218436143
  0.51144470742650250  0.52211974739226863  0.53246951289931754  0.54241564104452844
  0.55218446810401733  0.56210488680525372  0.57277870019768951  0.58426998059409196
  0.59610009786211271  0.60788470280835616  0.61957283407677810  0.63112648358724288
  0.64230218743931267  0.65300319179274324  0.66342370787057270  0.67363543631337064
  0.68365406865371248  0.69351165463797071  0.70302146188488224  0.71253513975909499
  0.72252733188181473  0.73313226425186462  0.74409003851483080  0.75523872640776069
  0.76664908700341061  0.77779643923218200  0.78842400197108620  0.79865311926691185
  0.80856949054889204  0.81825627440543403  0.82777520475914890  0.83739959434851230
  0.84718455886935606  0.85720700170594322  0.86777896845387825  0.87893097804901710
  0.89052413104508088  0.90114911191456926  0.91094551630068155  0.92067146544195766
  0.93045815230293438  0.94053227834275965  0.95072691798972808  0.96101048683645318
  0.97094520530767436  0.98079124175336363  0.99035487366279895  1.00000000000000000
 -0.00350638295100797  0.01168393860467438  0.02436256932654915  0.03662848820284943
  0.04905565777252084  0.06106864315577955  0.07265941601726904  0.08406110248108557
  0.09545314235255942  0.10646951946400693  0.11661379426138345  0.12692213308337724
  0.13786958595579463  0.14917916874060627  0.16057323758215372  0.17220005868303315
  0.18400797034723260  0.19575467979137787  0.20724112507070197  0.21832639425916428
  0.22916927618523669  0.23949890651365280  0.24949009552524698  0.25913890510750115
  0.26843147145888419  0.27798468465668219  0.28811954077645668  0.29894520812932607
  0.30983465488654416  0.32037258433901289  0.33065160094456131  0.34094328671205498
  0.35146169042030440  0.36230800969480614  0.37314043340196534  0.38378386323051072
  0.39426836353774919  0.40456977738233846  0.41483692968145819  0.42511812642545399
  0.43537694625337781  0.44539141808561478  0.45511633850797628  0.46490562773351124
  0.47467082134048660  0.48462689374428686  0.49471542545696112  0.50489512965767391
  0.51505288712019182  0.52509951769095875  0.53536720719342523  0.54603260317075863
  0.55672893316306094  0.56683619674673003  0.57628755129702880  0.58586776060707990
  0.59576276185167509  0.60575453941797341  0.61601251582693461  0.62614978688942002
  0.63635697271346436  0.64689844092094539  0.65774073752534523  0.66841886672562478
  0.67857762419188250  0.68899193150767579  0.69946442510586671  0.70942521748156795
  0.71884184879813573  0.72845032110479713  0.73795314620125441  0.74735758219144166
  0.75686313100769709  0.76640146557897326  0.77685122508779036  0.78789090771416370
  0.79875561787131366  0.80924630653306417  0.82011995919089598  0.83115496916481524
  0.84188152534954375  0.85275447781940106  0.86364467146652335  0.87405572191118441
  0.88415940264679627  0.89393556972663146  0.90434654454942498  0.91515102451765851
  0.92547713433326950  0.93593888774109413  0.94601071103987366  0.95616693318194945
  0.96665011857354388  0.97704789479076293  0.98844742857544510  1.00000000000000000
  0.03651886907693071  0.20822240048561280  0.29857746519942657  0.34379445401088349
  0.36239002434085604  0.37353970485539906  0.38206305809897428  0.38955433243316762
  0.39654675823210211  0.40302694221423291  0.40924890643879713  0.41545303045366688
  0.42160301994227728  0.42761714403150441  0.43350562950731653  0.43927362120308083
  0.44494702290005161  0.45064696481221866  0.45638267551230222  0.46221788675329251
  0.46821622186111594  0.47410751949784929  0.47961819373718612  0.48483625199312796
  0.48998316668087011  0.49532726269002564  0.50076158863536835  0.50617433827957448
  0.51143079728311991  0.51651456884241087  0.52164664196835631  0.52695778359633461
  0.53221169668840929  0.53789999745206729  0.54328238787148064  0.54867417033927379
  0.55413895078773800  0.55961571289824008  0.56484906207279950  0.56971393958495287
  0.57436416876993890  0.57892227038283595  0.58348202394725146  0.58824291644666327
  0.59303216420325788  0.59799304139845644  0.60304241549067661  0.60834023694648920
  0.61376145643826630  0.61911864686229823  0.62442760594321911  0.62992098210296843
  0.63557082344141091  0.64125802041824354  0.64695728130335117  0.65264137904721486
  0.65830941777818597  0.66400043602066572  0.66974637231210266  0.67552501360908102
  0.68148149856046036  0.68769911329861177  0.69409269290350684  0.70057806667305000
  0.70703437287678506  0.71341582193232134  0.71982282166099654  0.72621820647858526
  0.73226680151041523  0.73791906732059409  0.74359855916992301  0.74936393919782474
  0.75531730608752357  0.76136196250427268  0.76762012059745077  0.77425291383450368
  0.78127482238575185  0.78795131186922518  0.79483667652658607  0.80232348238637952
  0.81005169011392619  0.81808757887270445  0.82619545071473910  0.83418376328939903
  0.84179598570636616  0.84950046344524410  0.85749121281948182  0.86591976651952229
  0.87489906416622787  0.88460638493288346  0.89585606514741367  0.90803628416815452
  0.92079543038898293  0.93552363626246227  0.95733237030395701  1.00000000000000000
 -0.01357127534101562  0.08751120042379792  0.12520980419771743  0.14903271294512194
  0.16789631069371902  0.18420521912737023  0.19784807142174876  0.20948388782863486
  0.22034040435387001  0.23081366206629914  0.24068036135129503  0.25015144952503798
  0.25965584084536830  0.26893169622941421  0.27779663976876057  0.28629981340973348
  0.29443924779304309  0.30200272427185759  0.30929447345105487  0.31674891993281679
  0.32414501325514578  0.33158929603976117  0.33850909518573447  0.34517632724102082
  0.35172347820058592  0.35812434270503551  0.36448744626854684  0.37075277298789783
  0.37682747341072498  0.38263145519301073  0.38865108391557379  0.39469776055570210
  0.40072184303816277  0.40653782033731156  0.41235668660874542  0.41823345673979623
  0.42386999097365130  0.42950420827904195  0.43499622855280878  0.44065271869229383
  0.44657976053859294  0.45246171868888785  0.45799852030693594  0.46318660909987414
  0.46822674795901548  0.47332798963751499  0.47858404593565540  0.48392239747968568
  0.48923094349869117  0.49459260030542357  0.49997473825984740  0.50566167581354349
  0.51153340989359997  0.51721098949137823  0.52282706574176629  0.52846967720404237
  0.53417334749241685  0.53991591699236496  0.54578061017493240  0.55169956834552425
  0.55756575561209776  0.56332340134181103  0.56892201526962594  0.57437529046791513
  0.57995368044348106  0.58572379424847387  0.59235587810456847  0.59912668716743200
  0.60605662109022151  0.61266556738849298  0.61917793516811326  0.62577736871410805
  0.63260817302765271  0.63935660555284468  0.64612448019272206  0.65301351678281283
  0.66008359532058158  0.66744189914950303  0.67509052380609846  0.68305677138906229
  0.69144063028477010  0.70061076061467320  0.71011105683257103  0.71969365668256424
  0.72880861951816145  0.73798897715761091  0.74755458948262954  0.75840118102553722
  0.77008863894873281  0.78216554412437311  0.79548563999158783  0.81135728954577957
  0.83003203805985648  0.85339588289469548  0.88902406199472839  1.00000000000000000
   1.9028702926855200E-008  -1.0000000000000000     
 F F F F F F F F F F F F F F F F F F F F F F F F F F F F F F F F F F F F F F F F F F F F F F F F F F F F F F F F F F F F F F F F F F F F F F F F F F F F F F F F F F F F F F F F F F F F F F F F F F F F F F F F F F F F F F F F F F F F F F F F F F F F F F F F
  <DiscreteSampler_grid>
  grouped_processes
  1 # 1 for a reference and 2 for a running grid.
  10 # Attribute 'min_bin_probing_points' of the grid.
  1 # Attribute 'grid_mode' of the grid. 1=='default',2=='initialization'
  0.0000000000000000 # Attribute 'small_contrib_threshold' of the grid.
  0.5000000000000000 # Attribute 'damping_power' of the grid.
 # binID   n_entries weight   weight_sqr   abs_weight
    79   10   2.271569206742694E+003   1.346055367990460E+007   2.271569206742694E+003
    80   10   2.271569206742707E+003   1.346055367990471E+007   2.271569206742707E+003
    82   10   1.213885595448225E+002   3.843850556433516E+004   1.213885595448225E+002
    83   10   1.213885595448232E+002   3.843850556433549E+004   1.213885595448232E+002
    85   10   4.250834411719255E+004   4.713671947166063E+009   4.250834411719255E+004
    86   10   4.250834411719278E+004   4.713671947166105E+009   4.250834411719278E+004
    88   10   2.271569206742694E+003   1.346055367990460E+007   2.271569206742694E+003
    89   10   2.271569206742707E+003   1.346055367990472E+007   2.271569206742707E+003
  </DiscreteSampler_grid>
