  0.00000042623238677  0.00000137394053120  0.00000209367949549  0.00000276836254011
  0.00000358360608589  0.00000449472516759  0.00000542559411375  0.00000640906382971
  0.00000739811350457  0.00000835744954907  0.00000926532853812  0.00001012893115506
  0.00001097244754186  0.00001177718682153  0.00001260107200185  0.00001344129886934
  0.00001428896867183  0.00001509124336252  0.00001584184726528  0.00001655983041553
  0.00001725623564025  0.00001798691444460  0.00001868400018897  0.00001934584654697
  0.00002000196190745  0.00002060568808556  0.00002120416782960  0.00002180450725146
  0.00002239906505188  0.00002294785220168  0.00002339077603774  0.00002384924538508
  0.00002430838021602  0.00002477375202866  0.00002521574101009  0.00002564263021354
  0.00002606177240528  0.00002646071791765  0.00002685209407887  0.00002721722743288
  0.00002755502274992  0.00002787284472450  0.00002823894659465  0.00002859740924061
  0.00002890757687915  0.00002926338504226  0.00002968395760734  0.00003018616362936
  0.00004674557490053  0.00004780870364118  0.00004857669943875  0.00004923477377991
  0.00004983081394261  0.00005044502191488  0.00005104376262913  0.00005163230575984
  0.00005222899222329  0.00005288091258012  0.00005357336961063  0.00005430493313572
  0.00005506387689448  0.00005587030233029  0.00005673709517718  0.00005768097051870
  0.00005874379070038  0.00005983331272926  0.00006093473199319  0.00006222468588401
  0.00006363569428088  0.00006504761513350  0.00006656249176041  0.00006833801116570
  0.00007037307817195  0.00007265431125333  0.00007520181913767  0.00007786200503398
  0.00008079610083053  0.00008430558978233  0.00008830774872439  0.00009251330084255
  0.00009755701947491  0.00010362582929065  0.00011030246226832  0.00011819713146429
  0.00012810252059649  0.00013958853207484  0.00015358484741866  0.00017116071460643
  0.00019340077588040  0.00022440552681291  0.00027705348560392  0.00036041510669933
  0.00052032159593541  0.00086744503192759  0.06133181024510431  1.00000000000000000
  0.00961298524283831  0.01550393587002711  0.02366367217161433  0.03245608683143034
  0.04158027920783815  0.05093716379852736  0.06019139351393987  0.06951469047777159
  0.07983866920794509  0.08994257888956726  0.09951026820108769  0.10896532645886264
  0.11865241674431187  0.12912838182292016  0.13964160746950463  0.15062313689570109
  0.16212082570832165  0.17291697767936826  0.18201908055680671  0.19030181675267074
  0.19851035928487262  0.20752580745304045  0.21808033392425774  0.22866839584466864
  0.23888193810528735  0.24868428637672524  0.25769718964191962  0.26713171018007975
  0.27630828455427620  0.28619378028970444  0.29493569901963995  0.30263252558625603
  0.31067636083560257  0.31860307602597943  0.32651483833172323  0.33445386655365650
  0.34264480281213772  0.35029837245028772  0.35981560704236659  0.37207632028291993
  0.38607283651431218  0.39856780139793258  0.40952278977576057  0.42005924948381312
  0.43131835698683368  0.44361866466786948  0.45543454370146191  0.46733157514791729
  0.47854160159206083  0.48977101656352495  0.50036055467067519  0.51001519515642524
  0.51996446465211354  0.53098664614221636  0.54220810292758881  0.55338799491973556
  0.56453926269134502  0.57555506773975196  0.58620786101236333  0.59627416042388881
  0.60825653526401757  0.62262984915848174  0.63581469135175139  0.64745293419045735
  0.65844890640891618  0.66845134057013900  0.67726942703012094  0.68577212500618179
  0.69621063756008128  0.70739545473798260  0.71859384482347988  0.72913503478120534
  0.74278732014535653  0.75615731137079356  0.76865926762513093  0.77979523785753913
  0.79044784185794814  0.80159376193139864  0.81359538415982591  0.82566314705307264
  0.83597137250516229  0.84633601600112918  0.85697831250620515  0.86860925336060224
  0.88072815041344454  0.89156205423845181  0.90246277397527297  0.91270775531290771
  0.92243358228408734  0.93164196724504544  0.94092283507391861  0.95038622240627901
  0.96025726520790111  0.97121213885518676  0.98412419202492363  1.00000000000000000
 -0.00002296000831627  0.00026833113611137  0.00073132221840647  0.00147423920831616
  0.00231377355035072  0.00349421150496328  0.00472977870422522  0.00604681865363448
  0.00761895808065350  0.00941721026318824  0.01136691394340157  0.01356963948298095
  0.01579621694048568  0.01798059856593702  0.02067683740378835  0.02381126612533824
  0.02698269185607945  0.02985452928892148  0.03260698039395082  0.03565991617050730
  0.03857566294055356  0.04156696602074689  0.04518248886036998  0.04958462185765504
  0.05465848023216216  0.05987107873821661  0.06528103696648146  0.07059289726718720
  0.07524078982998968  0.07974712576203896  0.08414107652143896  0.08871469057150103
  0.09371823496825450  0.09904605126234055  0.10473427443259509  0.11045509419857166
  0.11568034279783207  0.12076680525851081  0.12575460156283491  0.13063658722289778
  0.13585506422317611  0.14138580213358592  0.14950898083210051  0.15889731136118795
  0.16863091243796546  0.17804053577347809  0.18644444996033302  0.19345746758057306
  0.20067830215978805  0.20725563262472543  0.21361721565949060  0.22000200406351159
  0.22623296456592196  0.23239977489258215  0.23872727783441608  0.24518802119479302
  0.25205096183483244  0.25906647587479165  0.26630945582072019  0.27277207099309297
  0.28024977510386334  0.28863267787195723  0.29769614581096498  0.30731231018248162
  0.31742082385377440  0.32813487339956482  0.33913428579772853  0.35098615296837155
  0.36375570566153598  0.37709564720571637  0.39082730590216275  0.40448609066898455
  0.41775158998993794  0.43156199296238040  0.44631134790975951  0.46080703001475887
  0.47572744896806263  0.49083198804472478  0.50646580421763920  0.52309342419365812
  0.54044035438879368  0.55657383601510668  0.57362025736269251  0.59267693246118103
  0.61210312552529456  0.63220734883903040  0.65875840330454039  0.68607257013625877
  0.71520342355221156  0.74663567643605011  0.78036046133853221  0.81495613233709374
  0.85048794006668493  0.89258845360294048  0.94538770498679137  1.00000000000000000
 -0.00171766928225166  0.00854074492364053  0.01747143151255127  0.02743873242284978
  0.03826557197166273  0.05018102503871404  0.06179628577547613  0.07353252506782798
  0.08556338722935103  0.09554981950456094  0.10622776328287505  0.11638074328567008
  0.12682148252203737  0.13590638680529429  0.14396389720534902  0.15219385072986236
  0.16093777302761886  0.17185331009221036  0.18223773497529608  0.19309529431102979
  0.20499132639512410  0.21797809296578924  0.23085157168876411  0.24217276192121229
  0.25275024750769343  0.26273551238778753  0.27182755681217208  0.28074916756979446
  0.28942798673664916  0.29879496609949524  0.30836740867605372  0.31857834229992760
  0.32868911222816177  0.33867593972175825  0.34867033966697891  0.35861670838724408
  0.36885554905271351  0.37870571662380403  0.38834789889706645  0.39900964299167074
  0.41062298469615416  0.42191065656040927  0.43184109650771019  0.44163402956531439
  0.45290681374205022  0.46439286313014805  0.47465468486066104  0.48435868832596551
  0.49425093536184828  0.50395509175559461  0.51413504242417629  0.52462618326042032
  0.53535572306229606  0.54610865308641443  0.55649401441034674  0.56654883274199963
  0.57629149369020294  0.58615111729065539  0.59647008220409548  0.60682630665221771
  0.61670502394416138  0.62755158510377063  0.63802888531478397  0.64795084007956161
  0.65740515689239998  0.66801527443106368  0.68119894623956789  0.69423532903789753
  0.70636263543629374  0.71705808187309306  0.72707545678315377  0.73740449175676936
  0.74778170933127730  0.75785543582724835  0.76843975210996351  0.78097445925867626
  0.79350845483510335  0.80499165800158623  0.81639601510495974  0.82837283998510003
  0.84147332005503395  0.85490236921393270  0.86336071126533853  0.87213354014597633
  0.88101880097340068  0.89011480213366101  0.89906373788282523  0.90772766828779294
  0.91792730531768085  0.93146162639712116  0.94560439797289064  0.95884109039847376
  0.97006710347435809  0.98054089404421241  0.99054940552680926  1.00000000000000000
 -0.00353538832462268  0.01108641629431138  0.02287499463922865  0.03341744733819668
  0.04403390788166035  0.05515293822809474  0.06639612763781949  0.07760237054841354
  0.08927462838458786  0.10192495482744895  0.11495713570182022  0.12772494980709589
  0.13969423980994658  0.15092254964028062  0.16173674068025284  0.17233961843857479
  0.18260596351500283  0.19250207486467102  0.20217745207806437  0.21190518163775890
  0.22271625332393064  0.23301700299201361  0.24286377678916266  0.25199805373516082
  0.26116825943314725  0.27033451823096988  0.27872533906445246  0.28673226254883538
  0.29455659992245731  0.30315553867749406  0.31220516611833310  0.32090508079714086
  0.32939704467230174  0.33747911739671560  0.34637756341014153  0.35603940904682863
  0.36706164031990079  0.37865891559636611  0.39292250456831362  0.40478593571669030
  0.41579475264751142  0.42687923998945132  0.43825587666219634  0.44859581503547896
  0.45740833569512029  0.46659280734298214  0.47591920831566503  0.48651511122038682
  0.49779007828076022  0.50925922373663512  0.51972428153954287  0.53025328078311751
  0.54042358483548059  0.55073050371001819  0.56063116989187500  0.57208875074281851
  0.58476329876907640  0.59814047720970942  0.61178276391495190  0.62452150889827751
  0.63659346271611650  0.64844423365591619  0.66005837577124038  0.66967419829777730
  0.67734937662159767  0.68500523686683568  0.69283788747172725  0.69998696464417132
  0.70652019786331466  0.71425723240290528  0.72207816965906313  0.72892951083487478
  0.73823477564359463  0.74890414287171270  0.76266146941355406  0.77896495732583027
  0.79402670432775346  0.80715778501264079  0.81938985700875333  0.83118711159307623
  0.84216230348803578  0.85297724504314154  0.86408338536308615  0.87501237964927414
  0.88497992845379425  0.89413280916490256  0.90312696086631039  0.91289011929718933
  0.92398883467081339  0.93543858178173223  0.94656445177681869  0.95782110344848526
  0.96980922491439092  0.98066757937236648  0.99056719632775236  1.00000000000000000
 -0.00238596228630529  0.00967040350178384  0.02019416556303936  0.03194116992706537
  0.04415971278555209  0.05643758940775169  0.06906491890618907  0.08188630290016900
  0.09430292825454367  0.10690332884522993  0.11922407868738107  0.12967084297371778
  0.14014185939022122  0.15059836107469635  0.16191401221772023  0.17369910814499945
  0.18538864994437837  0.19685773686903527  0.20836403512606569  0.22044975186275789
  0.23361917035373406  0.24572045340039744  0.25820289117693673  0.26864616025926741
  0.27724195765325588  0.28460321925222942  0.29243864419692855  0.30030113514885765
  0.30772217454657597  0.31523874444265609  0.32205258438546852  0.32928398949573789
  0.33743445421651247  0.34789218885558409  0.35792164740639676  0.36795830818034042
  0.37742370512184714  0.38702943569081177  0.39665948712922577  0.40676392423964602
  0.41733058592230621  0.42770514477234800  0.43736669131369765  0.44665879684706761
  0.45642788736564049  0.46625788394521739  0.47545124804871114  0.48480870331180681
  0.49483671961127701  0.50399995508853623  0.51362455413841013  0.52408264074748556
  0.53697900141648569  0.55020337291114652  0.56200434626660567  0.57248443250875414
  0.58261045731321348  0.59300427358343188  0.60354261247890950  0.61456844747458073
  0.62596950097750703  0.63820751428366995  0.64997480790183182  0.66051785481215652
  0.67126073281802168  0.68201370562942309  0.69206757179304590  0.70255417882704740
  0.71368029856775017  0.72448666026567943  0.73537574930569705  0.74548233485927828
  0.75526048478591690  0.76526983977388963  0.77505058434762586  0.78496924761937537
  0.79469859964965561  0.80342901386898868  0.81238424871570625  0.82277538597094446
  0.83527100941806443  0.84995315721951825  0.86244438799657042  0.87247179910545603
  0.88208289954795893  0.89161432955524456  0.90095550494485088  0.91126218214701293
  0.92418215942763027  0.94099156828700314  0.95370061161194186  0.96403538133209798
  0.97351101357194192  0.98250308965799560  0.99128356505566251  1.00000000000000000
 -0.00109184696443937  0.00371656503585900  0.00829469650013156  0.01275067610308168
  0.01715422892439787  0.02157540243135343  0.02639325733999322  0.03151255769225963
  0.03630688359242626  0.04066119552741389  0.04479651094237508  0.04890097706871386
  0.05306260243862039  0.05736504216237093  0.06202113522463624  0.06691778085782485
  0.07148686973975428  0.07568433401257493  0.07997249244117394  0.08474225102921373
  0.08977969805047392  0.09529182227164915  0.10116123455745953  0.10706879703936040
  0.11206992035525512  0.11690815387115017  0.12182870780728032  0.12645268608379240
  0.13080862934022533  0.13497012040628198  0.13909644264992813  0.14327569556643618
  0.14724551174653377  0.15118999324674587  0.15544480906935984  0.16048278838859456
  0.16597810882510930  0.17142813188945075  0.17664954753654905  0.18165417260821706
  0.18664019057897374  0.19180772551569614  0.19711134544326908  0.20233722574325116
  0.20741370766885364  0.21281945492651561  0.21835711933244653  0.22362435967952635
  0.22843886526337406  0.23334962608686857  0.23827541538027489  0.24342354984793932
  0.24871907616806477  0.25374279466779809  0.25879763745429968  0.26408042763462702
  0.26956648646646825  0.27520009499671977  0.28074684203399614  0.28607765941703989
  0.29106265043144192  0.29650611892119849  0.30222055180308527  0.30783805767512706
  0.31464023113207940  0.32203172158263949  0.32925064723898223  0.33648969392520717
  0.34406349024201088  0.35211711903334281  0.36005268771395316  0.36808144197981896
  0.37629535987905877  0.38482229381876837  0.39339857380814247  0.40134447803591028
  0.40886977973502925  0.41638365012427059  0.42613119580847625  0.43716975492496335
  0.44953104660072790  0.46191547912497033  0.47465142113773195  0.48824594654509706
  0.50360807761313242  0.52086590929827958  0.54022559893385802  0.56059245960703918
  0.58162829002735839  0.60435607593733554  0.63420710265758651  0.67062612969331192
  0.71184350042129441  0.76331163872527397  0.84982019913802009  1.00000000000000000
 -0.00288010556761352  0.01173523871766405  0.02535332980358410  0.03895692033700811
  0.05196547166563846  0.06328550887187008  0.07424489829168132  0.08470180343735779
  0.09480707344251289  0.10468351944949951  0.11508540405018979  0.12528454794516286
  0.13511404747403724  0.14576474096787390  0.15757323045808588  0.16908586625018038
  0.17967720283518190  0.19065202833292308  0.20191146830773821  0.21197572505446693
  0.22137053099338877  0.23075450193957997  0.24039600869501346  0.24975982607353012
  0.25772802274125611  0.26563603940530212  0.27384721564314318  0.28161098543187685
  0.28904256159427671  0.29733012338826637  0.30586368934654912  0.31543352250162315
  0.32531674874429956  0.33511087433448250  0.34505407875985750  0.35486450474329712
  0.36571205295937725  0.37689650722742640  0.38792065957506411  0.39760791620083286
  0.40702902166900146  0.41591329361597068  0.42467795025214322  0.43443924463934219
  0.44448638878087726  0.45654681777248679  0.46857602597606041  0.47975697360270342
  0.49175105986894563  0.50300796584082308  0.51406354505994056  0.52361015889731288
  0.53426471528536834  0.54501081748604918  0.55616760228364592  0.56917949699439996
  0.58155161137034084  0.59465032708984111  0.60748633328875590  0.61934592621670148
  0.63024669589058269  0.64046366144567668  0.65043796525770448  0.66060453785071627
  0.67043949405540793  0.68052604830571051  0.69174220542612019  0.70347059773858889
  0.71473099831993114  0.72537597040658774  0.73619589748647274  0.74784184379865837
  0.75948436453030999  0.77002209081917605  0.77946973573071054  0.78865442622759441
  0.79893025275691931  0.80928924041483685  0.81894140476368282  0.82860560837857800
  0.83907077668408048  0.84999491706943009  0.86068081240096550  0.87091773507767523
  0.88118297312339267  0.89178513482494992  0.90309313866754948  0.91424849949115594
  0.92510599041460473  0.93615030335938210  0.94755387706527450  0.95927537063745316
  0.97064728684741031  0.98092931258504468  0.99072145862994043  1.00000000000000000
  0.08648495237772727  0.20174018111717082  0.23360424823070494  0.26752887497423605
  0.29983036313005085  0.32430546240085018  0.34584991725403769  0.36343068875565571
  0.37834510279755962  0.39093143770588967  0.40154789397334517  0.41076537933996027
  0.42054728929599677  0.43077639230846398  0.44125010583540963  0.45100463512716232
  0.45930110186147960  0.46870039438699873  0.47849921551156321  0.48783030725160759
  0.49722210210908496  0.50593240077893342  0.51453417869163287  0.52330877582903301
  0.53207609755202145  0.54045042850198932  0.54823484078171258  0.55602453283136399
  0.56355760898941598  0.57202406990841381  0.58174365454580634  0.59098842905521842
  0.60058389499600218  0.60849663359931405  0.61632385495921849  0.62422858674836412
  0.62956498046041620  0.63529450342722837  0.64132067692316697  0.64713007099623610
  0.65260381852389149  0.65800716581737062  0.66392493230739591  0.66966596627167985
  0.67512896838727787  0.68036886398879326  0.68565025089195242  0.69111151721774122
  0.69668144445938096  0.70269953114929995  0.70902787739624973  0.71601213524237728
  0.72328558122110265  0.73027378437225587  0.73719561128093392  0.74344323244408428
  0.74937920520630352  0.75516695590943239  0.76109733348578656  0.76761133103272450
  0.77372866152249897  0.77890417713475479  0.78409663041128808  0.78924115113042836
  0.79377444364743155  0.79800853747366396  0.80225638275876665  0.80658589479582721
  0.81064535861045883  0.81469299129118922  0.81880346730057429  0.82282370487553858
  0.82718060694818141  0.83146276757825555  0.83567845453073097  0.83961463822278048
  0.84363402569966095  0.84785566173478577  0.85222745041264825  0.85723914298391957
  0.86332031386014429  0.86951412180694654  0.87612117707761561  0.88293923223346860
  0.88980131974742682  0.89652536980062847  0.90329425908351235  0.91017077178872396
  0.91625336470684859  0.92216254042952217  0.92825031292090321  0.93604428772354753
  0.94600055376219494  0.95788193338831951  0.97565223112453958  1.00000000000000000
 -0.02047026353501531  0.11700618887105523  0.15561611002966508  0.17898997109789436
  0.19824616526213470  0.21437434208851952  0.22855962808804409  0.24224875503344079
  0.25455955112131445  0.26594886268757845  0.27665877434774067  0.28781166726109614
  0.29834106982412101  0.30860530206151576  0.31649314704419124  0.32236106623696203
  0.32806465159955689  0.33376455096314689  0.34002022455652797  0.34651129116530599
  0.35313540386456554  0.35991655292618224  0.36645266430870860  0.37282525567550273
  0.38015549860717029  0.38695502303709850  0.39339115772547950  0.39940582277297976
  0.40561605919508897  0.41175049305303202  0.41754886346014841  0.42303161846608200
  0.42840708457242593  0.43364973627756309  0.43914091491479079  0.44491046166865283
  0.45116244993138016  0.45786987344610197  0.46483084894173360  0.47142962329925531
  0.47777699711699678  0.48420084255232237  0.49019372213283396  0.49595910941328797
  0.50227132651973261  0.50902948655002933  0.51590627548666890  0.52236861364403808
  0.52838104223428517  0.53417765403433304  0.54060607544620309  0.54676075407021696
  0.55297080446991098  0.55875544471619487  0.56402171242639310  0.56915213971815148
  0.57428464921861633  0.57965324647617000  0.58534515761184769  0.59103068825706329
  0.59670500073721100  0.60269813248679216  0.60980768125201490  0.61764169723221984
  0.62514890950188151  0.63207241089002186  0.63846810287189193  0.64493693615147707
  0.65100522860221022  0.65701244385992208  0.66334032221815253  0.66981453735960927
  0.67621743854478344  0.68267189365384806  0.68914409067334315  0.69551832652837320
  0.70248443226367785  0.71010700622652845  0.71765915169877303  0.72491439811396341
  0.73270372795085237  0.74093731851798039  0.74895617864442443  0.75829215385403237
  0.76895599136791370  0.78005351205646434  0.79119215890088845  0.80262708827239893
  0.81421137409190192  0.82729759405020920  0.84315341777258379  0.85970355313948343
  0.87623948744353997  0.89647269145350861  0.92766252158533191  1.00000000000000000
   3.9289295856217290E-011  -1.0000000000000000     
 F F F F F F F F F F F F F F F F F F F F F F F F F F F F F F F F F F F F F F F F F F F F F F F F F F F F F F F F F F F F F F F F F F F F F F F F F F F F F F F F F F F F F F F F F F F F F F F F F F F F F F F F F F F F F F F F F F F F F F F F F F F F F F F F
  <DiscreteSampler_grid>
  grouped_processes
  1 # 1 for a reference and 2 for a running grid.
  10 # Attribute 'min_bin_probing_points' of the grid.
  1 # Attribute 'grid_mode' of the grid. 1=='default',2=='initialization'
  0.0000000000000000 # Attribute 'small_contrib_threshold' of the grid.
  0.5000000000000000 # Attribute 'damping_power' of the grid.
 # binID   n_entries weight   weight_sqr   abs_weight
    43   10   3.433300690452103E-001   5.075129129394005E-001   3.433300690452103E-001
    44   10   3.433300690452100E-001   5.075129129393988E-001   3.433300690452100E-001
    46   10   1.834693937834459E-002   1.449274553773878E-003   1.834693937834459E-002
    47   10   1.834693937834458E-002   1.449274553773874E-003   1.834693937834458E-002
    49   10   6.424806551098145E+000   1.777229553430925E+002   6.424806551098145E+000
    50   10   6.424806551098139E+000   1.777229553430920E+002   6.424806551098139E+000
    52   10   3.433300690452103E-001   5.075129129394005E-001   3.433300690452103E-001
    53   10   3.433300690452100E-001   5.075129129393989E-001   3.433300690452100E-001
  </DiscreteSampler_grid>
