  0.00952558266633952  0.01709902922156100  0.02780719104707904  0.03973216597864203
  0.05088179551849589  0.06163839640321307  0.07213120961041972  0.08273306245248456
  0.09336165273422711  0.10374822170130381  0.11332288584779877  0.12229808828549998
  0.13174138978773603  0.14119634381553040  0.15101573726614012  0.16037023122215133
  0.17003897348756808  0.18037294221870845  0.19145272860197701  0.20286153285058525
  0.21397391948675731  0.22570090065990794  0.23630812613680893  0.24750662239752153
  0.25888063895483826  0.27152544524485422  0.28407467769602879  0.29587411632934363
  0.30710396338126122  0.31812174343609739  0.32835822931069469  0.33911691861829424
  0.35013466610126903  0.36212073121496696  0.37310548170745605  0.38317018420071114
  0.39307048923794935  0.40366815496651154  0.41416305084175176  0.42511632637146496
  0.43536951573081040  0.44490468728822918  0.45413089340604529  0.46414908054505366
  0.47412105271359600  0.48460233930997665  0.49524818501174556  0.50713222863783636
  0.51885766260847932  0.53014535777321392  0.54166015384647215  0.55224961380689186
  0.56156784509268465  0.57046778836568668  0.57935100342180745  0.58897100579880302
  0.60003765863016312  0.61208830169152340  0.62353490520963184  0.63382724185430694
  0.64334248940599048  0.65311063879776032  0.66314859352473532  0.67324714397590857
  0.68285774654361653  0.69225740466537367  0.70194970353758068  0.71175697342030619
  0.72070168453593697  0.73028732520919504  0.74078477500143380  0.75298156629055524
  0.76537241790289723  0.77654124194833463  0.78639387194221544  0.79608617576711871
  0.80635437280273459  0.81617787220738214  0.82445919465960305  0.83252044091510513
  0.84134147827486139  0.85242297634636011  0.86482147429597955  0.87593008876522493
  0.88720808959641118  0.89708299330823082  0.90721229229488309  0.91707271375791810
  0.92654155838691610  0.93699639037749083  0.94856907750633013  0.96064479758039933
  0.97189603710901429  0.98216107604912462  0.99100672527335054  1.00000000000000000
 -0.00364525673938047  0.01776719657967524  0.03253727642940225  0.04503389762879417
  0.05521371474599693  0.06461656386571710  0.07401858845208625  0.08393952207416867
  0.09571917446255990  0.10741999490008616  0.11830459503574897  0.12842702157580677
  0.13756964828153712  0.14658655379643537  0.15543154989275557  0.16472815332784660
  0.17566308695650784  0.18682545774735282  0.19803583918846579  0.20887141561140063
  0.22008409483014618  0.23100423508208223  0.24126724872992544  0.25014777563016122
  0.25870460412131330  0.26766123868949571  0.27782846219036239  0.28704905516288004
  0.29606847465597741  0.30517472311250954  0.31480709946615426  0.32477355552818826
  0.33472234019136676  0.34481184180978269  0.35547835391515914  0.36706755831406018
  0.37786111399060995  0.38740501166059910  0.39645733110439352  0.40551856358222282
  0.41438701532348654  0.42351413554176431  0.43349212615556243  0.44473766435397688
  0.45547113522153804  0.46515146650570877  0.47418081711147148  0.48381833026682375
  0.49409497506044880  0.50484808203433662  0.51647920791610891  0.52849657845840137
  0.54058070839404226  0.55234390478428341  0.56334751010311523  0.57328624852437160
  0.58289310868257205  0.59265719463866251  0.60280193430992424  0.61333656997499120
  0.62460751575822882  0.63518119335472567  0.64483476165683351  0.65428159088922666
  0.66432082192370689  0.67491907983277644  0.68560994941842246  0.69553826894048110
  0.70545851467472698  0.71589824407285496  0.72682106593428020  0.73788049935136624
  0.74895448834636102  0.76039718971273729  0.77227568822694848  0.78418125375564396
  0.79631834332469897  0.80863021472036378  0.81982055956147459  0.83044215664153909
  0.84135209274802625  0.85238297855102718  0.86221116403990850  0.87238780420452433
  0.88253490874745621  0.89222786895567707  0.90159730101447411  0.91154692178640218
  0.92323588934098044  0.93521102739384621  0.94579945503554697  0.95568705432265111
  0.96618207901216624  0.97714865163712916  0.98821501259416211  1.00000000000000000
  0.00000016687594637  0.00000888140087960  0.00001313257949018  0.00001620726644472
  0.00001901176487907  0.00002170307883512  0.00002431230648798  0.00002683203106616
  0.00002941031563138  0.00003198516971074  0.00003443757050184  0.00003684453230288
  0.00003934137252124  0.00004200481432536  0.00004470180014067  0.00004732460822613
  0.00005000077329097  0.00005265235105606  0.00005543163278267  0.00005838033562521
  0.00006145029300589  0.00006469942195081  0.00006808744594752  0.00007151509066325
  0.00007490723651744  0.00007816228434331  0.00008145850152898  0.00008472477024973
  0.00008827612640470  0.00009191212380928  0.00009601190956729  0.00010005142006267
  0.00010402369190717  0.00010821774275462  0.00011265412925885  0.00011713194520691
  0.00012136654101184  0.00012614546418607  0.00013089010206113  0.00013591701860245
  0.00014129117094292  0.00014688963257488  0.00015236803570612  0.00015770577016298
  0.00016326042010234  0.00016926070559567  0.00017550572611212  0.00018185252128063
  0.00018811110357858  0.00019396291906198  0.00019959441550846  0.00020560918289380
  0.00021282206356961  0.00022203488804979  0.00023175141169050  0.00024191530018618
  0.00025328257264027  0.00026472703625975  0.00027545245608658  0.00028588122493232
  0.00029638152465102  0.00030605105384283  0.00032103197560838  0.00033483697113692
  0.00035110952864281  0.00036770328880851  0.00038584510142723  0.00040490767530461
  0.00042313187282689  0.00044067396181057  0.00046049792500154  0.00047980206898123
  0.00050529384587367  0.00052686592275509  0.00054881850365794  0.00057195932670858
  0.00059744466078163  0.00062995394542866  0.00066980495573666  0.00070761599297816
  0.00074618491520312  0.00078870397391089  0.00083427650952185  0.00088804369703711
  0.00095716602827915  0.00104962271813340  0.00115581956523863  0.00124917659253515
  0.00132572478799534  0.00145344782499483  0.00162562687323121  0.00182548659155083
  0.00224396078464085  0.00298573400130130  0.00417900082616140  1.00000000000000000
 -0.00328339176159483  0.01307223441030962  0.02406619619866933  0.03467847089895913
  0.04435257242961170  0.05453673732396030  0.06567854277300228  0.07779618855223047
  0.09024367727997065  0.10131423028516280  0.11132536224446056  0.12086751165395604
  0.13086439376883285  0.14131821085037952  0.15222993088119161  0.16367978067523009
  0.17527314616029255  0.18756164564987157  0.19893098538755688  0.21020960962496599
  0.22073032695761283  0.23111835341172682  0.24155956810445894  0.25182624031744594
  0.26194167624721881  0.27239942630779418  0.28330586135435737  0.29534605308243572
  0.30681474707837003  0.31937908770728723  0.33111352256589660  0.34195117720994828
  0.35207361372387824  0.36294898822659244  0.37419777451884167  0.38504955822136155
  0.39520653353061846  0.40554930908993952  0.41592857342293832  0.42648098055212497
  0.43736661651490244  0.44811469264808157  0.45842994159931599  0.46874248452804540
  0.47951700227694666  0.49090349223031116  0.50313336033237654  0.51472762648245940
  0.52577000288305964  0.53608196761757732  0.54543995969644810  0.55493932653374523
  0.56411112158909948  0.57299364510079032  0.58091760068045706  0.58867210276914039
  0.59692508166180336  0.60643274586905760  0.61688398558431390  0.62827678853243563
  0.63846301951696638  0.64830100282062164  0.65849002918657673  0.67001155001682278
  0.68216818122375256  0.69322059901747990  0.70382543194666325  0.71457300444843841
  0.72566674037160550  0.73632647197294521  0.74659793501914873  0.75696006991478015
  0.76758304267194133  0.77829161929000767  0.78744632989012320  0.79633871239376475
  0.80546580398747991  0.81401418022451077  0.82217420801244978  0.83042419491428177
  0.84051171760424948  0.85117174481828750  0.86118793014621831  0.87032224205320663
  0.88005224030483542  0.88981516667557159  0.89922425560120045  0.90882452055108354
  0.91929812615021200  0.93056552564881923  0.94190041089866039  0.95315836549986632
  0.96566940744999408  0.97820204499404262  0.98956656538267318  1.00000000000000000
 -0.00304901449844766  0.01446289004685284  0.02704740280955927  0.03755428879194293
  0.04769745162106721  0.05683802577285667  0.06523438623215434  0.07351815084554462
  0.08216629105470347  0.09089923153488427  0.10014642610722155  0.10972923965228278
  0.11881837987324588  0.12809141217653625  0.13801810706641149  0.14687236542381837
  0.15638465831187243  0.16573570966498682  0.17763252472348182  0.18967219500334245
  0.20247555816566604  0.21473209159001933  0.22619478617672634  0.23567008866701888
  0.24522238192366039  0.25467793594446392  0.26492536298483088  0.27581688206776611
  0.28761033839067490  0.29929962587617465  0.31057870976528285  0.32196790875314407
  0.33386068724413065  0.34690518106245538  0.35900132706345195  0.37023299367733553
  0.38100051955413450  0.39198724970375742  0.40290541628610893  0.41385597167919452
  0.42467015097158783  0.43466582875484550  0.44362278924854398  0.45221942047238844
  0.46109661782534761  0.47052078707154843  0.48006374982117189  0.48933946396635442
  0.49910188377018355  0.50966455532779265  0.52041475949165050  0.53112357801333432
  0.54214577855821244  0.55274709730052751  0.56224459654500414  0.57076350246124841
  0.57938814299945807  0.58872960727878942  0.59890444130331211  0.60940829930002471
  0.61947685802276209  0.62951496425338271  0.64016423266973499  0.65078996365029729
  0.66191052240512249  0.67344000564578221  0.68581241379093516  0.69739854825040737
  0.70845931050689392  0.71876960565095205  0.72893114433899797  0.73835294498096882
  0.74784681864280089  0.75776691538134977  0.76860517351393542  0.77945680814872953
  0.79083794000575902  0.80213373661975651  0.81395576564346594  0.82517561327133970
  0.83684306832964284  0.84874398585519439  0.86100080751295338  0.87286313918466385
  0.88462008772628231  0.89642775571077005  0.90823072053709086  0.91948112895733924
  0.93043888758951010  0.94133627095284189  0.95198721530194330  0.96280587316298827
  0.97289809994098542  0.98247711615851618  0.99164534644337454  1.00000000000000000
 -0.00131320734567957  0.00818038336194771  0.01583562368408694  0.02434570286284452
  0.03215153520269812  0.03973705719037676  0.04730020089251609  0.05516068668947878
  0.06425196757787480  0.07348257695243735  0.08188192600269348  0.08967226930222799
  0.09776928822722647  0.10688471171785353  0.11632039356292985  0.12538689189209506
  0.13453747845597355  0.14411254731545423  0.15405737795181371  0.16478008366982352
  0.17553221818357173  0.18606965847078114  0.19644941300688901  0.20721628271353437
  0.21981830273265357  0.23336010323230741  0.24552526800101607  0.25691868195059148
  0.26786366781434479  0.27942932373734475  0.28959196109716301  0.29899300295744291
  0.30818030000287283  0.31769007201269173  0.32727996475900700  0.33796523597752887
  0.34772072107011065  0.35759019822465510  0.36689329524525538  0.37565648931064149
  0.38424187971799079  0.39336013473806103  0.40546762966415067  0.41866936307898284
  0.43174024725180876  0.44263698777418625  0.45286868448379514  0.46245042064050379
  0.47323878825894994  0.48460879306640658  0.49584620389960787  0.50701235294196934
  0.51833294298424715  0.53034985712978999  0.54164569167714394  0.55189073865417027
  0.56229915350920001  0.57300071009072906  0.58352691070491924  0.59365357045862854
  0.60499901735925210  0.61852095581314759  0.63287827095631732  0.64558264190694037
  0.65921359735651930  0.67204963591893263  0.68493559993139830  0.69716503839418442
  0.70907577575597358  0.72111725330173859  0.73387229906347040  0.74775437505619002
  0.75979111546599432  0.77053560157973500  0.78122682413083966  0.79223203775827244
  0.80185537810716823  0.81178624256286414  0.82350183125960696  0.83576704334110974
  0.84668771456923386  0.85719722948774313  0.86851867140943706  0.87931057368026877
  0.89089879627892676  0.90250476661656409  0.91391760994996751  0.92489460524531675
  0.93531338087779059  0.94512960938839652  0.95478265966080988  0.96501644827953215
  0.97489788849551640  0.98382618536554667  0.99177460712459675  1.00000000000000000
 -0.00250562558246978  0.00979784474909439  0.02084321591735160  0.03054618419685254
  0.04082768272889574  0.05096628648494708  0.06231276737708442  0.07437944513365773
  0.08590098055734599  0.09682618281869966  0.10745910782238723  0.11774809405454487
  0.12771863214663123  0.13753333350657729  0.14740606594480649  0.15778952545058636
  0.16837430527244654  0.17953559510865344  0.18981307574250414  0.19991775552047500
  0.21005169041852989  0.22030346335450646  0.23081185597690740  0.24108956064963649
  0.25213322671169319  0.26388403939321076  0.27524784580830225  0.28586729339358902
  0.29633677676741732  0.30648064866447799  0.31649312573042271  0.32639636950452761
  0.33758729368197266  0.34870687763682007  0.35958237485796646  0.37128828035355033
  0.38393944289786164  0.39654424428660395  0.40756539883567033  0.41749780615603105
  0.42739194859090318  0.43627446044371965  0.44454072499560709  0.45277611582770250
  0.46229479609823693  0.47309900376828018  0.48405422710735363  0.49553821575991153
  0.50715405076764519  0.51916464229336379  0.53046292138557394  0.54148512557513506
  0.55279823963204155  0.56394332611349673  0.57458404418342746  0.58543453695837244
  0.59692573096538049  0.60823537548530615  0.61881176682566053  0.63016183990454544
  0.64228499469490297  0.65340007875585016  0.66352345547461755  0.67313226068431853
  0.68253409165643020  0.69170555268866973  0.70098631627005126  0.71115653934507816
  0.72242240762977439  0.73331876149221509  0.74295099085224459  0.75373531576805541
  0.76567239625336669  0.77965608884833504  0.79242614970208913  0.80362178861132649
  0.81361104090705449  0.82338825968067175  0.83370526208203866  0.84440070054971217
  0.85495998360079184  0.86470125331921222  0.87440926728761070  0.88401385526925214
  0.89392791980254416  0.90325704377489746  0.91245320890650505  0.92216025319382922
  0.93216792907008106  0.94258813736003999  0.95290794787108679  0.96230070245403010
  0.97129128650796093  0.98043490123387811  0.99017148272658662  1.00000000000000000
 -0.00220396479005298  0.00910134482017486  0.01886500004906617  0.02969707302440605
  0.03985996054017670  0.04984961277606095  0.05953283663558184  0.06919248486605081
  0.07916359061667259  0.08933014251339118  0.09884724954263199  0.10791123686931929
  0.11643306538244472  0.12514159459964810  0.13409812104314278  0.14278372106943660
  0.15244181983469399  0.16284863990635506  0.17338078983692465  0.18457040103397274
  0.19477981685151927  0.20417097940715059  0.21280419421049482  0.22150282221311055
  0.23073490887027220  0.24087008380630021  0.25108766339756433  0.26116677170383346
  0.27068934027824021  0.28011243104874001  0.28990691429395815  0.30021658091783215
  0.31088740160432254  0.32083062624936348  0.33025490259248425  0.33957418387153054
  0.34862475925613584  0.35853511522773135  0.36775748579123679  0.37669184985343945
  0.38527462714266525  0.39463234396286351  0.40524409910146625  0.41629772031222245
  0.42736179527363721  0.43790214610432920  0.44831103138345296  0.45869470370610976
  0.46944977763557594  0.48124117282869922  0.49226034515285583  0.50211649054004326
  0.51175987135961265  0.52139685634175692  0.53212887256545383  0.54236949195052409
  0.55158308985611315  0.56057971531681161  0.57062523265008269  0.58157668602160417
  0.59234767659332910  0.60264241573696065  0.61320362868802758  0.62446712908679713
  0.63571893881731378  0.64619526765898738  0.65574321768732780  0.66552873519321010
  0.67669840496066369  0.68886108959777226  0.70114722704544241  0.71341404697862276
  0.72543134620927707  0.73646684833629317  0.74688973631716715  0.75733430709672001
  0.76780193428649868  0.77800188073127385  0.78797909148126477  0.79892104186237300
  0.81121092929929284  0.82405322150243598  0.83724606905765120  0.84947553299875844
  0.86154911098311227  0.87447186106128649  0.88793974559060107  0.90076863453024514
  0.91311978582293529  0.92556646479029547  0.93791776961139761  0.94967394843982678
  0.96182828645481055  0.97480622173116849  0.98763028404085718  1.00000000000000000
  0.03789581801176267  0.21046390977660442  0.29188339762070098  0.35111455969910710
  0.39518390166227568  0.41660015562221436  0.42863230027473209  0.43823907245128024
  0.44601383336149047  0.45353748162890656  0.46056040239886775  0.46699688375913773
  0.47330179966856151  0.47885960214067885  0.48455412436156448  0.48992408135710158
  0.49541108717259319  0.50062470901091538  0.50555532240149803  0.51029097732245776
  0.51507626153612984  0.52018294936114129  0.52577427383239872  0.53189094030684647
  0.53742219565474669  0.54232053513979450  0.54698608757461509  0.55135872804274000
  0.55593888134153135  0.56075083556101279  0.56557611315591261  0.57051625259321603
  0.57543836973873186  0.58049563219954992  0.58556042467356362  0.59035625970374184
  0.59492498127002880  0.59946712601230689  0.60417997463771023  0.60913949608759499
  0.61411728061571902  0.61887129031829580  0.62356305416825530  0.62832094786396564
  0.63296016849296466  0.63744533051405905  0.64191595005431690  0.64634661299472307
  0.65074688303893047  0.65569415315564994  0.66033056675881863  0.66565988420738387
  0.67099011660345120  0.67638601914427787  0.68193424827816551  0.68723825288368534
  0.69273787866860614  0.69822724281558923  0.70370330018837157  0.70906453850182538
  0.71491767417093066  0.72041998719378209  0.72640907440870406  0.73218212379882275
  0.73836130649789800  0.74440311044839247  0.75066959590042304  0.75698120743605779
  0.76324025613094038  0.76934018541437732  0.77518361158172300  0.78079167729906529
  0.78629634585298014  0.79216969608135113  0.79820837774486531  0.80450409913799081
  0.81067517515038490  0.81629998710729423  0.82249048872342356  0.82831396368899346
  0.83412626213759578  0.83990443230122902  0.84650834202191272  0.85346966872918162
  0.86000343856524486  0.86911003989933344  0.87741843378620754  0.88573994669125511
  0.89382195270020715  0.90233360642653671  0.91210955163476226  0.92274232014900215
  0.93466388681095280  0.94773238368885537  0.96364784977425388  1.00000000000000000
 -0.01737824513994024  0.11073152795654922  0.14069839597169215  0.16154470568874904
  0.17944868368489514  0.19314743684756266  0.20418176099582969  0.21446589069760788
  0.22468481586199671  0.23487299028809161  0.24479974227700457  0.25450236442908797
  0.26419662713812464  0.27342386422406739  0.28220918313886878  0.29100036203450774
  0.29919117737399220  0.30730540616938024  0.31497568378287788  0.32232311575046335
  0.32942645231419365  0.33660750441629245  0.34372640458158965  0.35083209512300578
  0.35779361471849319  0.36487867566110493  0.37140675472086515  0.37748650904150022
  0.38370935503126219  0.39054247192651703  0.39742267776154105  0.40386766866162915
  0.40998670688217681  0.41619865907166126  0.42256240394822214  0.42886333936338211
  0.43548226949496383  0.44129025514827430  0.44709384585016654  0.45259883083700081
  0.45751082393753373  0.46266491078239508  0.46814195889665522  0.47385280873536706
  0.48005363377869614  0.48612670709877198  0.49195669259624197  0.49780921102044579
  0.50362913570837675  0.50946927086266602  0.51567751141927765  0.52193394316595276
  0.52782540970418468  0.53383317137843322  0.53979676449686331  0.54502747003334784
  0.55018771432963975  0.55558745496802064  0.56115306959357092  0.56700522080495686
  0.57360327623106366  0.57973307781984917  0.58567820709271756  0.59141360882185279
  0.59758766871112579  0.60436051379503908  0.61167059377446298  0.61798394483564623
  0.62421139985153473  0.63067113168318389  0.63758134664901189  0.64371637286083849
  0.64950443106161371  0.65542277794517756  0.66165287031850661  0.66833679038756111
  0.67518900376210933  0.68204377027356300  0.68922835800274584  0.69663963447564192
  0.70437251867796769  0.71205830334807807  0.71983164557544987  0.72791376876343516
  0.73672030515576448  0.74631038829915131  0.75627794953493599  0.76682375523918367
  0.77851033018169835  0.79209462246481721  0.80635401669396523  0.82080270938202882
  0.83725622523566468  0.85749368764773315  0.88791644262040603  1.00000000000000000
   1.5303507150626841E-009  -1.0000000000000000     
 F F F F F F F F F F F F F F F F F F F F F F F F F F F F F F F F F F F F F F F F F F F F F F F F F F F F F F F F F F F F F F F F F F F F F F F F F F F F F F F F F F F F F F F F F F F F F F F F F F F F F F F F F F F F F F F F F F F F F F F F F F F F F F F F
  <DiscreteSampler_grid>
  grouped_processes
  1 # 1 for a reference and 2 for a running grid.
  10 # Attribute 'min_bin_probing_points' of the grid.
  1 # Attribute 'grid_mode' of the grid. 1=='default',2=='initialization'
  0.0000000000000000 # Attribute 'small_contrib_threshold' of the grid.
  0.5000000000000000 # Attribute 'damping_power' of the grid.
 # binID   n_entries weight   weight_sqr   abs_weight
    22   10   2.355891328475563E+003   2.097679074759855E+007   2.355891328475563E+003
    23   10   2.355891328475564E+003   2.097679074759859E+007   2.355891328475564E+003
    25   10   2.390145934546541E+002   2.165195669401679E+005   2.390145934546541E+002
    26   10   2.390145934546520E+002   2.165195669401613E+005   2.390145934546520E+002
    34   10   2.457698099297483E+002   2.182376224663317E+005   2.457698099297483E+002
    35   10   2.457698099297463E+002   2.182376224663256E+005   2.457698099297463E+002
  </DiscreteSampler_grid>
