  0.00000064100488670  0.00000115966076434  0.00000154181287196  0.00000203258001317
  0.00000255153861529  0.00000306618336742  0.00000354874232608  0.00000408732369003
  0.00000470108912297  0.00000543237256931  0.00000630309033358  0.00000730920222404
  0.00000848252786725  0.00000969463188161  0.00001088401492168  0.00001204045468713
  0.00001315317894732  0.00001422172061592  0.00001523724650119  0.00001610233081832
  0.00001696577850502  0.00001785529582560  0.00001877143894083  0.00001974355621092
  0.00002072302301194  0.00002162892735809  0.00002251327799793  0.00002341361729991
  0.00002432054180229  0.00002519439113550  0.00002600577413670  0.00002677266373895
  0.00002750862872823  0.00002821506235306  0.00002889380590208  0.00002956264194167
  0.00003012692186604  0.00003065512014310  0.00003118980400871  0.00003170817024050
  0.00003220994559016  0.00003268956476124  0.00003317282675686  0.00003367256505242
  0.00003417516936926  0.00003468577015717  0.00003519973554245  0.00003571617439378
  0.00003624420278923  0.00003683923742322  0.00003757390296183  0.00006135096657597
  0.00006253338468793  0.00006336553661317  0.00006409127636969  0.00006476138464280
  0.00006543653531956  0.00006612528717110  0.00006682837543205  0.00006755742486247
  0.00006835546258064  0.00006919590816403  0.00007006973383883  0.00007095590654106
  0.00007191924850757  0.00007294711558174  0.00007405406597209  0.00007521606510950
  0.00007643443302838  0.00007771394232112  0.00007900558564331  0.00008039398467692
  0.00008214361447061  0.00008412231594128  0.00008619631819701  0.00008838828550759
  0.00009067268689781  0.00009310505387752  0.00009608350287109  0.00009994969615981
  0.00010440580763491  0.00010918115434004  0.00011422354932105  0.00012111274545622
  0.00012853778293271  0.00013781778172788  0.00014978871056395  0.00016560279988073
  0.00018539449798667  0.00021020197654573  0.00024692550473895  0.00030758715418985
  0.00041215887828049  0.00067871070472337  0.10211962545537964  1.00000000000000000
  0.00832645282591150  0.01981068302516167  0.03584093273327774  0.04813990783985694
  0.05853575939199258  0.06865160293418264  0.07931564456930160  0.08945491138171952
  0.09907073286385494  0.10915410908132804  0.11960872602510116  0.13028938225160966
  0.14086424183068408  0.15152504371402242  0.16229650128652759  0.17283235588439003
  0.18280048272499944  0.19240875320132142  0.20239358210696809  0.21296143292170938
  0.22353548071495349  0.23482915467220092  0.24656781074311790  0.25888929215756606
  0.27196169813777044  0.28319949122866139  0.29274104990630506  0.30161033794290687
  0.31118373516353914  0.32053089389278178  0.33021282496543108  0.34038772235776987
  0.35101568329849653  0.36125745119082547  0.37091675434106308  0.38053483858887471
  0.39121877466974975  0.40425396751375547  0.41780701465044612  0.42996313520314822
  0.44108647105999715  0.45216326429743176  0.46304278730346432  0.47343018483380706
  0.48270620104185841  0.49089354642113692  0.49909000027667316  0.50814567518668807
  0.51825068977294253  0.52927123372534735  0.54045330745535225  0.55169819350384464
  0.56281280480005769  0.57378150526573413  0.58454452317875050  0.59474363990224555
  0.60512188039154513  0.61713684127958823  0.63011526847552723  0.64355038596424752
  0.65573010705684387  0.66671184116850291  0.67731115744979387  0.68761338897949698
  0.69807604355113129  0.70775121617850656  0.71669024269427806  0.72537541560379737
  0.73451398415258284  0.74401169898750030  0.75366571960409967  0.76381460712580229
  0.77431531087997318  0.78543993684613844  0.79564279247265601  0.80590996538206860
  0.81686190968866135  0.82802021029106432  0.83927646029434733  0.85002879648904228
  0.86048664946144249  0.87082348520649555  0.88105984526172476  0.89195053398582336
  0.90385015848173467  0.91588706343622306  0.92636714343095461  0.93476107503182648
  0.94228041320838196  0.94954103385320388  0.95745774793774274  0.96569381659661158
  0.97355743726736022  0.98178160594063812  0.99111144072139501  1.00000000000000000
 -0.00002007516715786  0.00027011590407427  0.00079156145798133  0.00148921211969294
  0.00264600262598186  0.00414016039445012  0.00574009447021911  0.00790848777450126
  0.01040707179956762  0.01308470738726150  0.01562131935368316  0.01846241461925012
  0.02211758684518819  0.02620114330359262  0.02965769434656213  0.03316224684608133
  0.03706229545635187  0.04125024245161880  0.04554187450455208  0.05008208794039370
  0.05414986875648491  0.05824271572885481  0.06245739621481562  0.06684269269718381
  0.07235025443853323  0.07915212746038397  0.08455247916858931  0.09003703913656244
  0.09589619287348315  0.10154728811035676  0.10730882600797985  0.11312513111581653
  0.11938738607411666  0.12617976747529586  0.13358946221147755  0.14133164974237189
  0.14911718582404926  0.15686948434025980  0.16475713979637049  0.17287644795878143
  0.18117753489768215  0.18984291976830081  0.19898773421721200  0.20819808557101677
  0.21744310394300015  0.22706168418822409  0.23875013346568549  0.25113295592486296
  0.26376059780997180  0.27690420740514543  0.28990372568946227  0.30444835498754408
  0.31615822825666845  0.32714677287994059  0.33861384711406173  0.34981362351732187
  0.36052318826255275  0.37195185093466454  0.38388235547601318  0.39559415463339764
  0.40757912293082338  0.41951059252960371  0.43251389624498959  0.44682026491386906
  0.46125411978640291  0.47586200787061733  0.49213701414103611  0.50862321492752050
  0.52470102426479137  0.54119081132750613  0.55769407013049910  0.57420391787471525
  0.59105354353448691  0.60818084382087667  0.62511305638989723  0.64147969117849502
  0.65735852223955715  0.67233717120453618  0.68766517678936767  0.70272021470559054
  0.71838260683081201  0.73682593840969945  0.75755462239269911  0.77755347308348066
  0.79649255439262800  0.81453537670651621  0.83290251194247933  0.85158262729448930
  0.87096680197845378  0.89122265622019692  0.91041815547931182  0.92978096076194650
  0.94894264345889856  0.96689442742777010  0.98365364669791933  1.00000000000000000
 -0.00199174122215113  0.01022206832501173  0.01939677031270092  0.02875498696358929
  0.03837316022659537  0.04800758888424654  0.05651601505962620  0.06423928365393762
  0.07199430652717571  0.07982099790831546  0.08794281104856534  0.09703518802546988
  0.10712071231262488  0.11749648785332618  0.12852904763510442  0.14118533171667741
  0.15480945015537867  0.16788049160627824  0.17980216765644499  0.19129851344947793
  0.20161785144712638  0.21255277754036497  0.22235901071334294  0.23221552435309170
  0.24262727920938010  0.25264472007756217  0.26166209980341459  0.27007804260073082
  0.28009598266863234  0.29054632810038511  0.30099867402114044  0.31170490485231256
  0.32372480764111233  0.33588394654990633  0.34703257355188893  0.35786896493701087
  0.36846056670680155  0.37957952732493627  0.39103785502444033  0.40212734455729432
  0.41306190684968258  0.42374251433937854  0.43302914956315880  0.44148791254702230
  0.44989944730741505  0.45859846113046343  0.46804733067635940  0.47708156932511719
  0.48580715413229170  0.49427835505454237  0.50380585478614859  0.51509876837176805
  0.52699608033474299  0.53912283891217039  0.55155326495215717  0.56412529289411750
  0.57685742868414813  0.58831673686089314  0.59840121245531475  0.60809936898850436
  0.61818494992136486  0.62869334267217691  0.63952478403027768  0.65008271777245097
  0.66089298050478285  0.67190392205494587  0.68302624946797930  0.69415274399964233
  0.70522607435942042  0.71554488194450472  0.72543886698982751  0.73523806581836504
  0.74554780954330624  0.75694907394359046  0.76917276510269428  0.78056331136478885
  0.79223833096417706  0.80464498476650670  0.81677692100655486  0.82758838222533504
  0.83746014052669859  0.84721216223067530  0.85684948351927981  0.86630576896262179
  0.87588843076707490  0.88670411156719020  0.89831726038380766  0.91004813634966997
  0.92153688615557539  0.93262629343804793  0.94373770065816032  0.95520306821085132
  0.96673397447921283  0.97824608705686422  0.98876373311976418  1.00000000000000000
 -0.00330961908962020  0.01182795966244816  0.02439545422730331  0.03661116335168648
  0.04749401051668023  0.05744550061403220  0.06727754625609278  0.07759115338265017
  0.08924356560040805  0.10177288436287327  0.11427304397642613  0.12667231711888727
  0.13946543580550677  0.15232261617622109  0.16399188640946957  0.17556763276504297
  0.18714648287340738  0.19848315184902099  0.20990993987029705  0.22296060306652027
  0.23567368422728516  0.24860541312289675  0.26158833891997652  0.27410126357285863
  0.28656944302566384  0.29953317918097855  0.31267707019139557  0.32548981540765387
  0.33807480527430367  0.35054882415501687  0.36322691023924286  0.37553302273891359
  0.38647216518719640  0.39720941457348957  0.40725664076299106  0.41742532217941131
  0.42632267288151721  0.43592386218383705  0.44566615860287639  0.45449052503000870
  0.46266209955892246  0.47060464232417626  0.47963069133501257  0.49080607696245748
  0.50268423515019300  0.51510420201745744  0.52804464797887263  0.54032932637124120
  0.55287306999988894  0.56448526002528854  0.57512343719143277  0.58591084231998547
  0.59677110981851433  0.60711703148454421  0.61735186295134947  0.62756191302811248
  0.63753017826159442  0.64646447149010111  0.65485573734369318  0.66338001683246695
  0.67238633298797867  0.68160063290878625  0.69046901875188538  0.69934100083216499
  0.70808686357294959  0.71809959958591696  0.72788792305805883  0.73841857281393597
  0.74959487239463141  0.75910026866404634  0.76873237431380637  0.77871205127779808
  0.78801401405808791  0.79725656068644057  0.80627147768095742  0.81684140966929353
  0.82646139188710444  0.83505445526003452  0.84338639452073716  0.85206174165163617
  0.86070192026970094  0.86885903383342489  0.87641390261768826  0.88373493014721860
  0.89135058230548814  0.89940895123828668  0.90743413451956811  0.91679038432253623
  0.92705820050946597  0.93664542083652891  0.94637478136893960  0.95625708493407224
  0.96752244539539634  0.97851977570054482  0.98956130472178727  1.00000000000000000
 -0.00177058392025827  0.00884473077817240  0.01851654561760314  0.02954263857605921
  0.03906039204554102  0.04831076216722288  0.05721358436724738  0.06678880335597374
  0.07898015697633638  0.09199124753296312  0.10527279038415960  0.11459612302793519
  0.12573679835487322  0.13539726874093014  0.14392835593774927  0.15228036615727741
  0.16090573374721587  0.17063249278067052  0.18076930713417033  0.19082734151310701
  0.20070732042757861  0.21036648645806921  0.21943500645745947  0.22773936396555503
  0.23635519730331780  0.24534936962730383  0.25469324503350510  0.26435818681595835
  0.27372063220563969  0.28379974589323281  0.29322176105223979  0.30260267338360336
  0.31194270067104934  0.32240545007317867  0.33236041974886199  0.34226627409576554
  0.35281155061889663  0.36466589180197073  0.37664510109420396  0.38769346438451990
  0.39769975788320150  0.40732928684963088  0.41755402738628916  0.42773694943740898
  0.43764268055632949  0.44650287229294183  0.45491351949916908  0.46457543414231378
  0.47596046496798783  0.48795201115315101  0.49896601010282321  0.50936758350454969
  0.51940485131456182  0.53007568889339429  0.54152735151754983  0.55338161529872010
  0.56549415035486872  0.57764479546302494  0.58896988605548906  0.59961644149021498
  0.61114500948508488  0.62297266709176147  0.63525740331804592  0.64552280157277231
  0.65459351193598481  0.66365738167503718  0.67336929867550044  0.68408692507462443
  0.69463594663081218  0.70548943359388960  0.71724689197595137  0.73006065363674832
  0.74324051951080294  0.75627732621071253  0.76798710996902930  0.77869331101794537
  0.78839017762987562  0.79721636466150436  0.80630334195741726  0.81670851430448366
  0.82766634131978367  0.83759583800729664  0.84744793948415620  0.85784360425033679
  0.87061882979179139  0.88280947866613424  0.89542229564037523  0.90650675674189563
  0.91882269371783920  0.93049373305791350  0.94177311909300254  0.95279638286005808
  0.96375591927175153  0.97580831023023640  0.98754321056546823  1.00000000000000000
 -0.00284053885736751  0.01305238183569709  0.02549117238355855  0.03683672826574821
  0.04850497396754776  0.06073611140749136  0.07287447851256704  0.08451272994434092
  0.09450367185668525  0.10375829309816777  0.11270033078061110  0.12306139672397756
  0.13418620901643286  0.14498054563553547  0.15540196332959305  0.16620819499504161
  0.17728070826711761  0.18875320300639614  0.19982995998377026  0.21132433947821713
  0.22329762092836547  0.23552592246135859  0.24766593134581366  0.25995536587200013
  0.27168339666790120  0.28376078151357464  0.29458354846146845  0.30522111029841992
  0.31661464115807364  0.32842481231251253  0.33992872552248826  0.35123586185678818
  0.36328270613781821  0.37656938831778547  0.38751181461413764  0.39855878738585765
  0.40924509403147646  0.41944412212137844  0.42915805461330236  0.43971251221507940
  0.44994743408820725  0.45994100166053015  0.46965660124715519  0.47962676552838535
  0.49129034454093240  0.50355699461877712  0.51570491391396034  0.53037267514876929
  0.54260895873636861  0.55344471016431973  0.56323639250894564  0.57281714723829424
  0.58215564850847967  0.59201937417753903  0.60314007098477307  0.61533367925052329
  0.62719429602462140  0.63811065852328264  0.64875340848295227  0.65939815284087500
  0.66972557967883883  0.67957857997477933  0.68924434791203559  0.69967828586270175
  0.71066167531255375  0.72303979692161890  0.73338610855955777  0.74265376833547381
  0.75162736905705618  0.76104521527079738  0.77064943225276528  0.77924854873004068
  0.78759010276159080  0.79670577753368199  0.80719521124468041  0.81729417789565306
  0.82702645541857800  0.83683644520663536  0.84661011631854877  0.85578011244726804
  0.86484593939840138  0.87442305104166285  0.88474979222326999  0.89484169527262891
  0.90445538741332299  0.91396997505475930  0.92292533462089699  0.93186657885137048
  0.94101312044487506  0.95078214742343092  0.96083813440986132  0.96951785107712352
  0.97750729772051148  0.98501679916605989  0.99240892156652694  1.00000000000000000
 -0.00314037620789548  0.00941116332110707  0.02103745540308717  0.03274515221438768
  0.04434085166380080  0.05493252437002046  0.06449848324882947  0.07386082995910480
  0.08249996870394738  0.09189358115762591  0.09974087636363725  0.10772378853164710
  0.11556708267201066  0.12454341161784831  0.13382151468927278  0.14288285833693207
  0.15064231124394162  0.15791279136980924  0.16567927431575497  0.17524951136216957
  0.18626392270932463  0.19914888427526509  0.21256734228825719  0.22493397161593071
  0.23583521369119001  0.24568142113724123  0.25577258488320298  0.26582334994485080
  0.27646274077019078  0.28620910976027442  0.29579352263929709  0.30514251968085843
  0.31565520414181863  0.32713764936966089  0.33876965391015240  0.34902409152687464
  0.35920107015974395  0.36994832988043513  0.38030351792835237  0.38966844783598670
  0.39876021275744628  0.40841620452763810  0.41829166399752093  0.42770781780438527
  0.43715466221005861  0.44708147320603031  0.45744840279319449  0.46763674319079779
  0.47807592301958324  0.49009625680447760  0.50253629990237114  0.51255499874719612
  0.52275709090922218  0.53231256032420904  0.54155657563160209  0.55009500576161252
  0.55874987545225452  0.56880557811971755  0.57977035269668464  0.59072700601809480
  0.60107029397771916  0.61060049877952238  0.61984761325327231  0.63015766527561046
  0.64073687134053980  0.64951594108941813  0.65700585180952686  0.66431267356976864
  0.67383621552568507  0.68475415193723199  0.69544842654968930  0.70633895141302816
  0.72021268783117087  0.73605884003352473  0.75034550774324116  0.76401252086931692
  0.77664476897656276  0.78988442347763055  0.80283131099786431  0.81472549786371840
  0.82643668437940154  0.83888128480215640  0.85148683633698041  0.86359116413607195
  0.87492116691829525  0.88623656959212638  0.89782014078992001  0.90824541654404534
  0.91782678650665228  0.92695824766798218  0.93629838602299909  0.94674970270875591
  0.95855143692164813  0.97109216464143000  0.98499558844726043  1.00000000000000000
  0.09668849672088721  0.14854190012008722  0.17138652856996298  0.18922899991516604
  0.20511770175123759  0.22071461454354110  0.23755053035800505  0.25574855132493995
  0.27358208197208689  0.28995825450724561  0.30125417047141384  0.31167298526430581
  0.32215048809725311  0.33250261909017031  0.34232835242306431  0.35181327239169635
  0.36080208315795476  0.36955056638349593  0.37750195245002294  0.38531042463569209
  0.39298032209691675  0.40162001272646897  0.41054173757531759  0.42026471429517925
  0.43005763471779279  0.43880145001014859  0.44691562531276535  0.45523947855432711
  0.46274869246210165  0.47087154137282100  0.47940520068052039  0.48681480682387834
  0.49334156512407068  0.49997363069704159  0.50709814859791857  0.51476192626336925
  0.52198482256186474  0.52903982781065018  0.53598515224820431  0.54267259984168315
  0.54930895257181667  0.55568968506876415  0.56165089836164950  0.56742842864358767
  0.57338810625191683  0.57963355396118865  0.58597896734242905  0.59230576462537410
  0.59863484608186746  0.60454422003986863  0.60997569965826037  0.61541590494863940
  0.62108495663418739  0.62696098204853956  0.63283520782523284  0.63828696596095980
  0.64384769621368942  0.65012890900662701  0.65683718719198259  0.66337849434693552
  0.66953061509882372  0.67541538637241794  0.68113582322705957  0.68693601817469607
  0.69335821541031539  0.70034233879317098  0.70724805842313254  0.71347641773749071
  0.71949724292002593  0.72544268388569810  0.73163976849959411  0.73821360796172519
  0.74455225636735678  0.75106807957071431  0.75809863132498567  0.76565682323228312
  0.77413358835770663  0.78377913363325313  0.79278560474460169  0.80083341598408941
  0.80897551834190484  0.81707076685929214  0.82527736131890927  0.83398497076939926
  0.84348689680622024  0.85390073949885315  0.86475526857550167  0.87548867463545743
  0.88580353423680003  0.89625476925452452  0.90724389832647967  0.91868418392312101
  0.93202802257863315  0.94755733019110577  0.97020452394960832  1.00000000000000000
 -0.01981588591161858  0.13005264439599856  0.17763635124621063  0.20958141988742776
  0.23516817755103239  0.25886445471292940  0.28048949129915179  0.29953345457532488
  0.31571378485913476  0.33075753262170943  0.34397299561455158  0.35644193280566178
  0.36866575453784789  0.37997815567846160  0.39102030725228393  0.40191417731082563
  0.41195487588789764  0.42152020357129399  0.43072286146834499  0.44009992248724861
  0.44878345077475429  0.45676615519814240  0.46414025123060099  0.47154413538228468
  0.47989204864717322  0.48951776060408592  0.49888214853784379  0.50708651912251890
  0.51499981685391583  0.52192789680113016  0.52819639052968925  0.53437969237502259
  0.54082868547250551  0.54647664480861580  0.55182143571626241  0.55728085262929272
  0.56300912467388919  0.56854719332430226  0.57347140155072518  0.57850833067965368
  0.58411415628241592  0.59092447254772773  0.59737972367566650  0.60334972962668665
  0.60963076745502986  0.61679567964829374  0.62385105921180062  0.63055856581251613
  0.63713891334364980  0.64349199196727225  0.64959834752983570  0.65563218484916386
  0.66148004269946159  0.66698568971433614  0.67253178075975661  0.67788972409699000
  0.68323570547181156  0.68864702039682635  0.69456218312464602  0.70038100522438995
  0.70596249762113195  0.71139434039455685  0.71653162963072581  0.72216885959945631
  0.72884147239315045  0.73414346719569057  0.73912912170678191  0.74415156296560747
  0.74899138017848876  0.75377121067993236  0.75870079739710683  0.76367453164183197
  0.76841141591560391  0.77327315543583708  0.77804062846974009  0.78315099722415293
  0.78834495711886832  0.79413807670468006  0.80004795701256037  0.80545637230625267
  0.81081164718906740  0.81649926165004849  0.82274679012170926  0.82962745204991384
  0.83714392669930682  0.84489089247196381  0.85302709131937238  0.86199339828211763
  0.87178290156794214  0.88169620925236369  0.89241179524046121  0.90280207560590897
  0.91357975056103602  0.92797750689758562  0.94828932074150007  1.00000000000000000
   2.0082976945381159E-009  -1.0000000000000000     
 F F F F F F F F F F F F F F F F F F F F F F F F F F F F F F F F F F F F F F F F F F F F F F F F F F F F F F F F F F F F F F F F F F F F F F F F F F F F F F F F F F F F F F F F F F F F F F F F F F F F F F F F F F F F F F F F F F F F F F F F F F F F F F F F
  <DiscreteSampler_grid>
  grouped_processes
  1 # 1 for a reference and 2 for a running grid.
  10 # Attribute 'min_bin_probing_points' of the grid.
  1 # Attribute 'grid_mode' of the grid. 1=='default',2=='initialization'
  0.0000000000000000 # Attribute 'small_contrib_threshold' of the grid.
  0.5000000000000000 # Attribute 'damping_power' of the grid.
 # binID   n_entries weight   weight_sqr   abs_weight
    22   10   6.067806057614037E+001   8.963391773068184E+003   6.067806057614037E+001
    23   10   6.067806057614040E+001   8.963391773068190E+003   6.067806057614040E+001
    25   10   7.153199062348359E+000   4.813612047403191E+002   7.153199062348359E+000
    26   10   7.153199062348364E+000   4.813612047403197E+002   7.153199062348364E+000
    34   10   5.051441393140622E+001   2.288917205657675E+004   5.051441393140622E+001
    35   10   5.051441393140625E+001   2.288917205657678E+004   5.051441393140625E+001
  </DiscreteSampler_grid>
