  0.00000272875942019  0.00000313469893477  0.00000325529386773  0.00000337287645222
  0.00000348827042648  0.00000363468685186  0.00000382511072098  0.00000401801448481
  0.00000421953432456  0.00000447294134732  0.00000475381181104  0.00000497905882893
  0.00000516388553169  0.00000535064321174  0.00000556305568064  0.00000575794904776
  0.00000595133894680  0.00000618257802064  0.00000646691117040  0.00000680782505222
  0.00000717598645362  0.00000752521391080  0.00000790566265333  0.00000831295866262
  0.00000874321123588  0.00000922730312417  0.00000977872230556  0.00001038272784662
  0.00001098536145406  0.00001158560478130  0.00001212451724913  0.00001263430807441
  0.00001314111857634  0.00001361390833700  0.00001411109682504  0.00001470692134543
  0.00001534044263275  0.00001578704279859  0.00001625203081015  0.00001675160862917
  0.00001733384030034  0.00001807548275313  0.00001885909501870  0.00001954699223089
  0.00002024365613615  0.00002093699187693  0.00002161580475773  0.00002239309305561
  0.00002325185692107  0.00002412468209920  0.00002509512229686  0.00002618459075861
  0.00002720815042304  0.00002829122147903  0.00002930119886264  0.00003010477732257
  0.00003104587925195  0.00003207916115457  0.00003324424918078  0.00003456478982157
  0.00003621658461135  0.00003855268435930  0.00004086297505081  0.00004311236353233
  0.00004521468885157  0.00004714064091397  0.00004922931586760  0.00005157512040060
  0.00005427880262454  0.00005710796900985  0.00005997440259394  0.00006272023312861
  0.00006573410978696  0.00006917394486825  0.00007276910666662  0.00007684527869343
  0.00008209579133452  0.00008866817707898  0.00009633274486281  0.00010468189567626
  0.00011415806667909  0.00012554631231839  0.00013934635623885  0.00015267088735065
  0.00016539406101943  0.00018064106800568  0.00020087389445898  0.00023306033195859
  0.00027943193074873  0.00033534265307559  0.00041572031531173  0.00056109251983560
  0.00084834497359502  0.00173727673578320  0.12452912546245776  1.00000000000000000
  0.00000010222821393  0.00000551382746839  0.00000827527264522  0.00001103342810899
  0.00001373335280519  0.00001541360584023  0.00001694141418831  0.00001828631029627
  0.00001974556676132  0.00002105419489225  0.00002234613294200  0.00002338440876544
  0.00002445210502151  0.00002566343755592  0.00002695864233399  0.00002890248338027
  0.00003064812245979  0.00003233849603848  0.00003389193531671  0.00003532198666358
  0.00003677211716552  0.00003823722705401  0.00003968821775715  0.00004106835007877
  0.00004231122431595  0.00004378637171458  0.00004528823048747  0.00004685313835370
  0.00004837998061364  0.00004999955005412  0.00005177145772400  0.00005355637194739
  0.00005565531951732  0.00005818280837367  0.00006100979545351  0.00006394228462314
  0.00006649157939354  0.00006868458722190  0.00007071107160997  0.00007278796949049
  0.00007494881248512  0.00007858354090393  0.00008239303432410  0.00008640792676617
  0.00009007240193346  0.00009356705326780  0.00009703508510841  0.00010066266214562
  0.00010504899608188  0.00011011403289226  0.00011531253506452  0.00011977040375327
  0.00012361755416944  0.00012766835054254  0.00013237590689605  0.00013827974217633
  0.00014594585806225  0.00015432386997062  0.00016224117685346  0.00017023014086735
  0.00017832196634936  0.00018664024539159  0.00019580086912526  0.00020616047775419
  0.00021874657228089  0.00022975171401878  0.00023946187529715  0.00024965455678255
  0.00026317520121557  0.00028351079272833  0.00030522637365602  0.00032534537068998
  0.00033962345889785  0.00035482474280841  0.00037071148184329  0.00038859557085158
  0.00041089061203874  0.00044631844086999  0.00048984499777008  0.00053556357789729
  0.00057732029664373  0.00061626263133429  0.00065814569610129  0.00070324583829348
  0.00075271245308994  0.00080954832645058  0.00087821547322190  0.00095961259431715
  0.00106536700514159  0.00125481895995253  0.00155140890395239  0.00195494041883982
  0.00231533309012553  0.00309040033547112  0.09372663075252778  1.00000000000000000
 -0.00336258575385724  0.01349967275596113  0.02632597177360974  0.03859139405076707
  0.05150856517876636  0.06409570137148034  0.07434921382035695  0.08299020652932325
  0.09002127746604484  0.09768300987716892  0.10666698490376883  0.11921557562215142
  0.13136387042487757  0.14227671535807604  0.15221905069580449  0.16234538475101312
  0.17218219288107817  0.18151600985354643  0.19012988412377108  0.19828888904659994
  0.20637963753278588  0.21445519073230615  0.22303712426999794  0.23204733368974095
  0.24222115985929832  0.25307008220589128  0.26520497077771404  0.27532879823332362
  0.28572492834825280  0.29570710520887339  0.30490780272349050  0.31323684560810688
  0.32056326590703277  0.32913534413661893  0.33797846601314574  0.34822907342195081
  0.36027795504982640  0.37314207454881498  0.38483132277905896  0.39618108442725253
  0.40840414688683463  0.42038887010554649  0.43102154798946013  0.44028071222150378
  0.44880602373686213  0.45682266068517430  0.46554970150699099  0.47497708627439339
  0.48393885846629936  0.49310436562626159  0.50246166572423823  0.51314940140916676
  0.52926756491346949  0.54460723903475650  0.55671470561647241  0.56622664566390069
  0.57644019737503371  0.58740172304197980  0.59935077828456818  0.61132133278313816
  0.62289231685003787  0.63538227700861494  0.64807206741059031  0.65787472749819320
  0.66724772673285115  0.68028032253115855  0.69346416396405242  0.70883756119736518
  0.72138912720739934  0.73404017021679935  0.74516425996169844  0.75655384233939016
  0.76793827406339177  0.77786016908618205  0.78499466435292031  0.79265673587022623
  0.80050006154469633  0.80629793176796427  0.81426957533825328  0.82324284648538948
  0.83270058786127077  0.84588021865296492  0.86384875641769121  0.88173148949411617
  0.89635175012955892  0.90881591256165262  0.91858460861930868  0.92646327895383873
  0.93535172835757152  0.94572676653160959  0.95721442723534289  0.96749156645006240
  0.97586641810401209  0.98417061360626135  0.99224867416302820  1.00000000000000000
  0.00007980287347948  0.00011790852536641  0.00015601417725334  0.00019411982914027
  0.00023882091859049  0.00028498490768819  0.00033114889678589  0.00037998495377103
  0.00042989017358321  0.00047979539339540  0.00051027874570946  0.00053713668133617
  0.00056497394033781  0.00059498262437177  0.00062534315991366  0.00065739497286516
  0.00068978048455667  0.00072379608013584  0.00075801232685998  0.00079273634493502
  0.00082769660006117  0.00086296364448381  0.00089809481856284  0.00093314104224747
  0.00096835759610976  0.00100362105267117  0.00103211480743420  0.00105923740241520
  0.00108635999739620  0.00111447039231597  0.00114288828656734  0.00117130618081872
  0.00120047135499257  0.00122978578284649  0.00125910021070041  0.00131877396200134
  0.00137464158415594  0.00142778498909517  0.00147847842436992  0.00153028070388987
  0.00158431644926770  0.00163882256202712  0.00169366048341380  0.00175561980803515
  0.00181933712948665  0.00188417578873900  0.00196231252955067  0.00204789008423793
  0.00213988817009403  0.00222902018444989  0.00231710740137733  0.00240394138648388
  0.00248837054229884  0.00262711138675999  0.00274933607816224  0.00287408922870323
  0.00300126047174325  0.00313046837908567  0.00327482885476396  0.00345162610924780
  0.00372247369954978  0.00395368703653387  0.00412035306670157  0.00428587404244550
  0.00446067659682875  0.00465227465674877  0.00486347358032278  0.00502913916119065
  0.00517771414607434  0.00533789051493115  0.00554301257034594  0.00582418262018681
  0.00602707818184839  0.00621055820858988  0.00637926584646775  0.00652768579667048
  0.00667909717047872  0.00683673229869825  0.00702188093985135  0.00741830128599285
  0.00763458830195078  0.00781404614188633  0.00800231658657049  0.00823079683974106
  0.00860509892402287  0.00886549479150368  0.00973769355504002  0.01230205827547030
  0.01385432598972119  0.01648224567541650  0.01910833496116486  0.02421172497673744
  0.02797239598908882  0.03054728978274689  0.34821011144346353  1.00000000000000000
 -0.00384583052763939  0.02217753670392641  0.05405733147196568  0.08968005282684494
  0.11555411941857260  0.13441505607342774  0.14680152283978265  0.15940929943005616
  0.16766949196614456  0.17551751783052183  0.18420017068721148  0.19347290688858140
  0.20481367003206830  0.21377873690257165  0.22210741038821577  0.23056131651829975
  0.24058699331755418  0.25433893844365357  0.26821562404127769  0.28016864198275926
  0.29116435006302782  0.30136333658947251  0.31162532870350013  0.32172676698576108
  0.33170045626078443  0.34055875325619950  0.34978365307577830  0.35878913505421894
  0.36703317856001266  0.37428998969543220  0.38028552925889875  0.38589439538983872
  0.39231084601244692  0.39943936934996183  0.40688906164709554  0.41345770838998464
  0.41949243229876193  0.42543139556793519  0.43207843118769940  0.43949325945387729
  0.44884464137236663  0.45679035695607340  0.46291548681489775  0.46878019664282072
  0.47464430641706890  0.48079909115461605  0.48762069015682125  0.49425979791726449
  0.50121202744903193  0.50803064771143858  0.51454312449354589  0.52057046716668665
  0.52670918012370815  0.53345411298203249  0.54062162306745620  0.54755750513651436
  0.55500038353869785  0.56355853893126095  0.57422267236328473  0.58408095799861059
  0.59357887404362386  0.60234079199934809  0.60941235674811356  0.61680884232061284
  0.62511000764359814  0.63359125561800866  0.64257074084704213  0.65173237659271910
  0.66098777046809121  0.67060662979054764  0.68064879628093844  0.69050885543454865
  0.69948409266805622  0.70790552934627393  0.71707136919280701  0.72459745803923292
  0.73313851571850663  0.74328357083086061  0.75255663749837753  0.76073059485373495
  0.76888305844296623  0.77709836480242256  0.78497689189860864  0.79240442224296803
  0.80066089390356276  0.80945785272068838  0.81957387877089216  0.83003704204921336
  0.84285957064155326  0.85614097659482757  0.87271692564894310  0.89563743004414909
  0.92029314088209291  0.94781891027977039  0.97425811981370591  1.00000000000000000
  0.05140492324895426  0.18545429197470187  0.23095323534421514  0.27595258617671914
  0.31709921713242839  0.35069354733627950  0.38215592176780944  0.40865468387666504
  0.42986591759434295  0.44770039572989206  0.45990735302143210  0.46873343752875873
  0.47521604186423677  0.48147367756112763  0.48826122446849735  0.49469744423625261
  0.49892572607982372  0.50250958123245271  0.50590306505702443  0.50983237412556781
  0.51510734686848680  0.52073954985718252  0.52621313730630903  0.53063580457281700
  0.53614005754064586  0.54150025011940439  0.54677599177267677  0.55488051976129527
  0.56275103959650397  0.57162631412221410  0.58084885334760916  0.58908916814602641
  0.59685351342944137  0.60353282102234618  0.60912014334204834  0.61438741565141464
  0.61846761685520690  0.62343296419786964  0.62794810525090805  0.63225586022703784
  0.63711041848279015  0.64247586971468018  0.64798214145419630  0.65350858531524914
  0.65890366916561482  0.66441645093252477  0.67022196954853253  0.67773988508269789
  0.68554277881465675  0.69285983889110869  0.69998695375697806  0.70683233562573800
  0.71319826450514512  0.71885050153034036  0.72401782764654543  0.72923915296433950
  0.73514965164091017  0.74243548863558240  0.75049375296706655  0.75765762110776202
  0.76421872422895443  0.77054813607779182  0.77686343297179383  0.78344981297746463
  0.79032085505427885  0.79680864046354927  0.80324747792148854  0.80910707478724953
  0.81506035648645359  0.82151497176076982  0.82876390558426483  0.83610875787220074
  0.84282552974184999  0.84907527002574235  0.85552089641723517  0.86230120327775228
  0.87017464971477576  0.87598224838218652  0.88069623876992875  0.88507885837686706
  0.88989303901674788  0.89582432567075332  0.90232073145901881  0.90905737836470346
  0.91557667457552705  0.92156136708935188  0.92672495383022946  0.93207940401662259
  0.93831110326341116  0.94612939609727686  0.95333400220225961  0.96091319478358217
  0.96899120922905801  0.97762616891188570  0.98856801485892043  1.00000000000000000
 -0.01422674379951472  0.09787667972713837  0.13978219754097021  0.16509841764817290
  0.18489659458046590  0.20033287548692269  0.21474688049971927  0.22625470343273718
  0.23560336047796737  0.24383122828884354  0.25259718845687024  0.26287917246822234
  0.27289236381538329  0.28104852280382497  0.28844833045614821  0.29597011224689401
  0.30418697627080726  0.31218983625695096  0.31929987952645106  0.32548580686755701
  0.33124383798402579  0.33692644066593969  0.34316952504441667  0.35054271174512230
  0.35799945948883638  0.36584517408630168  0.37370230340667382  0.38051466582369969
  0.38673912955910661  0.39241371497853711  0.39752551435891326  0.40298231048410749
  0.40806220422576278  0.41330791801512179  0.41959845557634851  0.42676369540258341
  0.43491106873392438  0.44432577928551303  0.45296055587684386  0.45923842164205242
  0.46452815408791004  0.46957186191539041  0.47475555665728320  0.48007175331290186
  0.48587218534201271  0.49380777845567825  0.50126185037649040  0.50680814153862730
  0.51216895748749924  0.51702880567968146  0.52263847780480432  0.52857596118978023
  0.53411408924249359  0.54050757151338902  0.54689648164879234  0.55297446878222423
  0.55924099223958890  0.56311329482275574  0.56686810682250821  0.57072783416058115
  0.57528657106367909  0.58095680403419547  0.58823940840206823  0.59603845224363239
  0.60339551262121405  0.61000637277851333  0.61494182734738223  0.61958983530894784
  0.62443930563440375  0.62930726648291113  0.63489393410348327  0.64108659295949044
  0.64761051212456577  0.65479030063728549  0.66240374930660040  0.66925531531066085
  0.67557221263549949  0.68163818188850211  0.68795268285873767  0.69428030009741382
  0.70060305665961209  0.70771229692626392  0.71535269679449931  0.72340764651897693
  0.73319751108667186  0.74358056658214122  0.75666069057308494  0.77059135109229571
  0.78475962758257356  0.79869508039023440  0.81335637766073354  0.82924271635010771
  0.84600701600031358  0.86642262533785808  0.90366134416775501  1.00000000000000000
   4.8906928447502431E-009  -1.0000000000000000     
 F F F F F F F F F F F F F F F F F F F F F F F F F F F F F F F F
  <DiscreteSampler_grid>
  grouped_processes
  1 # 1 for a reference and 2 for a running grid.
  10 # Attribute 'min_bin_probing_points' of the grid.
  1 # Attribute 'grid_mode' of the grid. 1=='default',2=='initialization'
  0.0000000000000000 # Attribute 'small_contrib_threshold' of the grid.
  0.5000000000000000 # Attribute 'damping_power' of the grid.
 # binID   n_entries weight   weight_sqr   abs_weight
    16   10   7.330877818889647E+001   2.586307563627353E+004   7.330877818889647E+001
    22   10   7.330877818889647E+001   2.586307563627354E+004   7.330877818889647E+001
    28   10   7.330877818889647E+001   2.586307563627353E+004   7.330877818889647E+001
    31   10   1.450082861455986E+002   1.002088919856673E+005   1.450082861455986E+002
    32   10   1.450082861455982E+002   1.002088919856667E+005   1.450082861455982E+002
    34   10   7.330877818889647E+001   2.586307563627352E+004   7.330877818889647E+001
  </DiscreteSampler_grid>
