  0.00000044919187083  0.00000073849785655  0.00000091043106385  0.00000110168857112
  0.00000131492909475  0.00000153077424467  0.00000175340519674  0.00000196825866063
  0.00000221048739739  0.00000245454521097  0.00000272729986833  0.00000301675243523
  0.00000335652358767  0.00000374217795182  0.00000416412672369  0.00000460989204455
  0.00000507303257450  0.00000554387459996  0.00000603156324209  0.00000653479538273
  0.00000710372750780  0.00000772115413501  0.00000838387181682  0.00000907882835281
  0.00000984046918463  0.00001072299295207  0.00001170506214434  0.00001273671467461
  0.00001376740013830  0.00001476853673527  0.00001573950050516  0.00001674961032076
  0.00001784778137878  0.00001891083493608  0.00001995405473612  0.00002102519328999
  0.00002204248452699  0.00002301807255402  0.00002399282806043  0.00002498049331858
  0.00002597744873494  0.00002695739218098  0.00002781410258453  0.00002859957700750
  0.00002930578326159  0.00002996020655570  0.00003063948336010  0.00003130812781787
  0.00003196828756762  0.00003260939532111  0.00003323331663841  0.00003386680213419
  0.00003449005167471  0.00003509121965399  0.00003568527429383  0.00003630030650106
  0.00003704906627506  0.00004783365568563  0.00006211024973105  0.00006342466500907
  0.00006442778906375  0.00006531400465930  0.00006617270687111  0.00006702873050610
  0.00006810289769491  0.00006923534231220  0.00007043333980282  0.00007169481052436
  0.00007296382339886  0.00007433000493263  0.00007590144540565  0.00007763592682300
  0.00007947006406175  0.00008164643136557  0.00008422440021195  0.00008687196476330
  0.00008980852050079  0.00009319813379742  0.00009746949974999  0.00010236527311410
  0.00010859635194815  0.00011460597295979  0.00012326924859784  0.00013271824476007
  0.00014313571606827  0.00015733867477806  0.00017470516937524  0.00019782185037276
  0.00022925832563726  0.00027919910473629  0.00036086372440043  0.00049355746302251
  0.00079079188228658  0.00140534054175233  0.07535193839995226  1.00000000000000000
 -0.00002294190610798  0.00028476365684897  0.00085092873741974  0.00186661577219105
  0.00330038774007424  0.00498180096817244  0.00673956459470321  0.00898144837133448
  0.01142606313783267  0.01389133399067530  0.01651856969126743  0.01938409425306222
  0.02260845599951770  0.02643674573281597  0.03023450964736470  0.03426784196439409
  0.03890631209411751  0.04424179166393651  0.04964359977121298  0.05479893700402052
  0.06029992169164637  0.06563106280645173  0.07079217063478142  0.07614066754604884
  0.08121301434353526  0.08616838229954446  0.09188272954692711  0.09839843296452655
  0.10591993385860554  0.11422915488243704  0.12271680222377301  0.13089108041819744
  0.13889498180028056  0.14629740241508049  0.15310275534806717  0.15990505221868401
  0.16736166927079996  0.17558125448068876  0.18405134908735191  0.19263817379617665
  0.20123586847114153  0.20926925986073194  0.21674094488498494  0.22413958310062421
  0.23214100181302363  0.24106074214638318  0.25039007713233669  0.26059619576057869
  0.27124041585544995  0.28089989649656044  0.29256022176359586  0.30450543076563447
  0.31662133205870652  0.32908486063430759  0.34203547718764937  0.35557362784469043
  0.37010225470611791  0.38470362822834187  0.39911567069642839  0.41306842696798662
  0.42762192133207083  0.44310755156116893  0.45826404101522317  0.47281093399116164
  0.48704342624967795  0.50189230942768503  0.51737408070657520  0.53273726130065313
  0.54769949892014491  0.56283264421944434  0.57810960891657137  0.59305833793633078
  0.60803515044225442  0.62370479154043790  0.64150395780043079  0.65918182703577122
  0.67640114145436048  0.69311379387655148  0.70947979234493996  0.72621421407741493
  0.74603497348077419  0.76650689179129405  0.78690478533150898  0.80521168916818253
  0.82211609752505554  0.83888245745086931  0.85414328237103043  0.87028067873859560
  0.88689234940565054  0.90353807211426140  0.92014647295436047  0.93743242575209873
  0.95367753936456456  0.96955341418348351  0.98502477225517826  1.00000000000000000
 -0.00246040988035524  0.01092695850568425  0.02154891903555762  0.03250923022597471
  0.04365680563160480  0.05464661018149184  0.06582411013501865  0.07736947281829615
  0.08827571309960125  0.09764748176149200  0.10764113454726917  0.11709346841955694
  0.12624269968636898  0.13578610054302731  0.14641922714260269  0.15777160448307492
  0.16897915868656074  0.17934323161928936  0.18915269483168212  0.19892162567674007
  0.20821963326156678  0.21702168937625360  0.22570578391442817  0.23413840374888573
  0.24177315600415747  0.24922257152613952  0.25721224507572299  0.26560471735088698
  0.27509524029337756  0.28578013776636335  0.29670408031119283  0.30688220328815097
  0.31796516132692321  0.32936076055220237  0.34057101577784277  0.35097428998214575
  0.36102597929889391  0.37082125549239114  0.38259642755643003  0.39432200413012769
  0.40522805223202796  0.41532939594054524  0.42585691576318463  0.43660542158526011
  0.44632009033826753  0.45654600841913318  0.46705847654032706  0.47677819331116267
  0.48653966499823087  0.49771772058413577  0.51003779843015595  0.52094981612154467
  0.53031240371052124  0.54040284831083107  0.55192113539445786  0.56380540226966247
  0.57503355289416280  0.58645099304710968  0.59929576389283734  0.61186890678904715
  0.62504665822071770  0.63732004131710629  0.64841237648733874  0.65871500004483297
  0.66944777477120831  0.68107600651625577  0.69276574817225700  0.70413563976935800
  0.71598558531835987  0.72694622367243855  0.73609438810120686  0.74490239846776873
  0.75393486205321647  0.76402782203644914  0.77597088946637149  0.78834470986904459
  0.79973392538199883  0.80993702814710866  0.81905757883398844  0.82773130498671055
  0.83754944607285353  0.84688265405482066  0.85639276014663057  0.86567972018800998
  0.87607908425419923  0.88753862901356673  0.89971552757094819  0.91106726835197904
  0.92200239123544236  0.93245477088607320  0.94467112998283909  0.95792662384831828
  0.96950758967578610  0.98030637706261115  0.99048036464057887  1.00000000000000000
 -0.00616762412561615  0.01801212485529017  0.03318428985073855  0.04677769615206599
  0.06140555029513529  0.07386442255570827  0.08516212880150485  0.09621881809654563
  0.10750684052935432  0.11934318222664277  0.13064747988199329  0.14126193604191600
  0.15224862132431624  0.16309099320488366  0.17289243518714706  0.18252921271929359
  0.19343541775158588  0.20602447712770428  0.21878127700570818  0.23111684848210762
  0.24292503040812174  0.25487471706392045  0.26779722456823113  0.28095472275072375
  0.29360830103153296  0.30562910021169859  0.31786650958473212  0.32963106149379356
  0.34088278801684840  0.35196846206625115  0.36302236592668752  0.37395387827001014
  0.38415052623369861  0.39366445022033569  0.40291362601897768  0.41098018857240032
  0.41967558280662137  0.42829694542627644  0.43690015540006494  0.44499408906314580
  0.45269810074752703  0.46118125105191971  0.47068034096039668  0.48043855533196556
  0.49050514904556392  0.50062085739876949  0.51130078803658141  0.52282157080190772
  0.53465265774461257  0.54581254374167620  0.55606514144711117  0.56662155619966359
  0.57745568085316745  0.58823872908805630  0.59846553362126931  0.60773633570619701
  0.61433007305326270  0.62140101412823168  0.62909737537376165  0.63745930178821020
  0.64674476370020717  0.65674044444068069  0.66692484030515642  0.67726135938035681
  0.68712299730475934  0.69542268469787194  0.70429363109409715  0.71400534789728087
  0.72344462031182066  0.73197429828929195  0.74030594563895313  0.74830583155816499
  0.75713576715951469  0.76659753610427628  0.77611882428810053  0.78571989526974328
  0.79538666082605236  0.80516702705437759  0.81542584498177950  0.82608455084193111
  0.83637399834141257  0.84635136132103750  0.85603294999590063  0.86612776049381179
  0.87758200101205430  0.89088047318474528  0.90474716669229205  0.91668431385978533
  0.92566297144018495  0.93582863673241234  0.94631800942724253  0.95664908577888985
  0.96612694133674537  0.97562056871118163  0.98722967048067134  1.00000000000000000
 -0.00173636024131892  0.00855440901777651  0.01709386036408712  0.02476329245986773
  0.03331806286925681  0.04259437485105095  0.05235299087033859  0.06216704592976082
  0.07286195793245134  0.08414053600094737  0.09498289121081070  0.10423156562853131
  0.11243466270521861  0.12026551454335392  0.12858730326560525  0.13809114139949460
  0.14789201110929523  0.15864289274168958  0.16938040089873724  0.17942094723568311
  0.18828280628687355  0.19662797885259886  0.20520151476074783  0.21456351773259547
  0.22388446901559586  0.23380009656842818  0.24462003105894242  0.25671879741096859
  0.26915412112561615  0.28073562286328768  0.29181567464604657  0.30225446297575864
  0.31202336719919871  0.32174871788904685  0.33127056882302602  0.34084194341775481
  0.35073427105593213  0.36073363828349642  0.37198632695593237  0.38311295752285712
  0.39375663816651013  0.40345720865845464  0.41281768991577689  0.42252056540495758
  0.43294834147172762  0.44447163866310369  0.45661194173571318  0.46890833136396737
  0.48164906706692562  0.49423570877127870  0.50615012607383925  0.51771749852787052
  0.52901819392588378  0.54038407341938910  0.55182941316082434  0.56396341191379729
  0.57593465402760413  0.58632263162816645  0.59551007469450767  0.60543876072108649
  0.61619884779797052  0.62645156180211892  0.63632535906122401  0.64655957196782621
  0.65811575195424921  0.67055672408162348  0.68139304867666772  0.69107924903174855
  0.70088763537502319  0.71066694204953773  0.72201793825387528  0.73393812932388225
  0.74731095285051496  0.76015661902258869  0.77263784716328210  0.78285273693030111
  0.79375589097945165  0.80450640470402535  0.81528131873546084  0.82483932772085300
  0.83447583626490496  0.84398245714164988  0.85315636405178574  0.86242904974727075
  0.87223373886973055  0.88230320396435324  0.89186186567639025  0.90096770130789561
  0.91025565708027034  0.92029468954056592  0.93254614876358632  0.94604001926701864
  0.95893379014959612  0.97173164158914382  0.98550756815753959  1.00000000000000000
  0.08007621763181492  0.11289211566114482  0.15401668640399122  0.19571515254421215
  0.22469840332179797  0.24823665270827006  0.26944320739098987  0.29084071268144412
  0.31095007797610436  0.33040523186334730  0.34849847355685348  0.36537691577693138
  0.37888842413936474  0.38945273122221308  0.39929367599806886  0.40865260558822625
  0.41714143246803187  0.42527546948953820  0.43477287340500903  0.44686526503141422
  0.45918426537965890  0.47028270848024628  0.48007566249007527  0.48829303076891878
  0.49664523885546230  0.50543510047335349  0.51341515211554789  0.52060384894777645
  0.52685467893816618  0.53335917368147800  0.54004060841599477  0.54634228949287822
  0.55213501983175106  0.55749788697633240  0.56267040557910075  0.56799088236023154
  0.57400259774403084  0.58053873811963042  0.58671584737041504  0.59218520134642805
  0.59785277732551123  0.60437989098591827  0.61140490315249174  0.61788811386411813
  0.62400598350909231  0.63010514855621769  0.63609613090098105  0.64233305236828331
  0.64814989599870665  0.65427006983076719  0.66017305050423836  0.66631585077780608
  0.67269007215991683  0.67921936550905759  0.68571620257449595  0.69156132500121192
  0.69710941296427686  0.70287512663491980  0.70898130891334543  0.71650826973465542
  0.72303180172725923  0.72964456777401232  0.73563276538734079  0.74106307940417926
  0.74684839445944828  0.75251878171834630  0.75805460342808684  0.76403975835729820
  0.77034685228752997  0.77672769318557067  0.78310634956179259  0.78925604993781640
  0.79533161869506419  0.80148956438508900  0.80787477099692129  0.81482559593241111
  0.82162079927714982  0.82847699624027549  0.83533971242501803  0.84261920289081349
  0.84976172528126614  0.85669400357991476  0.86353661112386004  0.87052652755710636
  0.87861196921098372  0.88840133130267385  0.89779952969212484  0.90663393928491964
  0.91500247170676607  0.92370006861906506  0.93287844315593493  0.94295323141918230
  0.95197923266056006  0.96179734645730242  0.97377994836616943  1.00000000000000000
 -0.01927184122238768  0.12256387095040733  0.16596362275933113  0.19244542259507075
  0.21651985638610496  0.23809630697474374  0.25644094680913826  0.27113421878607485
  0.28363161873617959  0.29531092776609674  0.30774474569611554  0.32024913770570390
  0.33261778779961204  0.34407944360519160  0.35585378452116123  0.36865070673144784
  0.38086105791164948  0.39120067222584842  0.40136151206706028  0.41200219549547090
  0.42386720607392042  0.43391753391668192  0.44202502541342764  0.44913165198978416
  0.45697794735499586  0.46632022449478955  0.47606879513361133  0.48395488642461043
  0.49036745680388227  0.49664794258843431  0.50306998858203233  0.50947151945201219
  0.51529415404288870  0.52107579730966791  0.52671183782950837  0.53203236713495716
  0.53741997935626440  0.54307213750944150  0.54969106004496249  0.55622297474239568
  0.56278419447894268  0.56984986531113191  0.57639783749169360  0.58270804566200796
  0.58859622439190684  0.59460055911012666  0.60102290020048010  0.60681515591372548
  0.61223862816439956  0.61742332494637420  0.62260314027826336  0.62804575742440572
  0.63362193412505996  0.63898241926675070  0.64437004017175792  0.65021418600960790
  0.65645786350432489  0.66268618567908699  0.66924938431807590  0.67599686703951833
  0.68257316612474095  0.68890645304939713  0.69494421193667988  0.70100171652688603
  0.70735063282748578  0.71355475114612921  0.71939911763457143  0.72504724463020664
  0.73067233617446836  0.73599552317030892  0.74190084852036164  0.74750423868669791
  0.75317394570518226  0.75908812346283805  0.76520433487095663  0.77124304948507760
  0.77703541072334315  0.78220886725734762  0.78722599541721627  0.79271628683588025
  0.79879568622898234  0.80602330153209045  0.81352280267563326  0.82056471428299460
  0.82727244061207250  0.83422096461671036  0.84219551349126665  0.85029392451540509
  0.85902773583840342  0.86977095235469726  0.88196182087869934  0.89510766190392266
  0.90926313855068530  0.92550780038335456  0.94976982780350705  1.00000000000000000
   8.4246431685122362E-008  -1.0000000000000000     
 F F F F F F F F F F F F F F F F F F F F F F F F F F F F F F F F
  <DiscreteSampler_grid>
  grouped_processes
  1 # 1 for a reference and 2 for a running grid.
  10 # Attribute 'min_bin_probing_points' of the grid.
  1 # Attribute 'grid_mode' of the grid. 1=='default',2=='initialization'
  0.0000000000000000 # Attribute 'small_contrib_threshold' of the grid.
  0.5000000000000000 # Attribute 'damping_power' of the grid.
 # binID   n_entries weight   weight_sqr   abs_weight
    118   10   5.151076954164280E+000   9.018803144139710E+001   5.151076954164280E+000
    119   10   5.151076954164274E+000   9.018803144139693E+001   5.151076954164274E+000
    121   10   4.847158469751673E+001   8.261435377723212E+003   4.847158469751673E+001
    122   10   4.847158469751670E+001   8.261435377723206E+003   4.847158469751670E+001
    124   10   3.751748097899264E+000   4.738231543772847E+001   3.751748097899264E+000
    125   10   3.751748097899262E+000   4.738231543772843E+001   3.751748097899262E+000
    139   10   4.847158469751673E+001   8.261435377723212E+003   4.847158469751673E+001
    140   10   4.847158469751671E+001   8.261435377723208E+003   4.847158469751671E+001
    142   10   9.767794958409699E+000   3.258868388222430E+002   9.767794958409699E+000
    143   10   9.767794958409686E+000   3.258868388222423E+002   9.767794958409686E+000
    148   10   3.751748097899264E+000   4.738231543772848E+001   3.751748097899264E+000
    149   10   3.751748097899262E+000   4.738231543772842E+001   3.751748097899262E+000
    187   10   6.565909697902724E+001   2.532097970359396E+004   6.565909697902724E+001
    188   10   6.565909697902727E+001   2.532097970359397E+004   6.565909697902727E+001
  </DiscreteSampler_grid>
