  0.00009644607816739  0.00012425195874621  0.00013599153732794  0.00014330736591056
  0.00015029035852869  0.00016071774226208  0.00017212169512182  0.00018193351195482
  0.00019047033504591  0.00019649919419380  0.00020298638652132  0.00020858444698797
  0.00021335384746475  0.00021675854673400  0.00022146339262195  0.00022774184667209
  0.00023478838415618  0.00024036818612307  0.00024479351658496  0.00024934042105560
  0.00025407952116546  0.00025927594767174  0.00026467906210055  0.00027050559042644
  0.00027539521887437  0.00028097333024609  0.00028823105060035  0.00029662880126702
  0.00030286630561937  0.00030812740885139  0.00031566510341250  0.00032436853177656
  0.00033105179437340  0.00033846744445552  0.00034598986608828  0.00035558452565179
  0.00036596792944053  0.00037505600921689  0.00038346363757334  0.00039226277402190
  0.00040281487219826  0.00041269375911963  0.00042157063290154  0.00043201200133937
  0.00044039206375977  0.00044742234449145  0.00045421174684086  0.00046162576395608
  0.00047066254384008  0.00048895598074181  0.00051001257190764  0.00052970517883525
  0.00054597198363233  0.00055626441590422  0.00056689389770407  0.00057819838364161
  0.00059088519030328  0.00060731668995819  0.00062266376432574  0.00063882725089229
  0.00065855810886257  0.00068315404585025  0.00072338890254076  0.00076894553192242
  0.00080650328367105  0.00083952535452995  0.00087115998704460  0.00090793291272818
  0.00096200005046992  0.00102256300810339  0.00107543287205206  0.00112589748300276
  0.00117011748821390  0.00124184002431052  0.00133274153481688  0.00142176562499681
  0.00150248133286529  0.00157954594164811  0.00168090698656941  0.00181543219170895
  0.00203949333610936  0.00246747249793187  0.00292249764441217  0.00328811902466982
  0.00351308719695460  0.00373805536923938  0.00396302354152416  0.00435080585796300
  0.00474651275599913  0.00514221965403526  0.00552166595008684  0.00588218406745263
  0.00624270218481843  0.00660322030218422  0.09851762110064194  1.00000000000000000
  0.00000233765383436  0.00000351888179139  0.00000450719514637  0.00000605499087666
  0.00000729779504799  0.00000856390878460  0.00001009213058570  0.00001170613706403
  0.00001323309904771  0.00001522765226119  0.00001689625246314  0.00001804223904190
  0.00001914465404454  0.00001999422386729  0.00002073908673568  0.00002149002181648
  0.00002240482455459  0.00002442877563364  0.00002790361857970  0.00003078902507865
  0.00003328211228693  0.00003557230219003  0.00003775632747272  0.00004007477252846
  0.00004240471133525  0.00004452062584266  0.00004597911182353  0.00004735485777253
  0.00004856854156459  0.00004970682176109  0.00005075767356695  0.00005252099127546
  0.00005509575476536  0.00005774756104364  0.00005992589573625  0.00006125728843931
  0.00006239469949452  0.00006357751016272  0.00006527760220819  0.00006678384899174
  0.00006788996484862  0.00006890401271304  0.00007006715062458  0.00007169649811205
  0.00007338286591052  0.00007489165547100  0.00007606049047728  0.00007696393650497
  0.00007797833616204  0.00007917440459882  0.00008016858872608  0.00008088241434715
  0.00008168767743397  0.00008298238774109  0.00008465819806661  0.00008732102037530
  0.00009101140075767  0.00009370428794151  0.00009614072182386  0.00009804629325631
  0.00010001074036637  0.00010240541963956  0.00010525797276835  0.00010857912163683
  0.00011182287628259  0.00011466229142451  0.00011761132818437  0.00012077763228309
  0.00012467423817489  0.00012942368237080  0.00013529045808091  0.00014188163306243
  0.00014789950043230  0.00015500128709619  0.00016352281334289  0.00018107263327317
  0.00019576432880669  0.00021043348957096  0.00022811408205987  0.00025010943091807
  0.00027346212510687  0.00028885929745474  0.00030533657991700  0.00032298332031005
  0.00034300630735177  0.00037901687474716  0.00041705898132892  0.00045573181773901
  0.00050097239267379  0.00055268249267431  0.00063551049921614  0.00076853539862480
  0.00099919528285103  0.00156043369341376  0.15423392804643257  1.00000000000000000
 -0.01993434553792534  0.07024080811931721  0.13264323574228185  0.19305340590999528
  0.23996768712017452  0.28193552904667951  0.32366126095873365  0.36188025393664669
  0.39150066289924651  0.42134941382187308  0.44970250073958484  0.46881441991862566
  0.48640935425234766  0.50412848574105640  0.51848476927508991  0.52953160080305695
  0.53943015633264291  0.55279425050563524  0.56664917604628762  0.57499678035784374
  0.58285832137038773  0.59103637032571688  0.59692551816912609  0.60286922382705554
  0.61131762549015811  0.61976602715326068  0.62726640480119134  0.63469935971091651
  0.64239651966887867  0.65125653476675083  0.65950819050738430  0.66680590096632619
  0.67341434705840630  0.67968198995656359  0.68741874949311965  0.69320265098688783
  0.69915668922934404  0.70602711095754755  0.71195798191380366  0.71794148975383865
  0.72389621301019857  0.73061983950634957  0.73693742852601996  0.74395494212172075
  0.75104601256413384  0.75834553015335704  0.76319562742951563  0.76696401162796823
  0.77044966225457601  0.77495098927914452  0.77952472509450688  0.78598080556540029
  0.79144859900465947  0.79689638148415698  0.80362338858560234  0.81189857712308677
  0.81898399761772656  0.82420053227277934  0.82825048035805493  0.83203352268530195
  0.83572423324092926  0.83972497187356354  0.84477832930474928  0.85086895868046197
  0.85808775069049736  0.86580386001217402  0.87255253751978912  0.87869716339947179
  0.88421619328226120  0.88888569898999681  0.89233682212284948  0.89519934180650107
  0.89807702435225256  0.90093004026389645  0.90437233219663249  0.90908593562281259
  0.91288892800105359  0.91625722794840270  0.91922870280092239  0.92325841808466891
  0.92822995079197201  0.93466999455488475  0.94134508668715489  0.94820418879120971
  0.95464071161836217  0.96037828889647048  0.96449917834440524  0.96839515167271928
  0.97213634331176346  0.97551481165565268  0.97849874365003764  0.98114909025594099
  0.98285072950256613  0.98685484820856884  0.99343053990264452  1.00000000000000000
 -0.00245760819287796  0.01033619259568965  0.02174733652128780  0.03232645527360228
  0.04078144294659504  0.05290829879169948  0.06860447789754227  0.08617496439294531
  0.09928169911229287  0.10639966773407375  0.11152058310361625  0.11709370912906088
  0.12294592132939934  0.12879479263168589  0.13464160311052806  0.14374116480959173
  0.15757632541997338  0.17362205368271377  0.18616065495876924  0.19541961429608712
  0.20247354409259069  0.20819808770468931  0.21523034688359927  0.22649188622020280
  0.23827846977105466  0.25350648433622702  0.26998740280258726  0.28281610280557890
  0.29189987188449540  0.29849000202440484  0.30495290449999735  0.31144397084831299
  0.31822331782289109  0.32760821899965598  0.33786356736875878  0.34651875933559761
  0.35638009998220671  0.36858412138250735  0.38194268959470629  0.39577384995289810
  0.41054230091025423  0.42445931286578248  0.43719028472984506  0.45074248820179086
  0.46324184143654279  0.47350773431634657  0.48437080312142472  0.49592762983203753
  0.50987997997839929  0.52996571743261123  0.54605086597069308  0.55690264349247431
  0.56548511234968046  0.57483834605985229  0.58513959483891254  0.59516158644086892
  0.60641233600017674  0.61806918366471630  0.62797234593428986  0.64066115970062432
  0.65503663168644910  0.66262201996184555  0.66840045088402067  0.67464106018044379
  0.68028039363709891  0.68653243349888393  0.69272402898250285  0.70260977518675638
  0.71323896207138382  0.72170303643402667  0.73161855355033334  0.73982633419205490
  0.74609192259422319  0.75157339317043736  0.75744294119237243  0.76324509054436895
  0.77425745270694069  0.78354794102416392  0.79119355097801358  0.79872347325955939
  0.80742521483454299  0.82073663507269756  0.83638091436579554  0.84754539968075493
  0.85632779004864079  0.86790443083334623  0.87888449511206912  0.88889692260744246
  0.90584736701989788  0.92552318779050102  0.94057969660551854  0.95062335098578321
  0.95895473209997839  0.96833423121116169  0.98045468689221038  1.00000000000000000
 -0.00160215967494447  0.00847089628990491  0.01931149122214248  0.03072592771526697
  0.03861388730530065  0.04773634862589413  0.06154971414885153  0.07486237606144197
  0.08899326057556353  0.10454392567201916  0.12117985840422114  0.14362070532854088
  0.16359275143167673  0.17280659535063758  0.18013607172802831  0.18760944735311630
  0.19413817580731152  0.20260373897544792  0.21342900125608105  0.22294420718112093
  0.23098090491022344  0.23807555771587149  0.24552137136716495  0.25323065044751669
  0.26351124330485309  0.27848244516519638  0.29609848042304215  0.31463309689799690
  0.33138106338872564  0.34142991769064929  0.34960563553253182  0.35732678772409587
  0.36508541994164118  0.37323455842055692  0.38095758621618719  0.38660839798158914
  0.39266072879060443  0.40099178402249225  0.40761740424265691  0.41343127984228778
  0.42317949112598863  0.43912812786662297  0.45213901118591787  0.46146219719558923
  0.47031265980839909  0.47918971257028703  0.49472194054000729  0.50842584541591174
  0.51961796808121763  0.52830189178217979  0.53671531674904538  0.54775390045185690
  0.56230124957955352  0.57697571735786535  0.59400140886503128  0.60178071214888373
  0.61071884393049958  0.62014039296118084  0.63091351525312067  0.64103404747895698
  0.64997024636088152  0.66460591184744433  0.68523151036136254  0.70090317159121007
  0.71236901928875573  0.72371182916207422  0.73284093251737781  0.74115621741902937
  0.75056118099571190  0.76076733623170145  0.77508704537565642  0.78685762200146281
  0.79464333724097880  0.80055297470744546  0.80743100414064217  0.81620830122441668
  0.82427389694750142  0.83097613940987225  0.84099497325348638  0.85170184699523155
  0.86227033209266524  0.87206222877896533  0.87984867356719976  0.88509010008460776
  0.89065667435169371  0.89684841945955696  0.90343386717827423  0.91099262344540388
  0.91989793609225279  0.93262019962416132  0.94390665252666028  0.95367315975476052
  0.96430057870527086  0.97736644281374585  0.98879262227689668  1.00000000000000000
 -0.04680020437545565  0.37801189129925600  0.42595642087538033  0.44696410585888707
  0.45986635473664783  0.47276881373052398  0.47919608212033682  0.48590807983092943
  0.49198512148380541  0.49720223324952439  0.50228907702595837  0.50800270872324194
  0.51517157508276701  0.52243354664139929  0.53101020784482711  0.53716748685132598
  0.54326119929335182  0.54864530849156612  0.55473129048989522  0.56052810242649009
  0.56788178055015937  0.57302115993582103  0.57811919506575138  0.58351686494637389
  0.58693931982086744  0.58997322597350998  0.59268459186482536  0.59503597454755008
  0.59835406793749479  0.60394271886369910  0.60804535282743644  0.61131603345953567
  0.61521130983002059  0.62135425023978719  0.62731212800810476  0.63308248097736453
  0.63770321305234656  0.64201873133355236  0.64493304229616288  0.64747568468740846
  0.64971732790067471  0.65198012063888122  0.65468303451736076  0.65703467732285836
  0.65850429153441659  0.66016085596394847  0.66212594075369124  0.66405006249934351
  0.66754278432836112  0.67314430921551749  0.68067615305429063  0.68574187205650428
  0.69006501743822324  0.69446998916009339  0.69894746718411260  0.70247239800334571
  0.70640632555606653  0.71258596871803603  0.71855114427180822  0.72342583186633613
  0.72797157900616172  0.73391689902910984  0.73981831456602898  0.74411029189410371
  0.74758488948578794  0.75085009287408633  0.75591650798197574  0.76163830765984375
  0.76898794834782003  0.77586661818560732  0.78201669941886931  0.78743603063987433
  0.79177195798657429  0.79747138478511126  0.80338596239572779  0.80993441596130278
  0.81594478103248202  0.82263134227132662  0.83026499379764862  0.83731602793648019
  0.84619331204596204  0.85620189779551115  0.86629274099313036  0.87598894054844045
  0.88668528003140468  0.89862615283453573  0.91061527935270259  0.92176558095788175
  0.93146371298310338  0.94025540693133647  0.94948249671283169  0.95903892942710001
  0.96871874416960080  0.97868338072850714  0.98911497802416326  1.00000000000000000
 -0.03540426274542528  0.16164544383273680  0.20284399439250966  0.23365846261238576
  0.25548162368005012  0.27065490997703834  0.28167353790019223  0.29068139137813348
  0.29824040637396437  0.30847840561543610  0.31893487349137734  0.32910141379495994
  0.33906072439448393  0.34896089090991389  0.35821473657873493  0.36736284195112895
  0.37518969990625217  0.38290502993347897  0.39436838483863196  0.40380437791118812
  0.41131858157877593  0.41754318064875368  0.42523013014922689  0.43709417628534758
  0.45148171545004634  0.46489176664060178  0.47558007945449565  0.48390816554175481
  0.49112884891331987  0.49805125303781533  0.50649663803034572  0.51520755211345137
  0.52384213379864297  0.53141281745391333  0.53836120443525270  0.54562425405922199
  0.55395320773955148  0.56187383969213300  0.56934462991629409  0.57526054593935161
  0.58132140970784540  0.58636149795659087  0.59059483848523908  0.59436965640304162
  0.59829874388320992  0.60550700727788487  0.61453527800760321  0.62193347489329276
  0.62764089656154975  0.63169111054868132  0.63518311934442029  0.63813574145056629
  0.64072062394542706  0.64323746266509829  0.64650045633390796  0.65089504976741408
  0.65769439357546000  0.66414422094768466  0.66734767495146707  0.67048342967433316
  0.67348666154948422  0.67680135312471479  0.68241158563106419  0.68868498297827208
  0.69393951635523754  0.70000457160199248  0.70617432098399269  0.71194574687627621
  0.71820430878256014  0.72489189149747579  0.73328795160937854  0.74028571362392026
  0.74733072039003356  0.75321626092130511  0.75729195855031439  0.76186322501891046
  0.76551390852538270  0.77029017255582077  0.77549777994825342  0.77963309189546814
  0.78293292730997743  0.78663259158731969  0.79160824389895934  0.79773747518702520
  0.80288289985229933  0.80727451997137623  0.81218258925533560  0.81691026890804785
  0.82449388347042663  0.83612203889641523  0.85129168213448314  0.86609054171995148
  0.88039614024503343  0.90117294865474484  0.93842558815167931  1.00000000000000000
   5.2321233346038069E-009  -1.0000000000000000     
 F F F F F F F F F F F F F F F F F F F F F F F F F F F F F F F F
  <DiscreteSampler_grid>
  grouped_processes
  1 # 1 for a reference and 2 for a running grid.
  10 # Attribute 'min_bin_probing_points' of the grid.
  1 # Attribute 'grid_mode' of the grid. 1=='default',2=='initialization'
  0.0000000000000000 # Attribute 'small_contrib_threshold' of the grid.
  0.5000000000000000 # Attribute 'damping_power' of the grid.
 # binID   n_entries weight   weight_sqr   abs_weight
    22   10   4.844348778440398E-001   1.223569577946176E+000   4.844348778440398E-001
    23   10   4.844348778440398E-001   1.223569577946175E+000   4.844348778440398E-001
    25   10   2.490419569501242E+001   4.686300904166012E+003   2.490419569501242E+001
    26   10   2.490419569501246E+001   4.686300904166028E+003   2.490419569501246E+001
    31   10   1.336538154617513E+000   1.362195086190508E+001   1.336538154617513E+000
    32   10   1.336538154617516E+000   1.362195086190514E+001   1.336538154617516E+000
    34   10   1.336538154617513E+000   1.362195086190508E+001   1.336538154617513E+000
    35   10   1.336538154617516E+000   1.362195086190513E+001   1.336538154617516E+000
  </DiscreteSampler_grid>
