  0.00009766198713776  0.00010629433879437  0.00010957877278538  0.00011163477387223
  0.00011344179751035  0.00011490924632693  0.00011606977567952  0.00011717243365722
  0.00011822689354891  0.00011929035072683  0.00012038009412649  0.00012153549390291
  0.00012268191040752  0.00012380819291174  0.00012499293225093  0.00012646027994752
  0.00012768696084467  0.00012887637512176  0.00012998409338376  0.00013092466271406
  0.00013176395261745  0.00013258625953155  0.00013347199783150  0.00013442747686066
  0.00013550815586191  0.00013649162438369  0.00013739846120900  0.00013834932706280
  0.00013937162846424  0.00014026613760683  0.00014116656572562  0.00014194543878877
  0.00014253852757864  0.00014336535608239  0.00014426129574927  0.00014523504201840
  0.00014652909847933  0.00014808628351670  0.00014978975252594  0.00015183591577304
  0.00015370164280204  0.00015524615305751  0.00015670354652886  0.00015822888984496
  0.00016001414347506  0.00016215455550653  0.00016393646052131  0.00016545395734691
  0.00016696371092851  0.00016860893900719  0.00017055142203212  0.00017262624515832
  0.00017468483054541  0.00017673309067854  0.00017873926885805  0.00018075626117500
  0.00018327089043481  0.00018582847635525  0.00018853254082942  0.00019121362132478
  0.00019361635204074  0.00019611399235552  0.00019845113599826  0.00020120405927429
  0.00020442860171460  0.00020777313567545  0.00021084514753813  0.00021385914793135
  0.00021778307093459  0.00022273323356718  0.00022902648415204  0.00023534071848124
  0.00024175719584356  0.00024814069793144  0.00025449827216896  0.00026111667680932
  0.00026796688021970  0.00027576963573000  0.00028793136104356  0.00030332950198580
  0.00032019354155509  0.00033655488375487  0.00035543151657926  0.00037929326323007
  0.00040705034659436  0.00043412741268154  0.00046391884587493  0.00049886110183126
  0.00054114661806278  0.00060359260604443  0.00070723120000116  0.00086956789484994
  0.00114218957380358  0.00153786837285971  0.05950233043546468  1.00000000000000000
 -0.00002430298489999  0.00056939294861004  0.00207332170179507  0.00463347233932691
  0.00728001012985524  0.01117237380267144  0.01558560925179801  0.02116110690160069
  0.02696130004150207  0.03135355139123742  0.03546880088387613  0.04066693079683971
  0.04814201124277014  0.05698704754015894  0.06661042096966555  0.07556510108431476
  0.08407896573648016  0.09239801507814323  0.09800291640954908  0.10407747812317095
  0.10994715726102512  0.11458854682981219  0.11952925163754964  0.12489651883083508
  0.13304153425566279  0.14466871237521178  0.15812399214366860  0.17280629477017059
  0.18811332350540025  0.20149090746972786  0.21362590405618079  0.22368931451807803
  0.23093786760198501  0.23835211046084431  0.24545056430219733  0.25275131130320949
  0.26049034338412819  0.26863738245415192  0.27659813905312508  0.28439270053313015
  0.29229744725848189  0.29996791394393829  0.30717936527304407  0.31605826605089604
  0.32593926613189833  0.33533345192264402  0.34396959647955500  0.35257541541693288
  0.36090273687862034  0.36893913089124625  0.37678752358514739  0.38769669755116354
  0.40036348614877859  0.41287531446640657  0.42530215035948643  0.43869770858420076
  0.44998381555139666  0.45975565148930764  0.46938218943350962  0.47808921189983755
  0.48648996621078816  0.49472940154643991  0.50304280375022947  0.51211772240916287
  0.52073412582391487  0.53389948065564297  0.54824968048096800  0.56132174105852428
  0.57306576986266300  0.58398034473945537  0.59497283286531533  0.60614541688287427
  0.61791657093230401  0.63277470419463266  0.64769768293601604  0.66246727337784161
  0.67591058854704644  0.68835275839597554  0.70053996848528266  0.71371761253973776
  0.72862473472584033  0.74314756074706467  0.76187161444725404  0.78137205324044301
  0.80631515168866541  0.82801914120529818  0.84818046958919768  0.86405496569633000
  0.87871026094036075  0.89153382694616290  0.90728442901896644  0.92587653194757524
  0.94554647324102259  0.96389813688959169  0.98178738479897210  1.00000000000000000
 -0.00285470621273136  0.01552518761444100  0.02731962883464868  0.03972941989937260
  0.05104039877573004  0.06154828793551023  0.07023522915508466  0.07781293604232786
  0.08870275479782808  0.10114628992467756  0.11389937677498237  0.12451092823618820
  0.13136870488442881  0.13794414835950869  0.14701291663887370  0.15498512714396573
  0.16271538552173787  0.17009816372853021  0.17789955363128357  0.18485076541391698
  0.19299325954234386  0.20132121705336922  0.20885769507373397  0.21583149184070557
  0.22232754084837872  0.22892463090510792  0.24193936151625800  0.26066182820221556
  0.28161710727890388  0.29893091433751051  0.31030411904085969  0.31975331080494340
  0.32928623324701861  0.34242154108135076  0.35517909542371073  0.36276134462677873
  0.36946126038612120  0.37598014703681398  0.38310806926638125  0.39440448862383198
  0.40786334636789301  0.42159632158609911  0.43494737280991608  0.44618048896891455
  0.45662171828216480  0.46633335384884950  0.47561042254210112  0.48299540351304743
  0.49124355948687637  0.49845936609786468  0.50624515946445847  0.51592150376358681
  0.52737390197520362  0.54425043371763826  0.56217805430805967  0.57884986089251411
  0.58996569225852824  0.60048689518773968  0.61057113959653286  0.62140267157476148
  0.63270507167899304  0.64489264424938586  0.65668356856165422  0.66787560535925428
  0.67771394459296785  0.68523682038134970  0.69386008401157018  0.70380094367318369
  0.71236185250597750  0.71988937122260654  0.73058881998157421  0.74393440167573710
  0.75875108602560770  0.77264231909555470  0.78472506909796569  0.79484052824536611
  0.80294538272095950  0.81148509520479684  0.81960561020191014  0.82813403066528901
  0.83720664988949667  0.84504179087867248  0.85372367430608753  0.86341636072969363
  0.87493114215118151  0.88540587428725015  0.89476377158948683  0.90565332115659058
  0.91800122893844693  0.93090209549519987  0.94438912865090796  0.95669998714416693
  0.96897289543710274  0.98038522233758507  0.99023664488719454  1.00000000000000000
 -0.00030740584166421  0.01270203987360097  0.02509952607772097  0.03767444796380640
  0.04830982659746860  0.05643134935752404  0.06486283128555043  0.07451157957985932
  0.08613821721083401  0.09779050013769285  0.10862335727106288  0.11705044369240727
  0.12298163210106325  0.12886847440578236  0.13583880613400301  0.14446706432737411
  0.15630024739670884  0.17163519692275636  0.18843568337394598  0.20575679879709990
  0.22217079500313344  0.23616293968447097  0.24912732053125572  0.26154025252453450
  0.27555256922502708  0.28972692565035152  0.30363904737260117  0.31748372282380333
  0.33123675379420564  0.34465008379482898  0.35928044135976772  0.37490417923502828
  0.38945657738728534  0.39933939353403924  0.40970969828349091  0.41826386289486511
  0.42657174120327235  0.43470814939773228  0.44331938270120486  0.45217997638199076
  0.46276167480629365  0.47447351681905364  0.48397587979273504  0.49231368665764652
  0.50302406537454991  0.51363445504683247  0.52210124239511257  0.53038516568766259
  0.53916308500246735  0.54904824016024689  0.55951431570571630  0.57030338315346985
  0.58333493416634163  0.59823654802830906  0.61407000326944394  0.62850278682329841
  0.64104152291268346  0.65293415699577140  0.66370956253095126  0.67396295701556874
  0.68335933523919623  0.69185031310825562  0.70183166464634328  0.71323949647519980
  0.72431840825995353  0.73439035241462614  0.74096671026626915  0.74633249607316421
  0.75397842390159309  0.76236511385230221  0.77084851120868825  0.77810021445397670
  0.78940612709610936  0.80344366413570933  0.81784877770315945  0.83065754594631591
  0.84199295960450327  0.85132107553233549  0.85846939358698060  0.86490501011325194
  0.87157712195159642  0.87847474360938849  0.88507212331127760  0.89208083298735907
  0.89775353760611687  0.90323502587564874  0.90966711347643414  0.91640498971842788
  0.92474666882577949  0.93465139581879397  0.94510338898857960  0.95505477260395621
  0.96602262566532127  0.97685888609148985  0.98808561801033301  1.00000000000000000
 -0.00210100297845992  0.00916109590096823  0.01817388741953336  0.02744213554459442
  0.03604692410132269  0.04523065360287080  0.05566928912156510  0.06940936733544545
  0.08517525225188817  0.09673118976928996  0.10598972511116821  0.11416475065162522
  0.12184321351060194  0.13066476478609176  0.14048927451280238  0.15107557184698966
  0.16196357403162795  0.17297883978076833  0.18389939730394408  0.19653743653862266
  0.20558384247717312  0.21186075859877460  0.21803255446126263  0.22447280555374924
  0.23287918558972423  0.24305569291962786  0.25692238261615297  0.26951444599502811
  0.28269943603718078  0.29728558539984606  0.31319577153704203  0.33379457666290907
  0.35465603212654390  0.37139482298191467  0.38247198932946891  0.39225754302753590
  0.40218500887985670  0.41128533171017340  0.41920685096860549  0.42583595715006545
  0.43302786352747696  0.44097346725395314  0.45037166793361266  0.45897322266030155
  0.46995678567764138  0.48431659989997522  0.49384148440932990  0.50393749826177880
  0.51455299388979514  0.52414193883271631  0.53410787421080030  0.55177382396083507
  0.56510022505936519  0.57510641212362767  0.58513869424107789  0.59671309671107642
  0.60982533687536211  0.61783219467293682  0.62489545231894628  0.63316199720006250
  0.64128581783911176  0.64819593643660323  0.65427896925147444  0.66105057265256473
  0.67047747340893726  0.68101294532785583  0.69112183995491594  0.69964331920008249
  0.70824842601186155  0.71941857607306303  0.73083049843596604  0.74144517371806817
  0.75297536383970154  0.76468428004707334  0.77674005259915857  0.79064162970983543
  0.80571912464742323  0.81660153213739639  0.82324908796936913  0.82948965104012817
  0.83579251678849231  0.84346479098813776  0.85611127075533344  0.87125695332491238
  0.88589277116962672  0.89758050395434674  0.90717932848128058  0.91641816894921968
  0.92788158254191189  0.93951213693461522  0.94823901276233613  0.95821576484320525
  0.96875647209232696  0.97936357702231314  0.98954383234082643  1.00000000000000000
  0.07461342439087035  0.31230206797081639  0.37346848862391485  0.40024025077466879
  0.41647272113790162  0.42348394454261368  0.42900140204009773  0.43364827777554393
  0.43793310974922428  0.44089496100989323  0.44281879798984042  0.44472487590394416
  0.44661585167483436  0.44864584460572099  0.45081687235337531  0.45437423219062495
  0.45838307932364186  0.46244593199243528  0.46624879750876447  0.46975276776918995
  0.47336028524757617  0.47659381668374529  0.47889493466700322  0.48366782131640867
  0.48880676613015506  0.49380296889483394  0.49945129469557786  0.50551601270211577
  0.51062435361632896  0.51573062177436468  0.51944293510086292  0.52253945313765715
  0.52487262743730934  0.52676490813435495  0.52869090970848931  0.53069264642922798
  0.53294724682103856  0.53530144790670653  0.53752065799193538  0.53973236915053568
  0.54225392481116774  0.54521240116847347  0.54836979380692252  0.55156889237609374
  0.55450799379274474  0.55716665279147137  0.55982056938579983  0.56252200596134283
  0.56530749563734850  0.56824860545090206  0.57150919841236481  0.57515263556745211
  0.57841017412286211  0.58195693339116239  0.58600682966364814  0.59096639391311290
  0.59521254705809490  0.59919729582362735  0.60311280933744726  0.60724151859676279
  0.61113900641502694  0.61490978941341301  0.61890477328305327  0.62346146805735125
  0.62902917709594564  0.63443823470637251  0.63982472624481990  0.64503288257455738
  0.65029757177978387  0.65573611001074594  0.66099212988464762  0.66700091136137563
  0.67457436151316541  0.68344975769552296  0.69085094896825539  0.69669562827085785
  0.70108113800363137  0.70594419286911381  0.71047727732368238  0.71564403217659411
  0.72115262805623781  0.72895278778592243  0.73815889652108235  0.74709185092287955
  0.75583888904719954  0.76462973238408538  0.77411892053171372  0.78635941029374234
  0.80086973076130263  0.81699874703384567  0.83436652790481247  0.85252182477308713
  0.87272389019904262  0.89708832554951989  0.93390677605789607  1.00000000000000000
 -0.02200983541599441  0.14586073393790058  0.19234396182710903  0.22646649462451462
  0.25208169051751550  0.27399987850849655  0.29371901382178095  0.31180554600526739
  0.32739279804144161  0.34140700982141775  0.35554334581385921  0.36914238377645392
  0.38368452383931240  0.39336471241047333  0.40381403130570809  0.41259937872832514
  0.42218341411073790  0.43302450162121536  0.44636083411363842  0.46123222663755481
  0.47444873946808808  0.48387292712331054  0.48984650269479174  0.49506967665657919
  0.50004390039133917  0.50518307748467184  0.51035466206062119  0.51628538958672432
  0.52784704711810737  0.53966395689402158  0.54804018644037511  0.55573459905216238
  0.56300380983366682  0.57212362662761895  0.58143918345456436  0.58972683402855919
  0.59737614877862477  0.60491426620467259  0.61018394305980816  0.61642532790425797
  0.62326188394438298  0.62702342659978705  0.63044830006828201  0.63384382994917532
  0.63707302835653623  0.64046181980061623  0.64392073263602856  0.64825222634040447
  0.65315768115797390  0.65835465624286349  0.66226596891073186  0.66622943284468306
  0.67087262549180549  0.67652394340839728  0.68134869408252474  0.68596830983790569
  0.69168055769142822  0.69762861432392131  0.70354608484717562  0.70932502227303174
  0.71504409115152201  0.72222017363685109  0.72898963479115209  0.73494214463914054
  0.74057391550036089  0.74609598282524292  0.75172364383666357  0.75763573965977127
  0.76398673002997530  0.77023721269109591  0.77656925502197971  0.78297635277894173
  0.78882628204906724  0.79520706676128916  0.80217146198436373  0.80932098146536413
  0.81597830398940374  0.82161368020263781  0.82736075040373425  0.83361079298518870
  0.83881185410800707  0.84272417636619756  0.84654990150316489  0.85026501114220532
  0.85376119453355659  0.85830617483839944  0.86455096382051333  0.87264610331603287
  0.88077808963712123  0.88899002771139224  0.89700389674181835  0.90542589497595760
  0.91697930099589797  0.93036104722102519  0.95036166681312517  1.00000000000000000
   5.3795411845616261E-009  -1.0000000000000000     
 F F F F F F F F F F F F F F F F F F F F F F F F F F F F F F F F
  <DiscreteSampler_grid>
  grouped_processes
  1 # 1 for a reference and 2 for a running grid.
  10 # Attribute 'min_bin_probing_points' of the grid.
  1 # Attribute 'grid_mode' of the grid. 1=='default',2=='initialization'
  0.0000000000000000 # Attribute 'small_contrib_threshold' of the grid.
  0.5000000000000000 # Attribute 'damping_power' of the grid.
 # binID   n_entries weight   weight_sqr   abs_weight
    22   10   2.412865850419508E-004   2.943671267283820E-007   2.412865850419508E-004
    23   10   2.412865850419508E-004   2.943671267283822E-007   2.412865850419508E-004
    25   10   5.562489593356787E-003   2.322218020335262E-004   5.562489593356787E-003
    26   10   5.562489593356772E-003   2.322218020335253E-004   5.562489593356772E-003
    28   10   7.169157300946487E-001   2.287846153501472E+000   7.169157300946487E-001
    29   10   7.169157300946484E-001   2.287846153501471E+000   7.169157300946484E-001
    40   10   7.260998629173808E-002   3.532778070770642E-002   7.260998629173808E-002
    41   10   7.260998629173811E-002   3.532778070770647E-002   7.260998629173811E-002
    43   10   7.724323384929696E-002   3.734261514101394E-002   7.724323384929696E-002
    44   10   7.724323384929702E-002   3.734261514101397E-002   7.724323384929702E-002
    46   10   3.065693678441211E-001   4.165624902017904E-001   3.065693678441211E-001
    47   10   3.065693678441211E-001   4.165624902017905E-001   3.065693678441211E-001
  </DiscreteSampler_grid>
