  0.00000299165282389  0.00000319291497808  0.00000334899758089  0.00000348401773986
  0.00000359033880872  0.00000370255219240  0.00000387276810744  0.00000408578913949
  0.00000430906365095  0.00000452873207983  0.00000474319552903  0.00000493979885806
  0.00000511911597314  0.00000528847090502  0.00000548960206237  0.00000571551483084
  0.00000596492002083  0.00000625193800351  0.00000655091156164  0.00000687226350041
  0.00000718852190145  0.00000748819656664  0.00000777546875617  0.00000825797822703
  0.00000878367252722  0.00000933726109448  0.00000991226829540  0.00001054578379889
  0.00001119594713724  0.00001181371020404  0.00001243080355533  0.00001309691866068
  0.00001381194388035  0.00001472275399913  0.00001564071522662  0.00001646560723358
  0.00001729049989911  0.00001820733197317  0.00001913809526303  0.00002040887358153
  0.00002164552411192  0.00002284424917771  0.00002399612485325  0.00002521742666658
  0.00002653209271102  0.00002798228143702  0.00002959304900411  0.00003111726018950
  0.00003252076470108  0.00003394922152212  0.00003545760696328  0.00003752705548693
  0.00003986415909202  0.00004235305882262  0.00004497572445333  0.00004780438987315
  0.00005091938367106  0.00005420956314560  0.00005749170735993  0.00006073590202489
  0.00006424346835115  0.00006780647056940  0.00007184157717578  0.00007573340276169
  0.00008002638859317  0.00008426950066619  0.00008875054808664  0.00009393906152673
  0.00010010976840514  0.00010766467262570  0.00011594223912041  0.00012438496809693
  0.00013332238325267  0.00014419629933667  0.00015608777091065  0.00016911183391727
  0.00018285335839991  0.00019712797368435  0.00021336009907108  0.00023188495265833
  0.00025665911291224  0.00028627499251426  0.00031473956952628  0.00034641762859422
  0.00038333666748117  0.00043868052867899  0.00051033212195149  0.00059414052661123
  0.00070112996217658  0.00086425738152784  0.00105708492006961  0.00130859892392190
  0.00176519648324289  0.00283560724255781  0.07811789958953516  1.00000000000000000
  0.00000278920199256  0.00000316443508809  0.00000338880614594  0.00000359423578317
  0.00000381178108632  0.00000401028771614  0.00000422129409426  0.00000448315616078
  0.00000475299432247  0.00000493842738050  0.00000520072154820  0.00000552198529620
  0.00000593871704841  0.00000643502375492  0.00000694696968520  0.00000748964231176
  0.00000806002561517  0.00000870345399911  0.00000940296726736  0.00001012170487634
  0.00001080155895599  0.00001149843667756  0.00001221214100457  0.00001298526997927
  0.00001385061124412  0.00001472762497257  0.00001568451360546  0.00001661134189709
  0.00001751433269796  0.00001840243542332  0.00001936816792419  0.00002037079202429
  0.00002139869134733  0.00002252501225997  0.00002384068606712  0.00002536729153632
  0.00002674724184587  0.00002807002626921  0.00002935591186373  0.00003065015289631
  0.00003198230053336  0.00003337081619238  0.00003489375042311  0.00003653578208566
  0.00003841910896486  0.00004038388461845  0.00004229964115053  0.00004416601422918
  0.00004602727962994  0.00004797264222639  0.00005004454773414  0.00005215991965050
  0.00005418657473399  0.00005610693212146  0.00005834815011500  0.00006076155974841
  0.00006344826456351  0.00006639383045500  0.00006960650080170  0.00007265276124245
  0.00007569042480227  0.00007904898177048  0.00008264358561107  0.00008635904017365
  0.00009041000972553  0.00009477274655305  0.00009946247912612  0.00010497445981743
  0.00011113949617183  0.00011789764582484  0.00012528099338132  0.00013392603068424
  0.00014353109509571  0.00015452695630122  0.00016537384111274  0.00017730981101774
  0.00019169411090241  0.00021133396089643  0.00023434099212900  0.00025982530583812
  0.00028615351321206  0.00031909575525769  0.00035723894276087  0.00039721337437336
  0.00045091836502698  0.00051841492774428  0.00059891712136032  0.00069797597836861
  0.00085689957094283  0.00107537509290298  0.00138294960657029  0.00196269858236297
  0.00291627156943464  0.00602249666092869  0.02446386142819762  1.00000000000000000
 -0.00292905285426259  0.01210630682873669  0.02519726222125069  0.03945574672025152
  0.05239057841619335  0.06447162854878188  0.07585122213304268  0.08691467591593961
  0.09754728911885460  0.10928267043996813  0.11991369791844117  0.12947890735557027
  0.13870499094725044  0.14801227790346086  0.15891051210727050  0.17003719283385610
  0.18151387638447855  0.19263107516179562  0.20557297026578719  0.21926680316050792
  0.23432101250225632  0.24877577356971314  0.26250136893136811  0.27640790720281994
  0.29043964892721491  0.30241715775594430  0.31348461096539965  0.32391588926628134
  0.33332526477743429  0.34234943505891036  0.35115420944473902  0.36096041025280173
  0.37140884261371571  0.38157482239786111  0.39130825846519596  0.40105058458260223
  0.41148857164575953  0.42393749122937885  0.43871926389024674  0.45170699326689062
  0.46401376398066357  0.47577607349861584  0.48731582747567714  0.49903337883480658
  0.51077686193526317  0.52294992244523164  0.53467568308665914  0.54337739329242718
  0.55223552099653095  0.56141617068654059  0.57052376257087134  0.58162786799867283
  0.59266712962565893  0.60273297644546453  0.61270263616341314  0.62273954115899466
  0.63281807972277571  0.64340939284651266  0.65518783759912114  0.66692194821996742
  0.67593582260029705  0.68285490573658980  0.68977409045648252  0.69734553271057620
  0.70546081984548914  0.71324290336466489  0.72081917213137636  0.72950204578578470
  0.73981592637977200  0.75092991041276946  0.76221870389666346  0.77290346119035580
  0.78331099088923895  0.79386048793258490  0.80491739249372363  0.81700002625075108
  0.82713240166313129  0.83568864065217563  0.84404997338686349  0.85236498955278162
  0.86023453619314516  0.86833242123079923  0.87694142331554314  0.88537009887063800
  0.89390463995884684  0.90253134052447226  0.91020309468863247  0.91817099492864340
  0.92823680881956905  0.93889920504474500  0.94941630004705635  0.95948701593622865
  0.96912008102087410  0.97880574800397335  0.98881884478823900  1.00000000000000000
 -0.00006758938029400  0.00067083080003681  0.00109729559477124  0.00142326035631431
  0.00175330488701266  0.00208701214446437  0.00243106590323715  0.00276624490216409
  0.00307957958168970  0.00338644144408791  0.00368988462396555  0.00399316250563707
  0.00430271397358948  0.00462288903590531  0.00493416212295201  0.00526818912553987
  0.00562081198124156  0.00598594681114510  0.00636026555021140  0.00674423841515415
  0.00712965772879261  0.00751077194692866  0.00789294931782589  0.00826964673204520
  0.00864982603492621  0.00904365538478576  0.00945856322043035  0.00989971871374464
  0.01034968351053016  0.01080362919010704  0.01127016288637988  0.01173839345074181
  0.01216865362821252  0.01256263211996381  0.01292379975031065  0.01325767985536136
  0.01360080980168711  0.01391702111405527  0.01421170771747916  0.01452951051401333
  0.01482320836087556  0.01509598718262197  0.01536623528988536  0.01569225765517072
  0.01608407870796114  0.01654346907092530  0.01708370574977577  0.01757273195573331
  0.01805655625062800  0.01851217060050707  0.01894225065621615  0.01935442775776027
  0.01976547115568002  0.02021697626802185  0.02072168674000559  0.02124402733038730
  0.02181091716591705  0.02243250961571793  0.02312730699565143  0.02388191558466598
  0.02468935229999724  0.02537679889298996  0.02622551402053218  0.02722703148994481
  0.02833854034832571  0.02930813871916612  0.03025213068343648  0.03110628656803550
  0.03182802160959455  0.03243714219890657  0.03304556248586153  0.03358705930130421
  0.03416992083196191  0.03497506004838025  0.03586555072422379  0.03710467834600006
  0.03810832143208989  0.03897849946523063  0.03985263148045946  0.04069038352046424
  0.04148167575269360  0.04229451923298959  0.04313676532755841  0.04404269025679276
  0.04525145694080347  0.04649899281923688  0.04772146563905359  0.04865806668511506
  0.04942240981021311  0.05025572392011707  0.05126911574634740  0.05316678791585058
  0.05541410671812760  0.05855301277277745  0.21230622802757373  1.00000000000000000
 -0.00301182803946169  0.01319470824402725  0.02305144186651919  0.03289745960475941
  0.04257137643048931  0.05274381076178351  0.06451104397857732  0.07381953643628025
  0.08459979298356385  0.09644290312985228  0.10778222282444859  0.11775294579895076
  0.12768132146728883  0.13730736017337866  0.14663893856783222  0.15615045243460626
  0.16590249017454350  0.17886157201749925  0.19103679338114130  0.20240008910639101
  0.21385732882284847  0.22497904471975197  0.23614114899718153  0.24738965736395349
  0.25849352769449824  0.26940273981176394  0.27988193394056549  0.28961241046007102
  0.29968654430163638  0.31131421544474991  0.32357621946046039  0.33563646229945959
  0.34753504062927332  0.35928023578706381  0.37119983691631059  0.38232434701423118
  0.39313472982783648  0.40370421265337797  0.41470794716739440  0.42447272510438572
  0.43277306784598057  0.44018262548652626  0.44732904991197603  0.45500879685108336
  0.46386569293016139  0.47291149323992454  0.48153911278261607  0.49082738966051354
  0.49995106074888579  0.50839699108926284  0.51664226476079977  0.52476617517782620
  0.53263652692049301  0.54043600862109298  0.54867531001366465  0.55569299170652453
  0.56276095100212442  0.57099426679778753  0.58052059452422045  0.58973292830377622
  0.59846298084398608  0.60710987629184587  0.61628300926371626  0.62602385375405323
  0.63577485971657355  0.64528547940815895  0.65377239006677246  0.66309508638681136
  0.67258600180384998  0.68285658907085300  0.69345814048470167  0.70459721129467079
  0.71788736368411799  0.72993433651132456  0.74123023476925587  0.75208773448543353
  0.76353356706324249  0.77514750566552815  0.78628660280635054  0.79747660916677710
  0.80975073675308384  0.82328095683234614  0.83811910421222824  0.85336463624038250
  0.86855646833229005  0.88358294980309970  0.89689734601702042  0.90831574155400119
  0.91989653421407636  0.93218610716944328  0.94391109303190435  0.95451069667759081
  0.96570691203271775  0.97717598294983499  0.98906043454354520  1.00000000000000000
  0.08255738085006258  0.20265595192006947  0.28366964390337551  0.34446453976280045
  0.39256379020270282  0.42971874407378913  0.45404456911982216  0.47156624071604564
  0.48879150466308308  0.50566425393687253  0.52188539838570702  0.53810955194172061
  0.55529136372259946  0.57558276293815691  0.59731552398108811  0.61747214737790679
  0.63319654258544000  0.64780319997752256  0.66304110142493444  0.67871248569773746
  0.69397131999039474  0.70747758283790996  0.72024194728544388  0.73228409145856443
  0.74354117094900407  0.75477219671453277  0.76541299771956472  0.77508901734926805
  0.78418023050188046  0.79344183034323212  0.80294107482863863  0.81200172281685712
  0.82026236212982917  0.82764533955498132  0.83438097413754031  0.84065406955572375
  0.84705190669487906  0.85379740367400558  0.85982960234564376  0.86551363355783062
  0.87106121228849620  0.87679500592483728  0.88238647703757789  0.88754455553286693
  0.89245988713234259  0.89708332451292383  0.90135961039796564  0.90544644816553366
  0.90936343642710959  0.91303402537488909  0.91657311928225427  0.92004240684537797
  0.92346718419545004  0.92693241550046124  0.93053115265728992  0.93378298328298959
  0.93708361288250042  0.94015824998440034  0.94300208610107827  0.94566808119711032
  0.94829600952506532  0.95081569033433611  0.95313870278717583  0.95547102960672980
  0.95780553405546864  0.95968316149679123  0.96144842271481978  0.96323425856224354
  0.96490738411379418  0.96638460603406495  0.96782950170598336  0.96924051554107782
  0.97081351423081108  0.97245494161654156  0.97405813236288563  0.97560240259655140
  0.97713015600684561  0.97861128051329183  0.97991370731172256  0.98113082392417561
  0.98234134718545085  0.98369993344761308  0.98504250332770060  0.98637873096408313
  0.98771676165257005  0.98909157205611964  0.99028250950226338  0.99141887284279073
  0.99254939982991985  0.99362709211408640  0.99462542846983260  0.99558703429887152
  0.99651723949908888  0.99756732754531507  0.99871895953783740  1.00000000000000000
 -0.01573934163565610  0.09849812117609349  0.13935758231383993  0.16792857788551366
  0.19253253507528068  0.21330723309656136  0.23280526582716765  0.25043944597171081
  0.26351977450266456  0.27462400186874147  0.28540376329605222  0.29752211669842415
  0.30955182890144717  0.32000610454421219  0.32905283126099971  0.33762844778239215
  0.34608441666687895  0.35482610155534061  0.36418507879008766  0.37446528857303568
  0.38595509046454546  0.39621719019204998  0.40356164715231968  0.41058783424175727
  0.41763080572730676  0.42475262425150412  0.43217202928915383  0.43985476545702457
  0.44754823771517960  0.45469955944267892  0.46277079303617413  0.47105985450005794
  0.47890217059398948  0.48589166098948433  0.49233270621292557  0.49870368866926290
  0.50523287751293922  0.51219761320918478  0.51979984629840148  0.52742044973557001
  0.53497585903892897  0.54174664134169537  0.54807956084907317  0.55443691897787239
  0.56129534558910754  0.56854686828133127  0.57502492135246297  0.58129998500385927
  0.58707074559684069  0.59291157884453904  0.59872415711759097  0.60442296518406180
  0.60996655914655051  0.61519033017898772  0.62019767332204312  0.62530164059068527
  0.63078460613103360  0.63663483371830221  0.64260205445202434  0.64845472816328165
  0.65423717849119811  0.66008852975912524  0.66620225145732026  0.67232212884688303
  0.67864934570266477  0.68463908654469263  0.69057905170260669  0.69632913228375815
  0.70115381637310614  0.70597563737297664  0.71115526578584154  0.71640347952189221
  0.72173698614354065  0.72708562855936576  0.73286437410743899  0.73915844583692936
  0.74555424869285514  0.75215723935997003  0.75915651056459521  0.76675797268751766
  0.77517260767254703  0.78388451584496388  0.79265980558914650  0.80158994791230176
  0.81023618380204032  0.81834594442069264  0.82633920725676624  0.83491587421384839
  0.84469148451017784  0.85486674884922620  0.86551742263614539  0.87827656599485071
  0.89484626157189973  0.91424330197635373  0.94235503202319593  1.00000000000000000
   2.1201232523589016E-005  -1.0000000000000000     
 F F F F F F F F F F F F T F F F F F F F F F F F F F F F T F F F
  <DiscreteSampler_grid>
  grouped_processes
  1 # 1 for a reference and 2 for a running grid.
  10 # Attribute 'min_bin_probing_points' of the grid.
  1 # Attribute 'grid_mode' of the grid. 1=='default',2=='initialization'
  0.0000000000000000 # Attribute 'small_contrib_threshold' of the grid.
  0.5000000000000000 # Attribute 'damping_power' of the grid.
 # binID   n_entries weight   weight_sqr   abs_weight
    112   10   4.559333207381270E+004   1.152458994055158E+010   4.559333207381270E+004
    113   10   4.559333207381284E+004   1.152458994055171E+010   4.559333207381284E+004
    115   10   1.292581621548863E+002   9.299718152198801E+004   1.292581621548863E+002
    116   10   1.292581621548867E+002   9.299718152198903E+004   1.292581621548867E+002
    154   10   4.559333207381270E+004   1.152458994055158E+010   4.559333207381270E+004
    155   10   4.559333207381284E+004   1.152458994055171E+010   4.559333207381284E+004
    157   10   1.292581621548863E+002   9.299718152198801E+004   1.292581621548863E+002
    158   10   1.292581621548867E+002   9.299718152198903E+004   1.292581621548867E+002
    163   10   2.440249450905632E+003   3.293244914930292E+007   2.440249450905632E+003
    164   10   2.440249450905640E+003   3.293244914930329E+007   2.440249450905640E+003
    166   10   2.440249450905631E+003   3.293244914930292E+007   2.440249450905631E+003
    167   10   2.440249450905640E+003   3.293244914930329E+007   2.440249450905640E+003
    202   10   2.440249450905632E+003   3.293244914930292E+007   2.440249450905632E+003
    203   10   2.440249450905639E+003   3.293244914930329E+007   2.440249450905639E+003
    205   10   2.440249450905632E+003   3.293244914930292E+007   2.440249450905632E+003
    206   10   2.440249450905640E+003   3.293244914930329E+007   2.440249450905640E+003
    226   10   4.564259575310617E+004   1.166466083501955E+010   4.564259575310617E+004
    227   10   4.564259575310631E+004   1.166466083501967E+010   4.564259575310631E+004
    229   10   1.727651149008795E+002   1.128483606181460E+005   1.727651149008795E+002
    230   10   1.727651149008799E+002   1.128483606181471E+005   1.727651149008799E+002
    244   10   4.564259575310617E+004   1.166466083501954E+010   4.564259575310617E+004
    245   10   4.564259575310631E+004   1.166466083501967E+010   4.564259575310631E+004
    253   10   1.727651149008795E+002   1.128483606181460E+005   1.727651149008795E+002
    254   10   1.727651149008799E+002   1.128483606181471E+005   1.727651149008799E+002
    274   10   2.443492067837106E+003   3.334179601985685E+007   2.443492067837106E+003
    275   10   2.443492067837114E+003   3.334179601985723E+007   2.443492067837114E+003
    277   10   2.443492067837106E+003   3.334179601985685E+007   2.443492067837106E+003
    278   10   2.443492067837114E+003   3.334179601985723E+007   2.443492067837114E+003
    295   10   2.443492067837106E+003   3.334179601985685E+007   2.443492067837106E+003
    296   10   2.443492067837114E+003   3.334179601985723E+007   2.443492067837114E+003
    304   10   2.443492067837106E+003   3.334179601985685E+007   2.443492067837106E+003
    305   10   2.443492067837114E+003   3.334179601985723E+007   2.443492067837114E+003
  </DiscreteSampler_grid>
