 -0.00203606876780681  0.00715458380386007  0.01577816089699440  0.02444716725086487
  0.03363683194920475  0.04344323799056243  0.05369880063819271  0.06376045763927295
  0.07403621114080647  0.08440938056115260  0.09522833604001717  0.10556123809302309
  0.11475600542530309  0.12456274460165957  0.13514328335170808  0.14680718008483873
  0.15802112385846157  0.16857403937207013  0.17911942504501260  0.18955502414027023
  0.20019682350846113  0.21117474579218057  0.22207667444083790  0.23261770505770990
  0.24278022677625416  0.25244573194825365  0.26200445997525706  0.27155193437495811
  0.28185689460296343  0.29292675516264771  0.30372824788524244  0.31418449024805351
  0.32453449480939628  0.33465116831700215  0.34480552540809306  0.35578525328200117
  0.36735495003819379  0.37842271904923491  0.38817887805677542  0.39749363270095489
  0.40736675446919712  0.41812302109813237  0.42997759093221072  0.44210115581108361
  0.45376180807474614  0.46507066793652896  0.47610011322219797  0.48686134089248961
  0.49743947845157011  0.50738666617437578  0.51677150279238615  0.52649640345542703
  0.53802206020834586  0.55208271535943898  0.56499768997133382  0.57540668120184635
  0.58513242040567948  0.59518681640204718  0.60529323187342199  0.61561899976667678
  0.62493191420053118  0.63364391740327319  0.64224914220530072  0.65125651070212076
  0.66056656977180461  0.66984035545599618  0.67920738042447881  0.68868784031857266
  0.69907124790167063  0.70989413445204241  0.72114418469342667  0.73275256637341801
  0.74459007333610572  0.75620436277666336  0.76769158768644519  0.77845636160119269
  0.78927388199883119  0.80010719203632963  0.81080661266432585  0.82140942923236770
  0.83265185066824976  0.84415602468195494  0.85484066857505592  0.86554101794813498
  0.87614963367024090  0.88654405491595711  0.89670551762408390  0.90726065159783331
  0.91786516878580759  0.92804912322817112  0.93763788875665000  0.94898680878334274
  0.96076017271264835  0.97292557714853867  0.98646018239168631  1.00000000000000000
  0.00922028207844638  0.01623215729698516  0.02564238632168070  0.03649903145082822
  0.04705344004437188  0.05808099487450873  0.06841093703013391  0.07866215946496588
  0.08933979442986438  0.10075921148204058  0.11207090472827347  0.12310026943961236
  0.13444314612214514  0.14550924723172931  0.15630191257924853  0.16666406841355758
  0.17754185967642541  0.18897303172645991  0.20049454262288699  0.21156900552035712
  0.22186163406958531  0.23192211682576666  0.24240844411379198  0.25341053382812961
  0.26476687429124768  0.27604826086696838  0.28709993721438526  0.29774684295026665
  0.30793462963122065  0.31791394715555460  0.32815429258365703  0.33836825813193550
  0.34871251283632110  0.35962341091786959  0.37131231793176706  0.38248671879384827
  0.39381537651205684  0.40468175058542738  0.41544473838829116  0.42509551783382643
  0.43367522264396208  0.44205274502343289  0.45140892598174126  0.46152414254451984
  0.47258207075753572  0.48290024585307523  0.49256283589876593  0.50211195619621252
  0.51241188151193373  0.52318846861685020  0.53420129472590883  0.54522906932242354
  0.55679370451595966  0.56870768124727011  0.57937917325574062  0.58980711149608389
  0.60023948307182950  0.61142271733897768  0.62344728146735029  0.63447937042855851
  0.64529714131889948  0.65590073862423492  0.66702313037173555  0.67851367710717969
  0.69000716368959059  0.70133951948352669  0.71192467427554751  0.72281744915218371
  0.73281913399333343  0.74265118297840216  0.75193139363337735  0.76128264035492443
  0.77047087929705671  0.77971724412827381  0.78941088642749879  0.79988507462702074
  0.81053627522498062  0.82101536255959195  0.83155520844743269  0.84252007065554213
  0.85378230607055861  0.86513654351551605  0.87622713573282474  0.88687207529521994
  0.89699850048813545  0.90622467051230560  0.91513013080434635  0.92416288169062732
  0.93372354486893339  0.94423251722236345  0.95456715650360957  0.96423550339160469
  0.97319212443189462  0.98221759812678566  0.99084223559407991  1.00000000000000000
 -0.00000041545035915  0.00001034243441422  0.00001619776507592  0.00002158352948658
  0.00002665617464278  0.00003167924862895  0.00003644730191285  0.00004097147290896
  0.00004551342521886  0.00005012590668786  0.00005489370977641  0.00005967047941057
  0.00006458603343517  0.00006967618176090  0.00007506044317954  0.00008029301367595
  0.00008579573699569  0.00009136860159721  0.00009716120961977  0.00010277345798322
  0.00010842774331349  0.00011442123270419  0.00012074103575369  0.00012719749810273
  0.00013379798055807  0.00014047208784595  0.00014751084398253  0.00015454786785866
  0.00016134280261186  0.00016802099418018  0.00017484918229202  0.00018218554575988
  0.00019016849182354  0.00019884871897300  0.00020813507021448  0.00021761685899000
  0.00022680747407065  0.00023568959489722  0.00024541891876731  0.00025619364750330
  0.00026725508698277  0.00027853188416565  0.00029075064322250  0.00030408844672509
  0.00031834774654562  0.00033283054772229  0.00034717726206694  0.00036179237762741
  0.00037746581947576  0.00039336170515305  0.00040980087519228  0.00042735514032205
  0.00044430504933923  0.00046196891538070  0.00048112591748945  0.00050030692065590
  0.00051822918841746  0.00053548265713834  0.00055459980054131  0.00057542918488683
  0.00059994797974681  0.00063593833805738  0.00066846364212795  0.00070101440285751
  0.00073731251198198  0.00077652690638916  0.00081860982508767  0.00085934773446171
  0.00089700035264674  0.00093581943977407  0.00096913886669443  0.00100048663435192
  0.00102882956970799  0.00105785119876325  0.00108554028117222  0.00111534893500290
  0.00114457132336054  0.00117489871787634  0.00120962457143023  0.00124774789751991
  0.00129114825804277  0.00134911472137518  0.00143316031541625  0.00150584282537266
  0.00156350106409086  0.00162310302568233  0.00169004957044059  0.00176719203791220
  0.00188109849012906  0.00203384824539193  0.00216697831370473  0.00229231890522179
  0.00244688291442653  0.00261439483436253  0.00640316014869477  1.00000000000000000
 -0.00082713497043071  0.00580144348412531  0.01246008512710478  0.01918759356229801
  0.02581210856103027  0.03248649087244455  0.03892492351835961  0.04548131542769247
  0.05157055745697404  0.05810557874273586  0.06450923893820924  0.07124368939075838
  0.07803752790482178  0.08510922298483546  0.09260490043324057  0.10034620894181451
  0.10865524161965259  0.11697862506623422  0.12488497124406046  0.13269909396061330
  0.14019230813371292  0.14747618332289636  0.15417976598114266  0.16117787106078252
  0.16861023367893477  0.17660718338547107  0.18488382940120571  0.19331199647010125
  0.20184249173411911  0.21040140137800523  0.21943353515463349  0.22904011419951412
  0.23950385751745198  0.25029274068241719  0.26064575294942810  0.27098502257051016
  0.28095341747858238  0.29033414171191729  0.29975940847438642  0.30920773813287195
  0.32009683874791384  0.33064485508249342  0.34014635493062989  0.34971162749496387
  0.35861547059388871  0.36782104327576087  0.37719072442331730  0.38648902733233115
  0.39599808020659383  0.40531120923198927  0.41449331097072833  0.42347286800105444
  0.43214969195970909  0.44067391233397668  0.44896795234468295  0.45752935071053574
  0.46676325702837751  0.47706088069162861  0.48790683173991056  0.49795773441512270
  0.50776982090535205  0.51758941874762021  0.52765090854351937  0.53742904631562893
  0.54700372340507997  0.55723498014414830  0.56746683039435497  0.57756614650689930
  0.58731014360102074  0.59725909569685609  0.60804606176126674  0.61976563016507180
  0.63161881451267843  0.64242618156424369  0.65287819256839630  0.66390465306898805
  0.67665809555403478  0.68979497184885952  0.70219127740092946  0.71479900154478493
  0.72950732911998895  0.74515183303604549  0.75966826130003862  0.77417223811205749
  0.78856028987599547  0.80286697707472432  0.82075888063594549  0.84048072699484977
  0.85935795642558155  0.87944230086876973  0.90127936253295582  0.92251644212857753
  0.94377276784567510  0.96444441836732386  0.98214623015597224  1.00000000000000000
 -0.00239404183537610  0.01238058743739859  0.02475301792487249  0.03662457815806650
  0.04866964384173605  0.06031082139073046  0.07207940274318149  0.08494867064213707
  0.09673049592409941  0.10781367854177015  0.11781160729073382  0.12896238460417456
  0.14008298298112670  0.15006757680926325  0.15909790600580553  0.16884796002265623
  0.17972181173878457  0.19041039815428251  0.19983187341440253  0.20897304313918966
  0.21817753572568338  0.22732610625802394  0.23634145337553794  0.24535752812544193
  0.25591060829821310  0.26666354791647301  0.27712856326275920  0.28702159238787694
  0.29687234985769939  0.30708078513844400  0.31731274281335381  0.32696841380303876
  0.33623082428423134  0.34580664872755057  0.35588053518396179  0.36624454473159590
  0.37687473702119301  0.38682844963505991  0.39627493415822174  0.40561230604132259
  0.41519746630310489  0.42555991246508834  0.43655923488678527  0.44744665983897125
  0.45772271342840276  0.46709654088662511  0.47628797861549760  0.48639870730682028
  0.49695509705990348  0.50838379808964207  0.51969809274853096  0.53032713644820439
  0.54114869304478475  0.55222838478615488  0.56366726392930766  0.57491271982222092
  0.58654781768372166  0.59811553995091793  0.60961753524039664  0.62093095822135447
  0.63257659281535827  0.64407980899907202  0.65571270625428224  0.66676533204647181
  0.67721900084236630  0.68686549818749365  0.69633152293169953  0.70594246559152096
  0.71574168314713305  0.72588414039755245  0.73616365672032180  0.74647728059138629
  0.75677324308155713  0.76767405082515439  0.77917447339075818  0.79059627144012068
  0.80129825280793543  0.81183902380072070  0.82238350876783362  0.83245173736199574
  0.84197311382061479  0.85129411606262528  0.86098895247877727  0.87096995331204508
  0.88059934962533637  0.89025042071836114  0.90072761115374089  0.91172170176574152
  0.92258973651074949  0.93346744307840790  0.94459403435776979  0.95601449704749653
  0.96633726300878497  0.97694518262270647  0.98747696449219891  1.00000000000000000
 -0.00228408821739084  0.00894125493686729  0.01897668136830957  0.02894568629495348
  0.03887060407787658  0.04812499122165922  0.05779781391935926  0.06798661818751515
  0.07898808234512764  0.08926532575969147  0.09865240569466105  0.10735346743411990
  0.11600317154708902  0.12442210598894798  0.13329382417362912  0.14162127696791982
  0.15082427620248282  0.16053445426431670  0.17042939315512240  0.18001073749814811
  0.18956838728162517  0.19913580377511561  0.20812696442088954  0.21648095980140561
  0.22485901366348016  0.23378908758724615  0.24343596682516341  0.25369858068383810
  0.26457426726247346  0.27593076342369333  0.28712710431452854  0.29765690468245881
  0.30746438853452218  0.31716744564498034  0.32731845885218935  0.33899021827765169
  0.35144353183600996  0.36386307210793822  0.37583418239596306  0.38667817935591492
  0.39703471214089880  0.40760853426482369  0.41850321781059885  0.43037543126972311
  0.44115802536675258  0.45143759026835373  0.46159401666600636  0.47150607850201748
  0.48176410851195156  0.49208556413900056  0.50302108218286867  0.51246901789634136
  0.52142707901464014  0.53075271148632652  0.54088245453960926  0.55101953264785786
  0.56044143841369387  0.57057962438972920  0.58188286072491680  0.59355639490848333
  0.60618604514665964  0.61845267798319725  0.63024164770205104  0.64090883032710566
  0.65081846699415513  0.66006406242580440  0.67042267617472318  0.68196496354463465
  0.69393586124039164  0.70437963636027878  0.71459012179940173  0.72464490289820471
  0.73547487379780097  0.74663035339521200  0.75807736009430060  0.76998469029938232
  0.78168480104770788  0.79351160203615378  0.80622752451281343  0.81839738015481767
  0.82971262528068801  0.84025739909692876  0.85091824373881420  0.86208523176798635
  0.87313191583057259  0.88367576134859760  0.89574990966945112  0.90808815069806315
  0.91909901070020283  0.92990907997775307  0.94106677910586745  0.95299207558666743
  0.96503881376516965  0.97767739427126887  0.98910815581526546  1.00000000000000000
 -0.00158238556079336  0.00771478847752853  0.01695007778197866  0.02624191190976059
  0.03608095735325025  0.04725670649661984  0.05825042541379447  0.06952030097061801
  0.08073106565480102  0.09202294364221227  0.10245726386694172  0.11254043611155375
  0.12284229189042259  0.13355436602037665  0.14490094708925674  0.15633652826000871
  0.16746143130151550  0.17823863232184697  0.18868136281431286  0.19950276596446664
  0.21045234756682266  0.22126720510295911  0.23242484543335690  0.24363848498432464
  0.25481414577160122  0.26532388310533883  0.27598788579222661  0.28737570060757267
  0.29772634033530454  0.30793118645296619  0.31829665029357201  0.32907580479498599
  0.33940021647393787  0.34980597976329275  0.36064209929000196  0.37170920513938360
  0.38191901362591002  0.39130238561225394  0.40131493476805852  0.41137210017155235
  0.42137615797705863  0.42988373206780411  0.43851153370714091  0.44777662600787760
  0.45725263363195956  0.46701833888118416  0.47745454056498593  0.48899312331883116
  0.50077395891894283  0.51242161025658473  0.52431825240701102  0.53563442719357957
  0.54625196576794255  0.55635370809141216  0.56603055324533502  0.57536931990564277
  0.58498870105588918  0.59547863617796681  0.60700191619757315  0.61885660042122759
  0.63032580157674634  0.64204044464997823  0.65317995485270819  0.66469561579634839
  0.67550658927565266  0.68703317604240477  0.69944709493407919  0.71035627433327941
  0.71954629233751877  0.72872526712279972  0.73796572983046682  0.74700012447624264
  0.75544335917933070  0.76458751249117574  0.77491428162728404  0.78642886584454175
  0.79806997844485328  0.80894169159011464  0.82004856033812867  0.83005768473626873
  0.84138703891589084  0.85276946730593306  0.86481190200764424  0.87589008775684440
  0.88611711196498366  0.89651524320831699  0.90692155314074063  0.91789977222039887
  0.92784774209418341  0.93764369999411867  0.94792083710697594  0.95893157811179730
  0.96990278558354104  0.98026153825432927  0.99028772424875022  1.00000000000000000
 -0.00222569277699613  0.00803977148337147  0.01707585845070142  0.02664068320012454
  0.03708726527055400  0.04839461075053689  0.06102113008749692  0.07416073004725809
  0.08622248815370592  0.09735393815902939  0.10755265326447133  0.11680266067423128
  0.12630309878318061  0.13620024028054253  0.14662501353074753  0.15704596026910850
  0.16845801429268975  0.18072995233841455  0.19337230754732232  0.20590214091754946
  0.21790990470152302  0.22962244821153543  0.24088220614679220  0.25150431241951549
  0.26186083931366683  0.27228027015120565  0.28341387921653205  0.29554418113942510
  0.30836750816553327  0.32005305673617707  0.33055631391922968  0.34010723411443511
  0.34932617451646569  0.35821695574339935  0.36732396062731970  0.37679284342280100
  0.38736812167113505  0.39736698616351779  0.40631819910927630  0.41500685531261178
  0.42423092575921867  0.43345392231498209  0.44269676118769641  0.45186124709593845
  0.46216746422563826  0.47318839706683641  0.48388905301770552  0.49394545126552436
  0.50382719752828020  0.51399989294962256  0.52466478232682690  0.53543843219633724
  0.54617754489563475  0.55656967419815895  0.56779996789426823  0.57880405331792217
  0.58930946552874175  0.59933439539510991  0.60877519647508838  0.61877613089926475
  0.62835943469037969  0.63778204938504646  0.64738596164747297  0.65777276519631855
  0.66815507650082240  0.67786288817090312  0.68741003504849563  0.69771140016380129
  0.70879927636803730  0.71994374730844535  0.73032697909224387  0.74058702025383305
  0.75092348397454833  0.76129519956736436  0.77212033088682186  0.78316825104702081
  0.79436058103931917  0.80570372222850317  0.81652952559400249  0.82677931759666068
  0.83672031773785049  0.84704701070034805  0.85751999778719878  0.86822754228517585
  0.87921058460919721  0.89036387939883288  0.90142328159452245  0.91283604491833947
  0.92473507764499274  0.93629267779260472  0.94730392610764746  0.95805176324591201
  0.96890865113932834  0.97997925409638864  0.99003003648784627  1.00000000000000000
  0.24353406220273441  0.28338891420744283  0.29024036349936611  0.29750167200170952
  0.30388294332760646  0.31333393503877438  0.32289134585565260  0.33305315656445345
  0.34659275255897060  0.36004715420695776  0.37165563989785322  0.38202705038300749
  0.39128334538141324  0.39980545768643305  0.40771358624963611  0.41518248140136499
  0.42251516157145186  0.43008831013091703  0.43786025580628019  0.44530440473597588
  0.45256726695137944  0.45973595494472252  0.46683498892804703  0.47374682734131829
  0.48059600128009999  0.48748660168919267  0.49473518674082506  0.50168406882572825
  0.50842523891311620  0.51486399134278260  0.52115347603603002  0.52762466420771992
  0.53416470477469313  0.54066242013515275  0.54724597934618802  0.55382408776523007
  0.56028727347512197  0.56658400808282394  0.57287643951090694  0.57889143524150122
  0.58474616489233278  0.59040463343041416  0.59620778017333187  0.60227471875739846
  0.60842539253972638  0.61458737576563871  0.62049881394183559  0.62682561542342419
  0.63330406100465886  0.63998808548988673  0.64664374549873260  0.65298728571823283
  0.65942854976191223  0.66608452320458911  0.67333408418560681  0.68076938783744501
  0.68801211242248794  0.69455485093797298  0.70059588883627710  0.70637035882623511
  0.71198603696623830  0.71769574090902877  0.72363284935271222  0.72994716187918385
  0.73665367383696756  0.74327730234896161  0.74963365268214743  0.75580896875380710
  0.76176479983628154  0.76759999768202636  0.77347415961513855  0.77938095128098006
  0.78549818201854849  0.79162284860964349  0.79804408799781867  0.80440985909840124
  0.81025643948540582  0.81639145520406753  0.82264925187652438  0.82940423312402700
  0.83738000682625313  0.84580312456526452  0.85346143554233034  0.86086048599706799
  0.86826872682581369  0.87685672654293345  0.88669660809841022  0.89634204383920590
  0.90440763315600270  0.91147548383798249  0.91906720591044544  0.92762794405805327
  0.93808232923391510  0.95036459368440185  0.96743842565954807  1.00000000000000000
 -0.02036551420510585  0.11688640524259980  0.15929225639071817  0.18286258680149961
  0.20310245082938555  0.22056062909239732  0.23616961199863623  0.25089402122186866
  0.26455111922506214  0.27702892399511064  0.28817108320945306  0.29849294985388497
  0.30800558042295356  0.31713608226974122  0.32667897124136630  0.33625333605311436
  0.34572944404958650  0.35469540128882998  0.36301576707593697  0.37143654106492358
  0.38012533181275415  0.38856653652813933  0.39674254102166273  0.40497860121047918
  0.41353975446360941  0.42125790040597855  0.42874414006827127  0.43600424564450302
  0.44297505246969271  0.44966986870262265  0.45588473303047228  0.46161848525939297
  0.46766013145293789  0.47409535991048274  0.48054794719698329  0.48698051745319537
  0.49306455770645424  0.49906876615827955  0.50526437842911764  0.51148121689779036
  0.51800846330243999  0.52451671506617992  0.53075393483695088  0.53723017762263958
  0.54389908051715674  0.55121577782119291  0.55747372546847351  0.56323255378112758
  0.56873719552923652  0.57451077725176158  0.58066925851744844  0.58690986255406064
  0.59309095674981593  0.59936716844474858  0.60603003899380559  0.61308775039590468
  0.61997555270896754  0.62639739825688512  0.63230868595555179  0.63772002595961130
  0.64284397127114845  0.64845727163373157  0.65409094187073791  0.66027928321772933
  0.66677569941816117  0.67303874233890770  0.67901467372809088  0.68479171249454107
  0.69065746685580331  0.69684061037774192  0.70332559644548731  0.71009685877976148
  0.71719003456301555  0.72397342836462875  0.73003418115171870  0.73581819718036678
  0.74151011555940616  0.74733915118447836  0.75298494918382985  0.75886024678342145
  0.76507451562410622  0.77187202102995067  0.77941176935708456  0.78752300355720029
  0.79600773872406771  0.80486708587890299  0.81419304435671480  0.82392356723085325
  0.83394090795887588  0.84445790966364298  0.85573526303073544  0.86829464789593747
  0.88317554519853969  0.90255842614582338  0.93210198997886462  1.00000000000000000
   9.6015595704117221E-009  -1.0000000000000000     
 F F F F F F F F F F F F F F F F F F F F F F F F F F F F F F F F F F F F F F F F F F F F F F F F F F F F F F F F F F F F F F F F F F F F F F F F F F F F F F F F F F F F F F F F F F F F F F F F F F F F F F F F F F F F F F F F F F F F F F F F F F F F F F F F
  <DiscreteSampler_grid>
  grouped_processes
  1 # 1 for a reference and 2 for a running grid.
  10 # Attribute 'min_bin_probing_points' of the grid.
  1 # Attribute 'grid_mode' of the grid. 1=='default',2=='initialization'
  0.0000000000000000 # Attribute 'small_contrib_threshold' of the grid.
  0.5000000000000000 # Attribute 'damping_power' of the grid.
 # binID   n_entries weight   weight_sqr   abs_weight
    34   10   2.761800567343310E+001   2.170765072088131E+003   2.761800567343310E+001
    35   10   2.761800567343311E+001   2.170765072088131E+003   2.761800567343311E+001
    37   10   6.022822743876940E+003   7.554494638632709E+007   6.022822743876940E+003
    38   10   6.022822743876942E+003   7.554494638632712E+007   6.022822743876942E+003
    40   10   6.022822743876943E+003   7.554494638632713E+007   6.022822743876943E+003
    41   10   6.022822743876945E+003   7.554494638632716E+007   6.022822743876945E+003
    43   10   7.518308412862554E+003   1.621472079073381E+008   7.518308412862554E+003
    44   10   7.518308412862551E+003   1.621472079073378E+008   7.518308412862551E+003
  </DiscreteSampler_grid>
