  0.00977988864477504  0.01536289799390949  0.02417316796450882  0.03344597964101437
  0.04250439159285915  0.05116321772813253  0.06030727598536569  0.07019961680867719
  0.08024186256644474  0.09004660755568134  0.09916290325647102  0.10894330710195883
  0.11951745294208495  0.13041471675697319  0.14155025557996193  0.15286033784275424
  0.16450590830166828  0.17627247628871878  0.18843361587548885  0.20105339308036560
  0.21330932393661603  0.22454332753853723  0.23537117834585936  0.24613808887901154
  0.25822213453513959  0.26952319541083175  0.27983429378283170  0.29019961346616868
  0.30098596443379722  0.31170010463701037  0.32003209741144339  0.32805599010165581
  0.33768311574041748  0.34781334475390957  0.35752970784173244  0.36720320713922222
  0.37798569653221581  0.38951211166363509  0.40080986822022108  0.41197162232630896
  0.42336348326156142  0.43547738974497208  0.44766347965369496  0.45999769155056813
  0.47256506659418873  0.48502980898825676  0.49694640259398143  0.50860252802258743
  0.52001085762703669  0.53103519250010489  0.54159796766951718  0.55186228123677816
  0.56165156263803040  0.57124848621934854  0.58104882891396958  0.59192211435619613
  0.60317688645865009  0.61549138419536753  0.62774670090315687  0.63833190525158978
  0.64816882525165742  0.65757203636234851  0.66726879516588467  0.67651296283568696
  0.68491988996147790  0.69404591822178607  0.70467716226977195  0.71585643871886562
  0.72691414465414006  0.73771640916911929  0.74795369584373228  0.75797242363386652
  0.76797934787464905  0.77891749070827887  0.79055007466051874  0.80195377923521582
  0.81277285402598620  0.82373359197887641  0.83454754114723217  0.84511466608644914
  0.85605357230847201  0.86672342379766454  0.87720686136413450  0.88816322612449439
  0.90050886652459727  0.91310447041328824  0.92310085377761764  0.93170988745755245
  0.94073633931814471  0.95083327199527390  0.96079965456679017  0.96980770697642149
  0.97900168215709693  0.98739861685335895  0.99149559998885339  1.00000000000000000
  0.00009306130157579  0.00012499179190197  0.00014247334508768  0.00015753189143401
  0.00016972940748527  0.00018005407506126  0.00019017719526698  0.00019991938671297
  0.00020966283461602  0.00021912739241831  0.00022868537646057  0.00023810448130941
  0.00024750777500640  0.00025698960009269  0.00026629463148211  0.00027517745911399
  0.00028378806708932  0.00029256758588342  0.00030073374620361  0.00030986180020591
  0.00031953899102206  0.00032961292904376  0.00034032227546569  0.00035192033844423
  0.00036323259439698  0.00037453458317423  0.00038595033302619  0.00039733985985399
  0.00040910059052474  0.00042119753670132  0.00043289947320871  0.00044453205925118
  0.00045651583764351  0.00046826508176273  0.00048080907884214  0.00049460024334252
  0.00050862199340467  0.00052332739665138  0.00053907797384747  0.00055594091054734
  0.00057373982924604  0.00059244446097670  0.00060948557837121  0.00062676185798137
  0.00064464238700693  0.00066375566292830  0.00068483363984446  0.00070548927273792
  0.00072456886015428  0.00074436766794409  0.00076558061557717  0.00078810015384533
  0.00081289940303820  0.00084084790501856  0.00087032249323335  0.00090052566376494
  0.00093234138980900  0.00096507305429838  0.00099839845320945  0.00103476430281999
  0.00107761858404507  0.00112283340951904  0.00116892935904785  0.00121364416523916
  0.00126089794033773  0.00131168734604231  0.00136461425029587  0.00141865156055749
  0.00147395093083616  0.00153156382943369  0.00159917121282426  0.00167476800134127
  0.00175671716108127  0.00184572501567040  0.00195360020826900  0.00206076956123337
  0.00217797495404005  0.00230482516177034  0.00243825862139272  0.00258152930384074
  0.00276534562380097  0.00298797886675390  0.00322204448488299  0.00346468549165467
  0.00374998725663870  0.00409345125065826  0.00454770275510379  0.00509886998908303
  0.00568203666248787  0.00638828314526328  0.00728170920319362  0.00892956349865742
  0.01121757570938183  0.01313776715423811  0.02845825708009347  1.00000000000000000
  0.00000258205560371  0.00000274698072740  0.00000311631365337  0.00000354447384904
  0.00000397880600056  0.00000445992700688  0.00000497840476513  0.00000553408651538
  0.00000613029403343  0.00000675545866801  0.00000739144128428  0.00000808511726537
  0.00000883973987527  0.00000965803791166  0.00001052856180102  0.00001159052219788
  0.00001272747263701  0.00001393629738700  0.00001519506061120  0.00001647708552766
  0.00001787330382180  0.00001925292236561  0.00002058760713589  0.00002191753516071
  0.00002341184099939  0.00002512432507029  0.00002685541869019  0.00002860144083461
  0.00003044441214915  0.00003245482935392  0.00003455117951856  0.00003661881920309
  0.00003880060163465  0.00004104779400425  0.00004420646043257  0.00004761246200530
  0.00005124993127426  0.00005506946984148  0.00005892482111167  0.00006267601126438
  0.00006634342646644  0.00006997494557708  0.00007374071675770  0.00007794333800465
  0.00008263987054204  0.00008760045487645  0.00009260336663678  0.00009757520698369
  0.00010259025540738  0.00010771166639387  0.00011292468674541  0.00011844764367717
  0.00012441154410183  0.00013085508344980  0.00013770205826229  0.00014533462836606
  0.00015360241561476  0.00016157996644173  0.00017212947944574  0.00018238793574433
  0.00019189777275627  0.00020083904635217  0.00020961200116637  0.00021914928404968
  0.00022976633022409  0.00024144655674188  0.00025432930389822  0.00026754682548681
  0.00028157105622477  0.00029619683147793  0.00031279524072702  0.00033014537673236
  0.00034785129006952  0.00036838692646014  0.00038940397899240  0.00041445206847249
  0.00044029486112856  0.00046732549753395  0.00050508475453276  0.00054605136949664
  0.00059045132252121  0.00063613471984978  0.00068318677510193  0.00073369467134809
  0.00079187585153078  0.00085577708049440  0.00093358356965557  0.00104563515815266
  0.00119152506260571  0.00135594712938200  0.00161943191497215  0.00200065363925578
  0.00269165421557010  0.00423931128017790  0.04807324437993272  1.00000000000000000
 -0.00207847081035401  0.00896054293125418  0.01790430438309969  0.02674190005972453
  0.03601909926348509  0.04681081195237537  0.05934183981588802  0.07107327312010657
  0.08235884893120150  0.09285136303960310  0.10349560545538933  0.11375786639297178
  0.12395060539744500  0.13334526063386629  0.14238995294535489  0.15141516189465348
  0.16077480711754305  0.17061679968880145  0.18150409421775365  0.19244593075023639
  0.20391541723603890  0.21557521444298827  0.22699365388568724  0.23815103544077840
  0.24898347030358181  0.25976663850117182  0.26990952281416003  0.27965787496030348
  0.28974482552054426  0.30011349449799585  0.31104314270864347  0.32293631992940292
  0.33518380178209400  0.34718336994634147  0.35912638725217594  0.37112831030765908
  0.38240527368865473  0.39264329198009462  0.40209728464956668  0.41063813071645328
  0.41915401081509179  0.42778216857609835  0.43707371915406867  0.44712389359555754
  0.45777281996062280  0.46882259870357779  0.47985931738069815  0.49049282526238797
  0.50084441838108640  0.51126207331781492  0.52196125262560744  0.53308941246076025
  0.54508920731049992  0.55806676220444140  0.57107675382615697  0.58395814197000917
  0.59679890390260726  0.60794045484453652  0.61779624790522480  0.62774243739504565
  0.63885699814580044  0.65047717201442123  0.66096662405048856  0.67141895377796212
  0.68159909378056838  0.69166801921612253  0.70147593057975477  0.71225797052064888
  0.72293815879171675  0.73279002550658368  0.74205573377174350  0.75275810849519542
  0.76579218336894672  0.77786852717425925  0.78837948738995522  0.79848774383142151
  0.80890561632912261  0.82006162346635370  0.83119551616489207  0.84258034758100686
  0.85364874077376129  0.86414663782082823  0.87494514587359096  0.88572751464304000
  0.89668898273889830  0.90626627993476827  0.91621774102879427  0.92573050122876666
  0.93477551319919938  0.94372412894898827  0.95231188219859675  0.96177436940490868
  0.97082075349188290  0.98038410725422098  0.99025025564565017  1.00000000000000000
 -0.00138431090293360  0.00734915138938343  0.01583688065437619  0.02524851941581266
  0.03523993696803722  0.04530932729481858  0.05500711931942077  0.06490218529947607
  0.07499969209519930  0.08489776883664864  0.09467391020825042  0.10447505168100341
  0.11454412556300808  0.12379149274748392  0.13310317961018425  0.14202749288977537
  0.15231809619087061  0.16353033298940983  0.17447578072373951  0.18559093607240096
  0.19621263638273925  0.20760956635495662  0.21963972089955444  0.23207236699457803
  0.24386759829282903  0.25549514785223698  0.26700728586213535  0.27843246346427575
  0.28889074359112077  0.29908293937989583  0.30956180432061819  0.31976862830152974
  0.32932404795166770  0.33889820583625235  0.34832582329346706  0.35895324402450607
  0.36939316452606891  0.38078146677988495  0.39273639486809508  0.40473812155327638
  0.41642729452082977  0.42774004104602747  0.43895604023946888  0.45007968899517603
  0.46098361725780501  0.47165026661206938  0.48201625492231576  0.49227727851319769
  0.50286817928014904  0.51352085539843684  0.52457233162705252  0.53587397254766866
  0.54752598677215081  0.55940638091587402  0.57105619065791224  0.58206571874094737
  0.59251748883486133  0.60324101204617486  0.61334209347004454  0.62379065462156658
  0.63463943330204609  0.64545257436963599  0.65576393091276575  0.66620115308262418
  0.67756742675070170  0.68830660644566477  0.69749181237397562  0.70661873530326069
  0.71708024067761766  0.72785553166477224  0.73780165321665492  0.74803584393653599
  0.75892422239491220  0.76903231389679427  0.77849416905469704  0.78799952056931799
  0.79750617282358460  0.80648199427651157  0.81528318459992433  0.82493085237681674
  0.83512493158800349  0.84478714010773048  0.85336941787361509  0.86298702099061886
  0.87307473265250579  0.88370328137891585  0.89423939117137985  0.90570641715562161
  0.91811673640024927  0.93049927313172542  0.94272188296037951  0.95482005119902935
  0.96665170145268176  0.97810342964405561  0.98917021379246983  1.00000000000000000
 -0.00354988136311872  0.03028013826498688  0.05640811990834365  0.07578086351428058
  0.09242613966281174  0.11131101243576662  0.13073342875675756  0.14681622545040862
  0.16252608239054939  0.17734977271440458  0.19291579085355681  0.20775963237825998
  0.22116652600779677  0.23353644919762445  0.24623080714880072  0.25843495203879391
  0.26971563818528099  0.28062357105366931  0.29112149569394413  0.30114861164231543
  0.31091782549762537  0.32033734796718472  0.33022872011212095  0.34122602130610341
  0.35125786334073950  0.36098127143667513  0.37050214508397949  0.37983542631987727
  0.38876254158856394  0.39759283433423542  0.40673987056498290  0.41494762019061709
  0.42265311059352240  0.43021279522319650  0.43853984870308121  0.44751420477151288
  0.45616185699074691  0.46442930285576534  0.47265182794330340  0.48095978208853707
  0.48949037472670176  0.49787134138559180  0.50560471062156154  0.51316210829649611
  0.52054063640640647  0.52807780272798943  0.53575121805935544  0.54304655910140698
  0.54991931083691870  0.55684674316978944  0.56374992402876234  0.57101660096611884
  0.57887228549864678  0.58671955340842952  0.59416684501163919  0.60169714990265244
  0.60926630574564988  0.61709476001354302  0.62520751410267983  0.63356773156591961
  0.64196724595763566  0.65007275857111735  0.65771032836598975  0.66480904356064896
  0.67189240317461085  0.67916092106057957  0.68691432549627074  0.69488209388793631
  0.70311655597160105  0.71139281228623885  0.71977643025507099  0.72844963746399560
  0.73717677006035875  0.74632561483758164  0.75560178514478282  0.76460020076529212
  0.77312529797669960  0.78151158066761639  0.79044542421093100  0.80008074027222376
  0.81030318546475411  0.82055217527935964  0.83052059864337990  0.84045469115766491
  0.85073328210846622  0.86095288915131341  0.87135348696613169  0.88216301164111210
  0.89292067598005886  0.90476960329435152  0.91711875975481971  0.93018194686793254
  0.94331687892409766  0.95807955390564592  0.97605498688678838  1.00000000000000000
 -0.00234954572341525  0.00941713089085007  0.02013092764991285  0.03123154821131711
  0.04340575740897913  0.05511476558127489  0.06670761159991516  0.07750030732583799
  0.08819259879275132  0.09879125939288179  0.10994784106636812  0.12105229595722110
  0.13235737556143343  0.14387448321041188  0.15549930450285071  0.16682798794731263
  0.17736124942594217  0.18718313385992658  0.19667314914169584  0.20640500036743128
  0.21634909572895836  0.22655032797427055  0.23601280158673305  0.24541365432040771
  0.25458915741455862  0.26452259940828138  0.27443357287438042  0.28503270811220327
  0.29598192155236547  0.30730015528524862  0.31839250864652596  0.32906664162095201
  0.33970410495394854  0.34898108657015842  0.35828703869531120  0.36750170200525967
  0.37785600400474295  0.38896141031697856  0.40073240499939339  0.41255145271460175
  0.42333109118706574  0.43331409229679291  0.44345488641929615  0.45373609511449176
  0.46409125496556852  0.47467347017486416  0.48611709826230970  0.49714683369518170
  0.50812065994790490  0.51932952192979165  0.53112696637427548  0.54228709747316672
  0.55300867752516558  0.56286618530169330  0.57225140013825082  0.58196216248389065
  0.59254168754651304  0.60257599287888308  0.61303524970571788  0.62305775826501597
  0.63459360061329140  0.64620844322897120  0.65758921165005213  0.66861526656849291
  0.67934114782771993  0.69049921410263904  0.70203141691129267  0.71347870688339410
  0.72496314346385482  0.73492233328390355  0.74372262033637659  0.75237776094671371
  0.76033251602947705  0.76896635043366701  0.77800144269987903  0.78702277588944958
  0.79606357875642608  0.80573260767673438  0.81568410649079393  0.82594722135195076
  0.83662005404649453  0.84771420075039261  0.85874397744931386  0.86978258430322841
  0.88104439787223143  0.89215983900936202  0.90312333129120237  0.91400363610406510
  0.92508403252334082  0.93555050146424878  0.94593800418183704  0.95609125292541064
  0.96650555137171246  0.97709728282321118  0.98823268803707087  1.00000000000000000
 -0.00271265626762702  0.01004199087555855  0.02094619283682104  0.03122727069051721
  0.04148928659907020  0.05212045321550442  0.06329233761495992  0.07422301879692192
  0.08463581258476897  0.09433718936199341  0.10394102704628501  0.11362012568501217
  0.12362917824519905  0.13346304338770673  0.14301788147045622  0.15292057211360915
  0.16313551402233659  0.17300425503137484  0.18286458147215554  0.19357007342832208
  0.20489591878640567  0.21587940824808655  0.22678801698968021  0.23808079603366883
  0.24936682850310424  0.25972284284347630  0.27034268267744477  0.28088690689537477
  0.29066997751272045  0.29985573069617522  0.30937674779075136  0.31988249983481981
  0.33031334833941012  0.34011793577335764  0.34989151180288242  0.36039261397978056
  0.37183600200155509  0.38320817308750488  0.39427606141377192  0.40412321112482474
  0.41324158723780591  0.42185771838004876  0.42987440489770201  0.43780691325622195
  0.44640915266528342  0.45581415353200533  0.46726386880094523  0.48076986382331782
  0.49490166500097821  0.50803785693391523  0.51883305865994378  0.52902469349057701
  0.53881480180978203  0.54923607441226219  0.56063519706685272  0.57104431808166001
  0.58215962923410980  0.59260653543980057  0.60275567230638616  0.61416486518596214
  0.62626821218055140  0.63758380869088116  0.64814261029544806  0.65859537158545678
  0.66938237398279987  0.67991582220292834  0.69104745534769907  0.70248866180105374
  0.71308642304228431  0.72225220310966998  0.73220537919285100  0.74191316220681325
  0.75113649560107099  0.76045383529815080  0.77026610640517157  0.78127967984375735
  0.79202437121504776  0.80266720030437599  0.81399055744927762  0.82534132251215564
  0.83662611115237739  0.84712752618968401  0.85793333027769969  0.86850444454982068
  0.87884076985785031  0.88935436346876495  0.90059969948586327  0.91237895930835600
  0.92350570515678054  0.93405341080595916  0.94515102495936931  0.95663468845593680
  0.96796614556267113  0.97894603146637027  0.98907911513374691  1.00000000000000000
  0.06488366775353374  0.27482069858894209  0.36492011914789080  0.42903999914221563
  0.47082994582883148  0.50457304076621001  0.53685435480729260  0.56418966052400987
  0.58762584407940610  0.60752026661309522  0.62569269625199020  0.64298969992409394
  0.65785054911615104  0.67159795691830293  0.68492417945810824  0.69757257956302043
  0.70913906426954887  0.72003505551012148  0.73040297296852463  0.74002790343119540
  0.74905829372624233  0.75709872338506901  0.76479848951197482  0.77227349149369762
  0.77951943353343989  0.78655438084521367  0.79361773426689830  0.80037358055091790
  0.80666025556720788  0.81244345668595441  0.81832538024803403  0.82400881438752227
  0.82946250697063750  0.83463419952801976  0.83956457785579697  0.84447099958755067
  0.84930164060076130  0.85387949625843418  0.85827586747698015  0.86249197209727368
  0.86654877867483104  0.87052940439056736  0.87445367622475667  0.87827012586239950
  0.88200055464668747  0.88573030325573332  0.88948605401877345  0.89316202855313531
  0.89666497442071713  0.89982153923780828  0.90287855107268344  0.90591821316433863
  0.90884244382784973  0.91163416016411891  0.91434025933194629  0.91691175965716332
  0.91935863878681623  0.92191653400651230  0.92466120801445839  0.92755596250870942
  0.93040140206340805  0.93304123958872087  0.93544353965243499  0.93769614457015227
  0.93982180219859046  0.94180618560941354  0.94391049234529401  0.94597508385060924
  0.94800965447578778  0.95009823958424922  0.95217842869165015  0.95423475504896338
  0.95631492374537241  0.95831801257499682  0.96035931117940165  0.96235779532571386
  0.96436637360157562  0.96639087608266971  0.96836470346223646  0.97031549308199416
  0.97210231787600299  0.97381713762141753  0.97548953315608644  0.97714625705396763
  0.97888497278901065  0.98057877640486502  0.98226189655015583  0.98395384176620249
  0.98566819343391732  0.98736166291715988  0.98912235870662946  0.99095296106718522
  0.99285881154375466  0.99496474083866693  0.99728784524037428  1.00000000000000000
 -0.01767977820756770  0.12249957754369946  0.17214837322263615  0.20214430307922918
  0.22405132827536539  0.24243275151169219  0.26032365443815075  0.27818283164380009
  0.29615546447142949  0.31237585557144149  0.32710327092939906  0.34032237496011752
  0.35334650448358390  0.36578736528406863  0.37782455172341189  0.38877208325077878
  0.39878849191817578  0.40814357084013547  0.41657250404717744  0.42421817105783105
  0.43118137951714891  0.43854533806990043  0.44640670266425891  0.45444430647355066
  0.46255834237067794  0.47036641348189218  0.47836698089430962  0.48621146423256711
  0.49399187421295160  0.50143024034716344  0.50893194198330416  0.51651980242883000
  0.52384465068463060  0.53085282786746124  0.53791800852214822  0.54498667336899098
  0.55172049368633513  0.55774336562623028  0.56335034904823467  0.56871683624303004
  0.57446313306731256  0.58054790418003244  0.58661238275919125  0.59259342514290347
  0.59851664300627516  0.60431390183444700  0.60947467787233289  0.61499586891633029
  0.62064702112075421  0.62622034509775970  0.63172501600568776  0.63710587469454438
  0.64247891761602283  0.64740791173800449  0.65220581517214227  0.65691835458901460
  0.66154497517862609  0.66622815444855132  0.67108817218726236  0.67614216322189558
  0.68135898810032647  0.68662841374611017  0.69184463646651595  0.69681668402453834
  0.70153171872860354  0.70608910638441003  0.71106582467278268  0.71638390503829974
  0.72181282884730313  0.72728340689713245  0.73272705551628892  0.73837823495039745
  0.74386973755206565  0.74967389410571872  0.75543533973583610  0.76096449100367469
  0.76652426779334437  0.77203047103908784  0.77775779937605671  0.78373259286211250
  0.79020814690278751  0.79635568270429780  0.80234481363178956  0.80804425954867798
  0.81424304550342563  0.82089865804839268  0.82818575385268267  0.83555206564357476
  0.84360961140751090  0.85184151116786977  0.86176205521613991  0.87297087352038216
  0.88672919418451857  0.90328403683405212  0.93010846882487763  1.00000000000000000
   6.5754213359083091E-010  -1.0000000000000000     
 F F F F F F F F F F F F F F F F F F F F F F F F F F F F F F F F F F F F F F F F F F F F F F F F F F F F F F F F F F F F F F F F F F F F F F F F F F F F F F F F F F F F F F F F F F F F F F F F F F F F F F F F F F F F F F F F F F F F F F F F F F F F F F F F
  <DiscreteSampler_grid>
  grouped_processes
  1 # 1 for a reference and 2 for a running grid.
  10 # Attribute 'min_bin_probing_points' of the grid.
  1 # Attribute 'grid_mode' of the grid. 1=='default',2=='initialization'
  0.0000000000000000 # Attribute 'small_contrib_threshold' of the grid.
  0.5000000000000000 # Attribute 'damping_power' of the grid.
 # binID   n_entries weight   weight_sqr   abs_weight
    37   10   2.999652470976481E+000   3.332347073425025E+001   2.999652470976481E+000
    38   10   2.999652470976501E+000   3.332347073425093E+001   2.999652470976501E+000
    40   10   5.613311674139916E+001   1.166934978438107E+004   5.613311674139916E+001
    41   10   5.613311674139955E+001   1.166934978438131E+004   5.613311674139955E+001
    49   10   1.602960154179214E-001   9.515986085726282E-002   1.602960154179214E-001
    50   10   1.602960154179227E-001   9.515986085726481E-002   1.602960154179227E-001
    52   10   2.999652470976481E+000   3.332347073425029E+001   2.999652470976481E+000
    53   10   2.999652470976501E+000   3.332347073425093E+001   2.999652470976501E+000
  </DiscreteSampler_grid>
