  0.00000041934823975  0.00000100336453196  0.00000116920939889  0.00000132302454325
  0.00000147305736260  0.00000162630477963  0.00000179854302762  0.00000199637622064
  0.00000224242016572  0.00000251150629540  0.00000278314534349  0.00000305500246009
  0.00000334134204346  0.00000371527341884  0.00000413549666101  0.00000459367094598
  0.00000510887085812  0.00000567516839523  0.00000626880868932  0.00000690878114040
  0.00000759558387837  0.00000827658230537  0.00000898709248526  0.00000967651463086
  0.00001051635686096  0.00001138286509343  0.00001235557375065  0.00001318415343526
  0.00001406330368044  0.00001496879982410  0.00001589737705334  0.00001693006238551
  0.00001793371341819  0.00001891822148389  0.00002000714595404  0.00002112011538596
  0.00002219300823292  0.00002314346742173  0.00002399417692924  0.00002482906362287
  0.00002568064154906  0.00002653244935567  0.00002733702747865  0.00002804751294863
  0.00002868455731949  0.00002917190383379  0.00002969529799558  0.00003022139080563
  0.00003077267353743  0.00003135536251276  0.00003185654175611  0.00003230033563887
  0.00003271822480524  0.00003312236485808  0.00003354352492212  0.00003405500609004
  0.00003461258369774  0.00003513275759970  0.00003561910032593  0.00003606902161241
  0.00003657097183588  0.00003719670027430  0.00004967561593912  0.00006233959773477
  0.00006408469585714  0.00006534955422605  0.00006668431713039  0.00006817034089977
  0.00006978787355246  0.00007138851027268  0.00007300136363380  0.00007500251725437
  0.00007702891443719  0.00007896931903814  0.00008096342030627  0.00008303641835945
  0.00008506144575582  0.00008728816008338  0.00008972741336762  0.00009250596224815
  0.00009679142723234  0.00010307584407329  0.00011021260138898  0.00011825848443880
  0.00012812353523712  0.00014218746173434  0.00016303714332335  0.00019200335144262
  0.00023668564655204  0.00029968123534651  0.00039819739478322  0.00060257868521722
  0.00084449559895362  0.00161886589548045  0.04969970361687279  1.00000000000000000
  0.00943034719457352  0.01576741516843021  0.02510352828132765  0.03743062371082545
  0.04666186043860510  0.05559626000434632  0.06485475925110784  0.07423841414506895
  0.08395911207469992  0.09393552669988341  0.10494233877612798  0.11907479782777645
  0.13304630783077251  0.14552688301309458  0.15776710549236114  0.16956969997279339
  0.18156240903123633  0.19432648241839670  0.20801290320242982  0.22204496989024480
  0.23595677448958538  0.25012703954414700  0.26382454203622047  0.27628736263145559
  0.28762458721197393  0.29897374517400988  0.31051893501342059  0.32290526586553786
  0.33490758153019107  0.34733120821405084  0.36019516097021154  0.37297460617781569
  0.38482679221011906  0.39538599409498859  0.40452944882516717  0.41390543215951342
  0.42420780157539045  0.43604176431047770  0.44817071336451292  0.45993013866352311
  0.47160048150437289  0.48391073690748398  0.49769385701194374  0.51144572597292792
  0.52224023709801937  0.53102559539846472  0.53933355591259857  0.54734967617772501
  0.55609531660256328  0.56509747845116876  0.57616855115521026  0.58666818392188780
  0.59693195985349523  0.60843411211052101  0.61943440107031422  0.63014335041528957
  0.64063036399543394  0.65105428952856204  0.66211395846494669  0.67130465366428504
  0.67868115118050232  0.68648933315391991  0.69457763403013995  0.70363697159322769
  0.71304049962165827  0.72272372334252843  0.73366814295156280  0.74612110375405616
  0.75777997713363687  0.76797857762817434  0.77821276833773878  0.78856217069322032
  0.79852674492080633  0.80831486936276298  0.81803046677652669  0.82873562682816815
  0.84037834279386214  0.85434594920370488  0.85929137816904866  0.86463130314248438
  0.87026827112468086  0.87657481309417284  0.88215611144954031  0.88785691136331180
  0.89367406886164369  0.89884033705767541  0.90358027449751810  0.90913292005575064
  0.91558763031070534  0.92475780781681804  0.93609618594952981  0.94692241924364418
  0.95781395653075418  0.96813626505293504  0.97963208436583560  1.00000000000000000
 -0.00002164547127081  0.00031051032954258  0.00088124746505381  0.00180891534858556
  0.00308759594015245  0.00470082252347237  0.00666406559071110  0.00914894160405326
  0.01157834675553801  0.01405944023946135  0.01680961233295658  0.01981999403863977
  0.02338450221142920  0.02714618371295968  0.03129927858055846  0.03570960918910905
  0.04016527517476422  0.04476351260139200  0.04934184610964983  0.05454093650029834
  0.06054493234916746  0.06772977667141523  0.07487825240335667  0.08168980799261318
  0.08797851630859040  0.09451313662806690  0.10135432548466099  0.10858281498646692
  0.11636729810572835  0.12467422004088387  0.13312010338868960  0.14197100395008772
  0.15115242957275049  0.15986302489685797  0.16868224280726846  0.17760502957886859
  0.18789182143316810  0.19936667895763327  0.21107478650046088  0.22298573329349949
  0.23538750813995574  0.24765783846907594  0.25835211680111597  0.26930536572991631
  0.28096067377406553  0.29321484028703160  0.30469074070715274  0.31725110272462514
  0.32830398049626924  0.33949336330021818  0.35246234994905856  0.36633340773721940
  0.38066703056651907  0.39501888007495833  0.41002904177716809  0.42482795402910367
  0.43955186861801226  0.45423179147058490  0.46881173793110409  0.48297675310429178
  0.50014056753250857  0.51793844800449829  0.53426181128147898  0.55147065042411492
  0.56860944022096904  0.58533877739470508  0.59888823703309535  0.61101190445221865
  0.62274190414915120  0.63419666201312452  0.64635426003841567  0.66065687137707219
  0.67540424164862789  0.69038858679127746  0.70464855239669555  0.71938965080755390
  0.73388532360120773  0.74912350148087203  0.76457524870854132  0.77870190120767946
  0.79188351959935865  0.80380948737325164  0.82098701824900777  0.83815096942178469
  0.85490041041058851  0.87010392693899830  0.88225172307216226  0.89460514182560902
  0.90629628713691068  0.91969966992770180  0.93333018370910703  0.94609271043265231
  0.95842064230165935  0.97137874402288804  0.98550719479504889  1.00000000000000000
 -0.00323946217708665  0.01190304289064954  0.02533014281252048  0.03651870919145598
  0.04751629349025781  0.05844552548829258  0.07072243641251655  0.08389617472360617
  0.09722917651645727  0.11178163319713408  0.12550543680796691  0.13582844923271839
  0.14413241262598225  0.15185243710407753  0.15958314230344137  0.16754486562742044
  0.17569263961814602  0.18532211711106303  0.20040355585660560  0.21626138482972732
  0.23006887717385657  0.24149766501216754  0.25241323996036669  0.26237844856319792
  0.27277324332733044  0.28456554419426627  0.29644315707500241  0.30805422107536073
  0.31822871054739410  0.32885871383443549  0.33908854756825818  0.34903025310718588
  0.35956145788489541  0.36725152989574794  0.37556770690991403  0.38431156919303527
  0.39446618812377138  0.40288816654382947  0.41064192681274952  0.41845884410271367
  0.42800563603613934  0.43886347739277698  0.45026614189102471  0.46102215550882680
  0.47158895826478248  0.48199941400594759  0.49312238074388448  0.50433526496600900
  0.51581215777056189  0.52863161735948117  0.54102334826960430  0.55290309773058210
  0.56520984687203024  0.57864638517049571  0.59304049343463860  0.60516226505082416
  0.61041634309876114  0.61646690771907253  0.62248919313825768  0.62823563449375508
  0.63383263697366110  0.63999175858229806  0.64655997578456903  0.65338153791924436
  0.66039564328012801  0.66726687821010988  0.67823440111460509  0.69174087810722795
  0.70585310608582441  0.72009074084206792  0.73416847371553851  0.74660190648529878
  0.75788414526271208  0.76801471230984641  0.77722717508750927  0.78545082705850333
  0.79425761535906747  0.80321509174411809  0.81071156647223808  0.81977319401881898
  0.82942105325898818  0.84065606432161533  0.85380593992871556  0.86796883258997060
  0.88155872524231327  0.89436999766987912  0.90425466469233717  0.91133682813420769
  0.91802059369507694  0.92459400998385666  0.93074722892723183  0.94000232255494132
  0.95246566274064404  0.96688202584013838  0.98279701658759389  1.00000000000000000
 -0.00303352587436754  0.00954258020251442  0.02040581993060256  0.03091302363775256
  0.04169026176113987  0.05251577155406557  0.06102658652125634  0.07104630200110794
  0.08251405262589771  0.09220406508985295  0.10185755849261660  0.11249991627986343
  0.12303731097790535  0.13385674035974157  0.14410278832934637  0.15418932539027647
  0.16452367545994781  0.17425390270849311  0.18287698773851829  0.19137064255197531
  0.19880530890885445  0.20725442539578340  0.21641961219515313  0.22535135758224942
  0.23737415078319826  0.25175957993014392  0.26575379595759235  0.27862246310305877
  0.29142420905384220  0.30401337814110513  0.31694579090863784  0.33100714879400123
  0.34490728449793651  0.35749661213877870  0.36857061539758967  0.37965985172753713
  0.39182982115038079  0.40282376855422913  0.41312133218155855  0.42521045968372279
  0.43827640024135117  0.45162733128170701  0.46482421981907013  0.47809974922419862
  0.49213669386774106  0.50768433832206272  0.52247338371944552  0.53200943896212749
  0.54060750533182311  0.54830861305164469  0.55554690627436587  0.56287428262822636
  0.57050962501245828  0.57888358387345140  0.58820734244774253  0.59818004096077215
  0.60913800823927156  0.61986573212251261  0.62821795778237199  0.63425625961827226
  0.64014503953897206  0.64605664332913015  0.65191788730550504  0.65859440795849145
  0.66502265186178711  0.67089240476526402  0.67703736863112984  0.68288340259100844
  0.69068435067381162  0.70046307818766929  0.71110987234790002  0.72238410434237199
  0.73456188217225249  0.74703733696027708  0.76000940052508748  0.77341100544812014
  0.78670232799947815  0.80059054903209570  0.81409937900901053  0.82603458436874910
  0.83679697771857386  0.84695943842427757  0.85684892119762335  0.86614519352439190
  0.87697689855967575  0.89005764061762893  0.90411540161575266  0.91786884054876317
  0.92992071186357206  0.94049437417899717  0.95027573779843311  0.96059660946410408
  0.97083567241640500  0.98068612485397288  0.98973015968278788  1.00000000000000000
 -0.00448875761020253  0.01437762393813946  0.02997825055769746  0.04364111314622145
  0.05649386503701816  0.06914836887540010  0.08134049762237540  0.09249825035103125
  0.10521663600775129  0.11916623449863759  0.13446058195593263  0.15070306645978135
  0.16488044890339137  0.17444100069120438  0.18271033608027540  0.19186686078180060
  0.20158645426123206  0.21144557228657804  0.22026731429014507  0.22931230443943709
  0.23842013366177806  0.24734836643862404  0.25689301362057670  0.26651040169641116
  0.27604635907670616  0.28641597667989077  0.29627497406962500  0.30827219227687230
  0.32214229522479598  0.33567730719493377  0.34786276764512786  0.35942763537935979
  0.37143858225273640  0.38470385512634514  0.39822193724664884  0.41004499082870577
  0.42200712999606355  0.43383192076298477  0.44329484761080257  0.45228696240945165
  0.46184099392504818  0.47300113477630401  0.48225610329121971  0.49026891432729486
  0.49879377491928140  0.50874391423007470  0.51813078422520964  0.52600328346312875
  0.53389180177086693  0.54070102904414363  0.55523342820126820  0.56778668384163011
  0.57979570044202200  0.59358528353670947  0.60751204735189157  0.62078585366200878
  0.63337879567235644  0.64523153199955086  0.65655212339776203  0.66800099586186346
  0.68017875371842862  0.69273973489136742  0.70579152619686769  0.71926425540209549
  0.73254882003104116  0.74417994689885858  0.75442767165249769  0.76440270443922953
  0.77330150393812658  0.77963543593146190  0.78579389098028440  0.79203767007487658
  0.79890436918795005  0.80645847948628002  0.81529284704668536  0.82560994079255190
  0.83681406619590826  0.84823275609757409  0.86065406174814640  0.87398742106515748
  0.88895158306212274  0.90394071096849671  0.91734586772786741  0.92918269633157990
  0.93872315536343043  0.94481731466178343  0.95096349081107368  0.95615832626352937
  0.96163326992868692  0.96771695028841598  0.97318417858197848  0.97885466077271166
  0.98415099707888376  0.98915678660819750  0.99467397323279605  1.00000000000000000
 -0.00239319719304427  0.01425231662606190  0.03050551096972446  0.04452317936082464
  0.05582854621900885  0.06674065819322464  0.07873177199878442  0.08995210741842406
  0.10015948947992658  0.11394241476279875  0.13013139062465159  0.14110294051186290
  0.15071925463353031  0.16064497377530379  0.16941678200287577  0.17790690820752453
  0.18849133376949923  0.19886870800496706  0.20881424572961779  0.21839595289207756
  0.22880262114167230  0.23982914864162680  0.25107396656614284  0.26300149303394926
  0.27572878966163716  0.28908356617223741  0.30208794678914774  0.31332382230129807
  0.32267101519561903  0.33118142051952104  0.33937861605804787  0.34732863826232252
  0.35572336751658501  0.36482880629920750  0.37560181476016885  0.38782092201455026
  0.39837494512037680  0.40578428014076390  0.41247451943226804  0.41863594141391269
  0.42435473699043369  0.43024421575286026  0.43675288256040201  0.44333197199498786
  0.45035281867034321  0.45689594761585123  0.46511585624052787  0.47540617787461570
  0.48581319288313424  0.49438258076111480  0.50206372911894404  0.50883197378033052
  0.51629133071225020  0.52573500048591948  0.53604371953069130  0.54610180283910792
  0.55547475887654352  0.56386614458387319  0.57569427236903103  0.58766558711010464
  0.60019480107802470  0.61176040861860381  0.62275202549784281  0.63307710154818220
  0.64255427029026857  0.65148219610851821  0.65910964748376621  0.66774348485796220
  0.67673954497357258  0.68590274333738410  0.69384859560386480  0.70148631541140405
  0.70998898321275317  0.72031115523288014  0.73082556945588673  0.74168299128524928
  0.75326087272337050  0.76482976067507280  0.77581783563744788  0.78663838646246875
  0.79715482392009074  0.80716283904183106  0.81706786063598669  0.82624874071880805
  0.83693552101993163  0.84926756393048997  0.86306561668648774  0.87675342581739579
  0.88861635759780389  0.89910760985465688  0.91004279653741327  0.92098140065559808
  0.93587055979424560  0.95729310614232355  0.97917834979074114  1.00000000000000000
 -0.00260827256662761  0.00864507572559376  0.01848425954299747  0.02826694688054410
  0.03857685620590758  0.04951022511899637  0.06091481367578291  0.07181800155026022
  0.08181333301339215  0.09197323998065718  0.10400551631615698  0.11894021897224963
  0.13352010040442577  0.14524451204424638  0.15585038142874186  0.16614539328498251
  0.17678048487037468  0.18872051478870974  0.20287297191028908  0.21807267366640268
  0.23321812408206255  0.24819214359009734  0.26035403533224100  0.27127127794695988
  0.28207101779527088  0.29318987329069568  0.30533200096146818  0.31617015310657387
  0.32609533260252549  0.33600530988964372  0.34630443229745861  0.35791218193717600
  0.36890987165704725  0.38013153202173261  0.39174869768009368  0.40426418206875248
  0.41617711657597845  0.42197945686453642  0.42750586972267285  0.43312629611527581
  0.43897182337156382  0.44469195619023882  0.45051597806939830  0.45721112078429599
  0.46295193375214855  0.46830366369551663  0.47427222975631528  0.48068479736508885
  0.49264259744244160  0.50445632883117386  0.51564102029098724  0.52675619237144478
  0.53744735919144737  0.54665047729750227  0.55624881721793995  0.56654108722575225
  0.57790315342563825  0.59064262367098541  0.60660651292555556  0.62160350769688411
  0.63656099794056120  0.65052767239056819  0.66196132988514444  0.67353808900901402
  0.68505330531287356  0.69532535602821266  0.70640124295536244  0.71890232618881267
  0.73218867028171963  0.74538570680611016  0.75725978914802372  0.76697916711438918
  0.77737835312049397  0.78699650365950768  0.79595761734360571  0.80368145559278847
  0.81135491431019269  0.81922725575693511  0.82761633907840670  0.83605115939540986
  0.84475256874089522  0.85129275700351281  0.85716425566867815  0.86653145812001287
  0.87516710507803031  0.88423767757277527  0.89683002962938074  0.91228663107490726
  0.92594486503613704  0.93845248533533010  0.95183015583042574  0.96348111616737597
  0.97234216693166098  0.98118333626302978  0.99027759594966269  1.00000000000000000
  0.10370538397035478  0.15014913492136386  0.18085350179406137  0.20076584271326262
  0.21908082719725452  0.23356655254849215  0.24795652579997665  0.25937469858165635
  0.27679761350093424  0.29241220342904028  0.30767112955793324  0.32270902091169751
  0.33661279225325258  0.34996667470998122  0.36278636453510577  0.37415137368739371
  0.38561980418913844  0.39703734366665366  0.40792901913531132  0.42032527803424663
  0.43019999576267148  0.44201800358292864  0.45352148958311006  0.46405926109480033
  0.47427474536560843  0.48583765689522879  0.49544081550645158  0.50295956006911302
  0.50975586398983752  0.51645863015456472  0.52470943862655828  0.53492732613078742
  0.54611019495381008  0.55674829146351068  0.56615017782281229  0.57441993468662667
  0.58234511529010735  0.58960780463197238  0.59569086246955183  0.60180456036320606
  0.60781204709341186  0.61449114643512193  0.62177342560142623  0.63018754855743087
  0.63900302178648638  0.64808112814704999  0.65679053269472942  0.66495890432616933
  0.67267575972561788  0.68004596586873012  0.68718734307460783  0.69526388903489322
  0.70295286680183389  0.70967171674187057  0.71543327019332670  0.72103771129367056
  0.72638968035100115  0.73112013647881702  0.73518730552938338  0.73927323178537763
  0.74352109681625933  0.74755113388336258  0.75152839222397583  0.75553900627373471
  0.76024410801013231  0.76532649601306835  0.77020422839330815  0.77484269425222352
  0.77978353329888750  0.78494334772456642  0.78966948203611653  0.79559889383950944
  0.80291519323041505  0.81079209386483941  0.81959219298540564  0.82814891389591649
  0.83548502083107390  0.84156259891315588  0.84735364203276387  0.85329323053508743
  0.85978338746336891  0.86572351601726816  0.87036744414404121  0.87444705832739555
  0.87827625288482869  0.88259071742683393  0.88836073034638674  0.89572944243018560
  0.90422984920493454  0.91332751936917433  0.92233742425886278  0.93151664048141258
  0.94178593156435575  0.95492996409746334  0.97304165934582487  1.00000000000000000
 -0.01895091444561401  0.11931133307575018  0.17271386944231101  0.19925206482789318
  0.21843228885642993  0.23831132582361414  0.25864055645418077  0.27699390106548977
  0.29319724879793968  0.30882122069972828  0.32492573641125505  0.34048879475023169
  0.35537792402169049  0.36874629199002495  0.38207188907117895  0.39487870791560270
  0.40695105772937695  0.41588225111682264  0.42318318903151531  0.42958720395925859
  0.43668363121466336  0.44514980694313849  0.45374317655032759  0.46206887126352697
  0.47065584688865825  0.47888535736820792  0.48947375396130016  0.49933896134322442
  0.50840118987973615  0.51681474951203943  0.52484665578081191  0.53220350939878236
  0.54006651431560626  0.54807345594540557  0.55651510725723574  0.56532533351259040
  0.57298109383374263  0.57891327327027886  0.58394477443763571  0.58852361874431414
  0.59259811346757252  0.59692147364298753  0.60139063104463419  0.60661836077073694
  0.61299819494037699  0.62036989240761242  0.62688909654742297  0.63041804950972813
  0.63415081586867217  0.63803913878853757  0.64198499573374801  0.64590005567993791
  0.64983603054679129  0.65399133433773815  0.65803681814050219  0.66173571569193990
  0.66499923117672199  0.66813666954586481  0.67078842303057951  0.67358635293970526
  0.67680274349051106  0.68055905777497494  0.68415194415064373  0.68798816386957107
  0.69401060015800264  0.69963163462762701  0.70399923153316157  0.70786719101485862
  0.71319120612053732  0.71937794996115434  0.72630076654164200  0.73373095336320271
  0.74085881192112601  0.74757521491955725  0.75431613840419420  0.76163562229868587
  0.76885203815572678  0.77585386574360704  0.78290550008064574  0.78996500467299002
  0.79622290850076882  0.80173243650734549  0.80727878377179274  0.81321136958966111
  0.82081587474618556  0.82888916727979756  0.83804864141250202  0.84734744634846348
  0.85654797387328463  0.86557192397462968  0.87577790956796120  0.88698554043706090
  0.89926904963380239  0.91487721093921337  0.93943163353187209  1.00000000000000000
   4.6416883573121916E-009  -1.0000000000000000     
 F F F F F F F F F F F F F F F F F F F F F F F F F F F F F F F F F F F F F F F F F F F F F F F F F F F F F F F F F F F F F F F F F F F F F F F F F F F F F F F F F F F F F F F F F F F F F F F F F F F F F F F F F F F F F F F F F F F F F F F F F F F F F F F F
  <DiscreteSampler_grid>
  grouped_processes
  1 # 1 for a reference and 2 for a running grid.
  10 # Attribute 'min_bin_probing_points' of the grid.
  1 # Attribute 'grid_mode' of the grid. 1=='default',2=='initialization'
  0.0000000000000000 # Attribute 'small_contrib_threshold' of the grid.
  0.5000000000000000 # Attribute 'damping_power' of the grid.
 # binID   n_entries weight   weight_sqr   abs_weight
    124   10   1.269597149904804E+001   5.172468964299769E+002   1.269597149904804E+001
    125   10   1.269597149904806E+001   5.172468964299778E+002   1.269597149904806E+001
    127   10   1.099712181393810E+002   5.916919963536311E+004   1.099712181393810E+002
    128   10   1.099712181393810E+002   5.916919963536303E+004   1.099712181393810E+002
    136   10   1.111141238972091E+001   3.247294191170321E+002   1.111141238972091E+001
    137   10   1.111141238972094E+001   3.247294191170330E+002   1.111141238972094E+001
    163   10   1.099712181393811E+002   5.916919963536313E+004   1.099712181393811E+002
    164   10   1.099712181393810E+002   5.916919963536305E+004   1.099712181393810E+002
    166   10   2.347945576290424E+001   1.825142876799170E+003   2.347945576290424E+001
    167   10   2.347945576290429E+001   1.825142876799172E+003   2.347945576290429E+001
    169   10   2.085793295240047E+002   1.701659469429246E+005   2.085793295240047E+002
    170   10   2.085793295240047E+002   1.701659469429245E+005   2.085793295240047E+002
    187   10   1.111141238972091E+001   3.247294191170319E+002   1.111141238972091E+001
    188   10   1.111141238972094E+001   3.247294191170329E+002   1.111141238972094E+001
  </DiscreteSampler_grid>
