  0.00669202340415905  0.02309502892602020  0.03904014622824480  0.05411855830654323
  0.06880517970476475  0.08480889428036781  0.10269169985323517  0.11994823083592829
  0.13050953464532880  0.13887703731530079  0.14771937071355401  0.15788680632707094
  0.16720959244341416  0.17660240825913531  0.18706624518462725  0.19874687104320896
  0.20983472759602304  0.22183956500753041  0.23192549384315325  0.24240073936941159
  0.25517563051022230  0.26680389958166784  0.27884285580963009  0.29089258674355772
  0.30405932649694650  0.31822919116790338  0.32846547578514723  0.33697860817289277
  0.34552847031006539  0.35179310271224584  0.35655557083681527  0.36179943971218065
  0.36930848066166688  0.37611740453931874  0.38456996847905545  0.39257940531170632
  0.40053373103293366  0.40913665972374125  0.41738367498714019  0.42961037490333215
  0.44157102900635331  0.45365179863621047  0.46394907738329760  0.47768990978208181
  0.49125161094824515  0.50356735360853844  0.51616026881991739  0.52743331362480883
  0.53821914093317491  0.54890945506086020  0.55876977735648159  0.57167495409244162
  0.58289178430457989  0.59326433158954350  0.59893905509512446  0.60357053393070104
  0.60899491099361869  0.61781475586157553  0.63057439551878514  0.64252354732254979
  0.65484200717235119  0.66353796948023669  0.67109649018807405  0.67963895589730461
  0.68867017570162625  0.69640254570819304  0.70360731937803211  0.71351866997351354
  0.72285864711007308  0.73179181759635836  0.74164649742527533  0.75111449289813070
  0.76044378719350636  0.76936402529052172  0.77781556138413244  0.78460867695298286
  0.79321054373051270  0.80162365899862875  0.81034476607815520  0.81876859368395505
  0.82542656996506869  0.83337179427840424  0.84310874112736578  0.85550961377922197
  0.86811074728055526  0.88158025958409403  0.89478318286841496  0.90831719132864330
  0.92227087953063802  0.93207237653164365  0.94218397366803330  0.95247609855186077
  0.96131914749445169  0.97091783763292616  0.98338555931534610  1.00000000000000000
  0.00009981426586024  0.00010523364804405  0.00010965773740121  0.00011282557250215
  0.00011561831018711  0.00011822179162827  0.00011985490167186  0.00012132919162167
  0.00012263010462103  0.00012399980093548  0.00012543361602357  0.00012720355826556
  0.00012909494986895  0.00013090085998144  0.00013238496284628  0.00013345065992513
  0.00013432703769795  0.00013517148484897  0.00013627346531750  0.00013771994985157
  0.00013938844681785  0.00014065823213637  0.00014186111886941  0.00014298384490673
  0.00014441328696730  0.00014594119703886  0.00014719942925227  0.00014822559646478
  0.00014908196316444  0.00015019035817209  0.00015202470943697  0.00015389763309744
  0.00015547153859646  0.00015686067983345  0.00015810405986100  0.00015913046670999
  0.00016026704479669  0.00016202401637302  0.00016442357935755  0.00016718692033723
  0.00017005643376783  0.00017266708617578  0.00017537486344599  0.00017830658907283
  0.00018148688442704  0.00018500696091082  0.00018856290132434  0.00019173536071055
  0.00019497193889360  0.00019818127834151  0.00020206507974421  0.00020640231942877
  0.00021088311718579  0.00021566922562945  0.00022058939534660  0.00022552640007009
  0.00022998479518884  0.00023435142263299  0.00023840159208240  0.00024311506534964
  0.00024846693443309  0.00025277994895323  0.00025702837983329  0.00026135853143878
  0.00026623124347827  0.00027143468630611  0.00027721595094788  0.00028421917448481
  0.00029146676888938  0.00029874708024793  0.00030819698116485  0.00031874372460570
  0.00033018735711258  0.00034298874220228  0.00035916933393954  0.00037357081857648
  0.00038543091677580  0.00039816891148043  0.00041370677621974  0.00043050388449643
  0.00044650037393522  0.00046374250513551  0.00047876424199344  0.00050142950361438
  0.00053405159775404  0.00057288402982157  0.00060572821247918  0.00064091860599212
  0.00067708465650690  0.00074765011770593  0.00084178945782262  0.00098500731445656
  0.00120890611482058  0.00147004555389265  0.10887900895922190  1.00000000000000000
 -0.00025114486015233  0.00245973209369765  0.00810893307731115  0.01472416575739364
  0.02034457501471887  0.02434357921444814  0.02841473015801406  0.03494856636209221
  0.04278903471982107  0.05025951451934931  0.05764791395381983  0.06499573929794310
  0.07266334085435380  0.08149443084230766  0.09132947322874599  0.10012102131015448
  0.10706701794109534  0.11263050200152047  0.11841416079536800  0.12594203810080382
  0.13435133276802724  0.14405292596942340  0.15506585298082218  0.16578363389105494
  0.17427035204958208  0.18225737840754025  0.19021671101491369  0.19913895501983475
  0.20769516537496779  0.21682187074149348  0.22757906120825502  0.23944475899537149
  0.25033896809581802  0.25989094378704369  0.26947014853735618  0.27795689257874467
  0.28514540396684468  0.29262263732890742  0.30001652818492064  0.30905296912942731
  0.31863928908925970  0.33226899699723811  0.34501396671768864  0.35408301883853727
  0.36046465569882230  0.36754649033833076  0.37395489941070542  0.37964814148502524
  0.38680816810220631  0.39339814596735040  0.39982310324248949  0.40646925736368805
  0.41448211024007653  0.42767343894100252  0.44023898493641134  0.45454801998536520
  0.47051371416425664  0.48720147423149512  0.50321017733029716  0.51838832316958350
  0.53337799114242435  0.54784501510722727  0.56153427601845785  0.57450526552890535
  0.58739867978516491  0.60150504060703602  0.61505000247228214  0.62481341029885451
  0.63393725191198957  0.64353103629974517  0.65416132777301517  0.66679869543968140
  0.68292343653476717  0.69956711128031768  0.71509407170513628  0.73198690503612895
  0.75075567613347449  0.76845964272881884  0.78408396513666201  0.79797374464258830
  0.81014374548945101  0.82259771982373031  0.83475403879536914  0.84493455653964400
  0.85455814407795505  0.86825819492447598  0.88115974615394654  0.89261569814608011
  0.90562661759580798  0.91990796354508031  0.93510260690859048  0.94986735776598819
  0.96323113818522399  0.97576836781704146  0.98763107959098850  1.00000000000000000
 -0.00384706983594983  0.01328623490112924  0.02596960168941382  0.03596350542499277
  0.04478993082392021  0.05392946543155771  0.06391265360188901  0.07411886709580864
  0.08405838252588294  0.09653426028595279  0.10918665186838585  0.12410211532486773
  0.13260698724797207  0.14321277584650322  0.15056959307540585  0.15710977873555140
  0.16463608006571040  0.17360069170797890  0.18254347291726994  0.19687187719395696
  0.21225546791729302  0.22134213331127792  0.22922651997583382  0.23412011593321541
  0.23934388974364934  0.24469000665224022  0.25006640386750673  0.25913526445308227
  0.26843405527839775  0.27808001759870216  0.28701745759123870  0.29857918686714779
  0.30835287870999933  0.31748435676077885  0.32578073500337756  0.33393488699581653
  0.34078676865891794  0.34604809634803319  0.35201574869129942  0.36111948275092709
  0.37678692992085228  0.39032918743871137  0.40505853871824066  0.41488754709683295
  0.42409377866004727  0.43235545581013296  0.44185653180157752  0.45317367212124599
  0.46490934016832142  0.47945672912426451  0.49451787042184275  0.50842661758166863
  0.52440483149546413  0.53742267534920418  0.54538770006914561  0.55323789865012618
  0.56099275741914822  0.56918133085513301  0.57829461288306028  0.58969310207845438
  0.60173331839275712  0.61213561730448152  0.62338032529346576  0.63800909170751818
  0.65385259408676677  0.66449076367679127  0.67433476820406513  0.68457727747837416
  0.69594740946249400  0.70943267868206783  0.72181677134392930  0.73415503275644278
  0.74859191333721498  0.76037847609021536  0.77026274059654254  0.77861717749721715
  0.78660314810937637  0.79495200442878633  0.80335085577993015  0.81587752111251399
  0.82831665013327693  0.84150271791133580  0.85557493186332079  0.87189231752135388
  0.88859786351479364  0.90198551292844564  0.91402397482861408  0.92684077922280705
  0.93822521664985858  0.94915431416860041  0.95878308164558201  0.96729088091150128
  0.97509477089444052  0.98285030024759101  0.99122321017632686  1.00000000000000000
 -0.01335529409929118  0.05403142843940526  0.08083135043732845  0.10302626578831466
  0.12683967884905814  0.15599627067103680  0.18331257941343651  0.19670430256703497
  0.21216459931968512  0.23141835272736133  0.24999046744159908  0.27138655285996349
  0.29771288674958007  0.32086258120931738  0.34769753681412185  0.36858777506964874
  0.38091049985042114  0.39224191085440002  0.40314464097800429  0.41374214222546818
  0.42611590816673145  0.43616383582444884  0.44587559921439385  0.45655281515783702
  0.46805406592269810  0.48380466729811555  0.49920330970666738  0.50868056540587014
  0.51762728124832158  0.52962028617520940  0.54666848984422411  0.56300998695302629
  0.57342056482379122  0.58075407821293679  0.58732270462918368  0.59331001788262872
  0.59849022822042119  0.60430256483347722  0.61294668118054640  0.62206834698743985
  0.62843474955699752  0.63438395707606809  0.64146587800232169  0.64937399216693670
  0.65772627535663009  0.66771249936871668  0.67581981956756987  0.68020813265752655
  0.68403003021023323  0.68867465744628564  0.69606044797542199  0.70365099091932926
  0.71033863608542247  0.71687398435984917  0.72294322565121694  0.72909710194134913
  0.73555776626694136  0.74292381528250484  0.75097293824049671  0.75895945563533196
  0.76677678450733844  0.77782669249367975  0.78805473313848851  0.79683941098866629
  0.80424154042941942  0.81090119323865251  0.81766168624233315  0.82519777755031587
  0.83386147107942765  0.84198574083571975  0.84950009020107387  0.85662114917508170
  0.86376409479764915  0.86982974938346314  0.87469515534533337  0.87919599661171643
  0.88391959567563771  0.89103637241661215  0.89789142348929218  0.90401829864603434
  0.91026073772719374  0.91754847842417564  0.92443389409521826  0.93079709449090209
  0.93610752604108416  0.94134503275657444  0.94671038399245200  0.95236057691889908
  0.95866402240665560  0.96421079913512064  0.96926320156034351  0.97398723348771643
  0.97935609071192520  0.98653484749398701  0.99341926187444896  1.00000000000000000
 -0.00243182111120043  0.00848757220448305  0.02127316650375529  0.03533288333832132
  0.04833079050361874  0.06304549267177244  0.07716942643776198  0.09325996156379732
  0.10920663815460392  0.12649745320221903  0.14821582478110196  0.16751408748815799
  0.18259537585193891  0.19096131840748812  0.19713980956692348  0.20315644967423777
  0.21142734684881437  0.22193763286802748  0.22989940194691511  0.23644565765726422
  0.24320041596599909  0.24986823934791375  0.25840651368937628  0.26933494941811748
  0.27902818886117364  0.28869916230957060  0.29953699228681685  0.31113052485505277
  0.32274646424858816  0.33411835387699429  0.34666164382859305  0.36134432993719612
  0.37498300888645936  0.38943036537384618  0.39909730635528190  0.40588922389545556
  0.41147638454457203  0.41912915652061844  0.42895534597020751  0.43756083323312583
  0.44503417490441399  0.45369456903717809  0.46531140799677490  0.47949086899984894
  0.49348866965274796  0.50571085835081186  0.51665408747455466  0.52691658016935461
  0.53903522604497567  0.55498412864285029  0.56824279581831150  0.57768475197997005
  0.58492746409755081  0.59178439193090226  0.59740852327563732  0.60458587925619789
  0.61421292079280165  0.62589285697493313  0.63677602704720893  0.64728601181758916
  0.65605887389440753  0.66471619627505996  0.67275349511944005  0.68019726716854423
  0.68789065843652097  0.69617974551137529  0.70423600182065771  0.71235608714069676
  0.72211084756921340  0.73334928719943038  0.74300984901400802  0.75390384929590548
  0.76376218040822064  0.77189078447853765  0.77902801976655256  0.78680047142101861
  0.79743235933107803  0.81087045544496039  0.82464427630917747  0.83667274339880193
  0.84743941365869979  0.85805234216859760  0.86824705665422097  0.87785544053089515
  0.88586610317945536  0.89291329024048161  0.89886189744826439  0.90943608237652862
  0.91937131060178245  0.92641530126960570  0.93326646202573094  0.94376071122738137
  0.95479539360659216  0.96781665456482069  0.98339911559681659  1.00000000000000000
 -0.01178429704960572  0.07048876891010881  0.12170580707345059  0.16488326637427736
  0.20064106792571021  0.22722324743672065  0.24956031955735525  0.26651837996194977
  0.27766120012758039  0.29007699162796619  0.30675527378252687  0.32391646200983693
  0.33819065277950627  0.34964757063475488  0.36038498800613705  0.37153550159655391
  0.38465205089467652  0.39684215776617898  0.40715994716447496  0.41363032497727048
  0.41933140081690001  0.42711459701286791  0.43402079199557558  0.43986664028704764
  0.44527232642922865  0.45020528290396311  0.45720222836305691  0.46472821108010742
  0.47343233124510209  0.48333603079774634  0.49370931602240076  0.50382080466377532
  0.51248991098549779  0.52071144158889737  0.52838156479740261  0.53618510865327762
  0.54378309793706370  0.55308269335999294  0.56054154407733325  0.56704330176964524
  0.57211029473657782  0.57617019539756642  0.58101499071659746  0.58710649286750038
  0.59344544854724524  0.59837651999191455  0.60234045614062970  0.60711998033634806
  0.61227763636327781  0.61730255932873546  0.62270460973585340  0.62892896762364470
  0.63576496347488343  0.64219747646601311  0.64927518951899998  0.65624014254179142
  0.66257515054794947  0.66942116534458340  0.67739224584824376  0.68561408830142878
  0.69337629770617759  0.69931167858876209  0.70501940083105563  0.71120787744518110
  0.71796717432305712  0.72539802067419012  0.73371550070194314  0.74367962816092836
  0.75540932446234044  0.76656031140275271  0.77756254795461588  0.78684301511879617
  0.79622497678345250  0.80435606661460990  0.81110921746053843  0.81714778442784242
  0.82316042596439110  0.82947902966141318  0.83701508612477438  0.84544567278102678
  0.85367960108985630  0.85928300408100156  0.86564997856450954  0.87220122437430858
  0.87844465098715907  0.88532587541777852  0.89157393972419285  0.89988212466570350
  0.90731399601799612  0.91440273277650019  0.92145440909058718  0.93220347640171330
  0.94657240236198581  0.96149911330487281  0.98003561316399457  1.00000000000000000
 -0.00363081467347725  0.00644319575104720  0.01591147041823683  0.02298692878060528
  0.03191067410468901  0.04406613019077596  0.05777166147429093  0.06957516371780138
  0.07960193779290919  0.08975561697540631  0.10064918545558219  0.11327494555120386
  0.12831473254717421  0.14362760411835968  0.15700730616427472  0.17070989871793540
  0.18380543110278161  0.19374885134360703  0.20115897443657416  0.20592904070024443
  0.21230018082549795  0.21806310644835650  0.22499067914520032  0.23651052602469158
  0.25138034403641335  0.26282722701127825  0.27175648537236807  0.27859040357728981
  0.28716567305827645  0.29668326214478724  0.30775475476273007  0.31874902817725120
  0.32873578569859585  0.33905335329502900  0.35154339699019349  0.36523647017276006
  0.37973540864462940  0.39317776755756167  0.40564955740345371  0.41748588501014799
  0.42545054887836664  0.43239969690701197  0.43887871068984780  0.44481646860064444
  0.45403487597242048  0.46747113082174008  0.47851275624751144  0.48667340645029356
  0.49641488597352973  0.50424591599126778  0.51035590276619058  0.51640215838358139
  0.52654980110102645  0.54182751595772949  0.55585876757469488  0.57040021698937327
  0.58452331775013366  0.59787303401622049  0.61140739280672440  0.62253609830644441
  0.63388428952670450  0.64452766075831869  0.65575789865955536  0.66454909243260385
  0.67230507223950942  0.67989796481492404  0.68801901046764247  0.69838041477713275
  0.70805921362389945  0.71667519283578907  0.72923930863235176  0.74181405190585337
  0.75282131634320137  0.76142499297701627  0.76674557517035313  0.77151387374887770
  0.77816976025268991  0.78547565259536778  0.79396091647693379  0.80283027697731402
  0.81156583604198995  0.82015081563260728  0.82790398583964142  0.83587089672078729
  0.84437012168182890  0.85393649670332761  0.86584428485730769  0.88015913777558508
  0.89816831719115253  0.91401617440191307  0.92638822260072451  0.93717148137089579
  0.94758757349407285  0.95826412552662488  0.97479927919257359  1.00000000000000000
 -0.00443959337889759  0.36209382774176319  0.38746900522967354  0.39736421082144796
  0.40340511190573752  0.40944966620578410  0.41565680284609774  0.42002585919672702
  0.42435180334932082  0.42893998314688092  0.43263880662684828  0.43536525326746439
  0.44037345955321999  0.44465385268431556  0.44965384294107097  0.45444469474367932
  0.45996650154492985  0.46504704864409491  0.47096119606646220  0.47623026906876653
  0.48101383650025553  0.48628522990870698  0.49312907364200748  0.50029984611594525
  0.50641289435790904  0.51238053800905925  0.51860607691784510  0.52476488792740272
  0.53078149786112461  0.53691672221990416  0.54362545726397471  0.55076485172156575
  0.55742478152783226  0.56545259625832922  0.57515499484618671  0.58534431673210197
  0.59231853304122883  0.59895846055845303  0.60578155618763641  0.61485238111695251
  0.62526164547410834  0.63577490491644018  0.64623155453830849  0.65608603377182961
  0.66540822396576527  0.67350883121206973  0.68296556956941001  0.69187594862297863
  0.70122741717885373  0.71079965434853498  0.71900145440355279  0.72762124234474201
  0.73602334077426368  0.74098556877159971  0.74751472152107501  0.75530805513659893
  0.76136697525407548  0.76717577834455664  0.77360037392638825  0.77987740338498945
  0.78620262603084157  0.79286600958487918  0.80006403309467611  0.80708059898652473
  0.81366730885309901  0.81993890988432916  0.82528540409737472  0.83047651578106463
  0.83560078266595750  0.84086423312577618  0.84580844469174488  0.85025530473942257
  0.85444677128213808  0.85847802443840038  0.86301796873237624  0.86771473980830993
  0.87194713070532326  0.87552119432123476  0.87911048652587498  0.88272023559274315
  0.88652788957508444  0.89140723701627900  0.89703349370450758  0.90170042474999546
  0.90639390204757742  0.91097021359032748  0.91618441094597369  0.92144457072447938
  0.92680214323278876  0.93284491290587612  0.93893036810533159  0.94488074287783463
  0.95102343540028933  0.95777656889045504  0.96877354581792530  1.00000000000000000
 -0.02601220070163254  0.11699790358352766  0.14466386230343270  0.16395182198263625
  0.18592659568572467  0.20563906962910145  0.21871346856368587  0.22913886402357322
  0.24018583867209423  0.24993720225488905  0.25795348773568072  0.26640933828634289
  0.27599921862775084  0.28537015816951250  0.29481653792411272  0.30503181990143408
  0.31363037569177177  0.31938128216731376  0.32369535207030753  0.32800913464808240
  0.33185561581752770  0.33520612802553112  0.33812780514406504  0.34052980071024075
  0.34350407616769169  0.34796739658977910  0.35383078324421796  0.35996217022468657
  0.36474702435444245  0.37022976619213760  0.37465315105499952  0.37846461616392013
  0.38244269998876601  0.38653069571615867  0.39077227937943315  0.39468460020986745
  0.39842899063003134  0.40301437311276900  0.40813435000168208  0.41296385660080043
  0.41693781149591119  0.42094405536508922  0.42495876021595264  0.42898437527604694
  0.43379487494679486  0.43942944785304711  0.44543043147473677  0.45152703004624140
  0.45770522196981495  0.46408805799296637  0.47087833783536981  0.47654006509319830
  0.48296258988845536  0.48941679957315615  0.49588846562428895  0.50177489368223449
  0.50568441785950946  0.50953313806453582  0.51400412469938450  0.52028067514837673
  0.52834995842396504  0.53420849695249284  0.53880683351931147  0.54352453129928391
  0.54858628860555536  0.55420854582674750  0.55944031319460541  0.56385874241684186
  0.56887124148489510  0.57425659251946848  0.57888007894819893  0.58359591313199677
  0.58802122331863305  0.59530326141409740  0.60430657196344417  0.61316651770713915
  0.62253814755819803  0.63320042406666088  0.64604414228411544  0.66088402453004624
  0.67410910413780301  0.68358180664176704  0.69196980979439049  0.69868415651142191
  0.70557155211922751  0.71530606132912966  0.72899265138982805  0.74138084992239706
  0.75382425743094150  0.76595122018223005  0.77710324152912358  0.78781059810257925
  0.80068614836169549  0.82413723349686718  0.86874836374441533  1.00000000000000000
   5.4324323677297975E-014  -1.0000000000000000     
 F F F F F F F F F F F F F F F F F F F F F F F F F F F F F F F F F F F F F F F F F F F F F F F F F F F F F F F F F F F F F F F F F F F F F F F F F F F F F F F F F F F F F F F F F F F F F F F F F F F F F F F F F F F F F F F F F F F F F F F F F F F F F F F F
  <DiscreteSampler_grid>
  grouped_processes
  1 # 1 for a reference and 2 for a running grid.
  10 # Attribute 'min_bin_probing_points' of the grid.
  1 # Attribute 'grid_mode' of the grid. 1=='default',2=='initialization'
  0.0000000000000000 # Attribute 'small_contrib_threshold' of the grid.
  0.5000000000000000 # Attribute 'damping_power' of the grid.
 # binID   n_entries weight   weight_sqr   abs_weight
    61   10   3.635255627216739E-003   1.174960359154497E-004   3.635255627216739E-003
    62   10   3.635255627216742E-003   1.174960359154498E-004   3.635255627216742E-003
    64   10   1.154635344122431E-001   1.166524231358614E-001   1.154635344122431E-001
    65   10   1.154635344122431E-001   1.166524231358614E-001   1.154635344122431E-001
    67   10   1.154635344122431E-001   1.166524231358615E-001   1.154635344122431E-001
    68   10   1.154635344122430E-001   1.166524231358614E-001   1.154635344122430E-001
    70   10   1.174661119595251E-002   4.512845660305376E-004   1.174661119595251E-002
    71   10   1.174661119595252E-002   4.512845660305381E-004   1.174661119595252E-002
  </DiscreteSampler_grid>
