  0.02434239207543481  0.03362911922531794  0.04326176002001880  0.05325352602952677
  0.06285361454113936  0.07226893981003683  0.08169524192862278  0.09114859086021937
  0.10140081072491397  0.11237455685266536  0.12335017160865794  0.13418199332584690
  0.14513638771578141  0.15638108449081825  0.16718325843291723  0.17738289204435906
  0.18734650065840139  0.19660270383511250  0.20661739186502492  0.21672200819969714
  0.22668673217571159  0.23633837606857852  0.24543231477066255  0.25470838004013063
  0.26402980287155181  0.27381510343323678  0.28397202923493731  0.29424308628219109
  0.30434269254962659  0.31404126298620000  0.32319367371095253  0.33224554466476242
  0.34145476216928916  0.35084766766207592  0.36049362427524295  0.36962567693217063
  0.37912959294709786  0.38922632917585143  0.39897896550326711  0.40832636412456108
  0.41806605306884770  0.42816406357294989  0.43817417660518798  0.44778706338358326
  0.45726579341643336  0.46717755751409457  0.47770761418656155  0.48861283208196138
  0.49980738744917158  0.51104760942836891  0.52176798678510938  0.53165566391577512
  0.54166251785245245  0.55167408346351199  0.56161052698310443  0.57106578334756575
  0.58029547838666973  0.58946978337465616  0.59864245157031526  0.60834351610667692
  0.61900121923424112  0.63033801926996713  0.64169821651907777  0.65339245315179917
  0.66547811819050184  0.67740848557588385  0.68892720200294277  0.69948845120074354
  0.71009503229597903  0.72003863696900205  0.73019104863091666  0.74050886980192587
  0.75056886101970721  0.76006988886520988  0.76929479470515494  0.77951911729338519
  0.79046844725578402  0.80166813602862153  0.81243437683615682  0.82336934313500243
  0.83423132946311906  0.84406733426741054  0.85399174499342656  0.86389058391989715
  0.87386762511353688  0.88371984401917780  0.89296655380147816  0.90226163161978279
  0.91157266374661472  0.92100787242793802  0.93174954452674608  0.94233019483014735
  0.95407931794470313  0.96431919802171928  0.97136770190188493  1.00000000000000000
  0.01016506987131516  0.01453846656681331  0.02274286496461813  0.03257579995898826
  0.04297955275341016  0.05346549979553141  0.06404539853955785  0.07489938530325603
  0.08603897338055971  0.09688052923193033  0.10721527645915019  0.11779686355597223
  0.12871901750895520  0.14004230876636276  0.15118790962310499  0.16206138294513323
  0.17269485811325513  0.18306889548984881  0.19330397802100571  0.20374895791858139
  0.21484053540930084  0.22673668536514105  0.23862949570210629  0.25033249582648009
  0.26136708516857854  0.27237270237099853  0.28351133998975830  0.29432986479810186
  0.30439667602710152  0.31434519846503889  0.32448839054194484  0.33483491677041621
  0.34508470092813887  0.35525504188646079  0.36573872366086502  0.37642744401028427
  0.38738543770838102  0.39818185496866337  0.40804003636902614  0.41840506889049855
  0.42793200850095819  0.43736849078010220  0.44608400341986915  0.45529520161247145
  0.46482073957785897  0.47521640141847077  0.48527145764477758  0.49527809054669258
  0.50594101249359902  0.51694599487100601  0.52782074567873327  0.53760376831053924
  0.54874002701225266  0.55994311341246639  0.57059097105938072  0.58130189979668778
  0.59247046127099179  0.60358555537843783  0.61419617126358683  0.62430097831384201
  0.63469399441661889  0.64514328498870888  0.65586290628952815  0.66661782107505274
  0.67718147030439935  0.68796209033077793  0.69849706062720107  0.70926960791946259
  0.72009867878244649  0.73084692553245278  0.74132412347724030  0.75190727244550959
  0.76292431603285460  0.77415076124438331  0.78505874204535198  0.79593379770829087
  0.80666037318969908  0.81722856134754418  0.82772166678073389  0.83810662489687182
  0.84815504170494371  0.85858093048805573  0.86886364164972441  0.87842417517646398
  0.88770097054446395  0.89678732571104480  0.90729140574076139  0.91798448149129286
  0.92924939061297429  0.94035669106850750  0.95124797005356343  0.96146170629419003
  0.97149227077057809  0.98128336587686249  0.99142569372834777  1.00000000000000000
 -0.00003850540485223  0.00035851700570409  0.00088258826589518  0.00162434974005819
  0.00263090790676807  0.00386918298971767  0.00529923031007546  0.00693406198581033
  0.00874458247976101  0.01065243334910354  0.01258503813511344  0.01466920128783824
  0.01685850101349323  0.01931351455232263  0.02210932449111649  0.02493397398055754
  0.02784592514119314  0.03084621626855101  0.03394416554186418  0.03712759192600829
  0.04037010442005539  0.04375061864770786  0.04731466896863466  0.05100826999623700
  0.05487495143461875  0.05898102588738537  0.06327107937241182  0.06775120138210894
  0.07224551219110625  0.07669372383395379  0.08108659078065004  0.08530478458198813
  0.08957498094600910  0.09394641629116579  0.09830206932862097  0.10275869550322603
  0.10739634411280111  0.11221001623236797  0.11714861812482930  0.12200513980984108
  0.12689983772985611  0.13215642278324133  0.13773538168372174  0.14375175079186053
  0.14984005111393456  0.15574510717333176  0.16153696841256054  0.16735915654229117
  0.17335663353477787  0.17985066114503606  0.18650428465246013  0.19315539767779180
  0.19984767641844578  0.20659806379174606  0.21379567751142295  0.22157515148536303
  0.22941038180531956  0.23798935143410885  0.24648055498448729  0.25489628356198812
  0.26360850795807372  0.27273237256271687  0.28225613507633629  0.29262859887549120
  0.30386000351805448  0.31510181887630595  0.32606278334918054  0.33712302755638623
  0.34912477781025608  0.36262907855159138  0.37579642512825107  0.38876101509762678
  0.40180455629671963  0.41527556690289008  0.42942747245409302  0.44402846043210042
  0.45871517875793139  0.47335009194055028  0.48842634487326381  0.50420093188870296
  0.52072454728577999  0.53802849718670553  0.55630778363531896  0.57791095663499259
  0.60032203297690745  0.62459365670205014  0.65079794641699074  0.67925542163694930
  0.71047925449238525  0.74430959048548062  0.77953132721921725  0.81718621140891068
  0.86037873329821746  0.90678136269964149  0.95365669113308760  1.00000000000000000
 -0.00211494024980029  0.00805304587956760  0.01715157265821011  0.02689807589554460
  0.03687628061070273  0.04780378253432979  0.05845834608578231  0.07017883905984643
  0.08213833009957409  0.09448118896583886  0.10607083305951692  0.11691119261954845
  0.12710423135597282  0.13700578652976589  0.14730008495363831  0.15781603490655832
  0.16835974581098925  0.17913971950270099  0.18970503222467627  0.19988094673656409
  0.21018048759938412  0.22091270746382261  0.23182060324565926  0.24252581617078794
  0.25330323589472620  0.26520818183217754  0.27698422885487495  0.28847139249534393
  0.29850048797541884  0.30807723284068178  0.31786315230374640  0.32804723914283584
  0.33876974319281744  0.34993307327559897  0.36135316072432211  0.37297295245097839
  0.38371754478764025  0.39385429566846997  0.40343681640017964  0.41274531229842271
  0.42262086013149175  0.43300877156524215  0.44398924644070031  0.45497058389029144
  0.46551682959019236  0.47586482597204660  0.48615397210195471  0.49658270690187545
  0.50676232887702855  0.51634350052662303  0.52600961502351129  0.53602670355368853
  0.54660517410709963  0.55801291773817097  0.56909415519965656  0.58034029585828795
  0.59134998211745149  0.60216703352004641  0.61230584278358258  0.62235940567051184
  0.63277420139334661  0.64355438651593422  0.65462224073932307  0.66600407476763168
  0.67796028545082854  0.69015972774266099  0.70160534204560343  0.71271940438971104
  0.72247995049354063  0.73288178523585845  0.74376407886624119  0.75497014564568310
  0.76587107861461401  0.77629903608995221  0.78711051156637335  0.79805369076350841
  0.80852215039047404  0.81767405725902120  0.82615565275578673  0.83502741738565756
  0.84422915417499145  0.85372444242143297  0.86373627770175598  0.87399032100048002
  0.88451412796114937  0.89505847925097504  0.90561716778937118  0.91604624624766340
  0.92650070645268290  0.93705571399380128  0.94758743852944538  0.95818918934923913
  0.96835830646928611  0.97870554263339393  0.98910987535429573  1.00000000000000000
 -0.00219963248952730  0.01020359176648505  0.02055903620466578  0.03105060784557064
  0.04121105321005246  0.05268637317909074  0.06387021496798666  0.07439478481179930
  0.08486416528278298  0.09536649783454194  0.10573393857378412  0.11580287933852862
  0.12590657588717594  0.13735370937526228  0.14925945436481280  0.16014020371478688
  0.17020863032096017  0.17932701644799073  0.18874571060488143  0.19812836944470519
  0.20703860788906844  0.21665073822911882  0.22674343950108627  0.23743144384839263
  0.24844011633085455  0.25853108266744845  0.26919046297547433  0.28047227958598325
  0.29125280727213693  0.30253397773947660  0.31371225132511166  0.32541090456061755
  0.33679072303956575  0.34881275407919221  0.36046262366920412  0.37245279208971727
  0.38372939287958679  0.39447028241077309  0.40429392988526641  0.41442708492626007
  0.42436937284951576  0.43379243024849629  0.44290358160859100  0.45210489794902992
  0.46232469648256846  0.47300443724336577  0.48409657967235892  0.49554466609532138
  0.50659677828935545  0.51738963916915148  0.52819288781163931  0.53918256631787309
  0.55018559147512469  0.56125620941369370  0.57253902019895242  0.58362665377471601
  0.59443554266480436  0.60476721023733682  0.61460593110500716  0.62438402350362876
  0.63433266431889679  0.64494184494287532  0.65546315663605748  0.66568982760023954
  0.67625319659145322  0.68727730787589203  0.69827698641656211  0.70986094227374508
  0.72204234151044866  0.73417597802178580  0.74561289593865554  0.75640336829999677
  0.76697946022961982  0.77799944591083037  0.78989378705124624  0.80163866116338700
  0.81312481520907920  0.82463203707454513  0.83606840656513737  0.84681206958924038
  0.85631093556320126  0.86508630512225249  0.87350188004620122  0.88188854158935404
  0.89045595160964841  0.89931077707001228  0.90811832879520327  0.91664212147518276
  0.92598622682798726  0.93536947943908877  0.94506569994796930  0.95508525184905668
  0.96547422010163120  0.97673957436110193  0.98800935167098636  1.00000000000000000
 -0.00144044729728146  0.00929122106519628  0.01876339484267806  0.02931075370684661
  0.03980496309697716  0.04983253322501368  0.05938343297998234  0.07059225301267133
  0.08136398398248162  0.09166621580867362  0.10213677642743881  0.11286287728509541
  0.12361102368487034  0.13451361761083033  0.14569067729686466  0.15710224454819058
  0.16869898805259209  0.18057055476549402  0.19262061569782943  0.20454634436351984
  0.21624468008404210  0.22774954074287060  0.23931198169257897  0.25103790602304266
  0.26275989670508271  0.27417006403546362  0.28450442609872684  0.29387054164712290
  0.30255989468267780  0.31127836183126062  0.32014674647237895  0.32893359321718918
  0.33802519663450370  0.34763972692892930  0.35760679108992893  0.36758318333158302
  0.37778712600672804  0.38905339354980889  0.40047533409392422  0.41164071857849849
  0.42212597340863101  0.43229725740601599  0.44284340137641875  0.45292967266083151
  0.46396591314384533  0.47536558382142846  0.48730275822179309  0.49920703214811191
  0.51032299809399817  0.52106965724461951  0.53178101986010673  0.54234049034119058
  0.55278853030677588  0.56335467176698284  0.57413875363920563  0.58415634728513532
  0.59383877374904259  0.60336635740254541  0.61373030541833495  0.62401328484445684
  0.63422268072869992  0.64450276268777607  0.65455719202640605  0.66393202407366325
  0.67308091503338230  0.68208473758143595  0.69155870702806033  0.70170580332613952
  0.71193875875229462  0.72236631141391794  0.73259868663098116  0.74318376402232000
  0.75393719649135404  0.76463846180833506  0.77527143817440713  0.78573684926147314
  0.79640963947123466  0.80764770305313083  0.81920851861829491  0.83080043693810324
  0.84191513386323147  0.85247950655562454  0.86277821273364619  0.87292982913874761
  0.88325180189100361  0.89380755669762435  0.90431948604875079  0.91454119509906184
  0.92483690748030267  0.93536999602866666  0.94577415493717421  0.95636089688947534
  0.96705805230061814  0.97832427298741431  0.98924508965351077  1.00000000000000000
 -0.00088377724756857  0.00280400695998919  0.00676704392850061  0.01070127921730983
  0.01478153711096664  0.01903175501121201  0.02321477142548815  0.02730313273594835
  0.03135930091680993  0.03531876377597956  0.03918564868547167  0.04302727987779553
  0.04693564010041437  0.05092224026540956  0.05495348994642316  0.05899967365313236
  0.06305298768395168  0.06703727418076345  0.07094803803621297  0.07488219600562028
  0.07888658711946024  0.08307629511836713  0.08739609585195676  0.09155892719717540
  0.09557292531967211  0.09961621749152355  0.10384590288465227  0.10835100155018107
  0.11313737901814180  0.11807306065959745  0.12293594520198803  0.12727529153728695
  0.13139956781159975  0.13559271026242456  0.13986865730742185  0.14421973103413566
  0.14864930217453667  0.15313341572558484  0.15765404404052891  0.16223427549092095
  0.16687194208542008  0.17171380574803363  0.17670450335764620  0.18147199872500022
  0.18648748965578768  0.19177011430093632  0.19715296490520148  0.20251463326891442
  0.20773641041827429  0.21296761737464043  0.21849112052734670  0.22415358628907797
  0.23000561223591498  0.23591109392641607  0.24193611025327924  0.24820361361055973
  0.25442635576373113  0.26069165205202188  0.26709250433264159  0.27367685724891205
  0.28031656473924177  0.28686942570111584  0.29341791937255240  0.30015136911741314
  0.30712683623785514  0.31431677726999618  0.32166944875185560  0.32901237544924705
  0.33675750147330130  0.34507362474242570  0.35349595350376867  0.36207512091067096
  0.37047846964020492  0.37895091594891872  0.38761933420743150  0.39687093388865408
  0.40650692091582435  0.41642227973119361  0.42662822945113998  0.43741414169751802
  0.44938408228466192  0.46198396969544248  0.47528341534146590  0.48904811530064951
  0.50387099051102335  0.51961364297147350  0.53693071340680343  0.55608991682744724
  0.57625359290747991  0.59775894796663276  0.62174472685394266  0.65407947247732812
  0.69665637794993085  0.75061141974386891  0.83852952294054905  1.00000000000000000
 -0.00228755159817164  0.00915553928493227  0.01900676544522150  0.02960915231490030
  0.04033887281416296  0.05036780594309979  0.05986775998430120  0.06942356439134634
  0.07899143487172150  0.08895848276460618  0.09889138668697361  0.10853167439965916
  0.11735561898401979  0.12639773585742065  0.13588309427081680  0.14529446914198951
  0.15425263252184576  0.16307311970873817  0.17226523487829523  0.18169386033130180
  0.19113460487942197  0.20037119841005444  0.21024394576181110  0.22165143652625008
  0.23327641812193392  0.24476358607972687  0.25606065075591711  0.26756492136717813
  0.27944960910494876  0.29105212832923227  0.30218609686706138  0.31344704847101112
  0.32521349189708887  0.33670966878828790  0.34718732706602357  0.35712301252522649
  0.36720427453809235  0.37721194168970335  0.38686680052282224  0.39664549834416490
  0.40644375542874739  0.41604412449017153  0.42571242586708208  0.43567581229165292
  0.44613826909732751  0.45694013295329045  0.46824684823926704  0.48102876782445902
  0.49434617761574184  0.50659904600843930  0.51597878921892171  0.52578585650606791
  0.53582666237860388  0.54600799619936469  0.55567403528267489  0.56529298534599592
  0.57504441118000726  0.58516371719410065  0.59593840499603845  0.60678268318274364
  0.61763171048165666  0.62915626084100684  0.64140534548840344  0.65340314678157996
  0.66494757639779445  0.67657465300682762  0.68799007429587056  0.69874401950544884
  0.70914084120361220  0.71977266865455269  0.73055606214100843  0.74102452312755940
  0.75113297016798108  0.76117629316827529  0.77151216223072283  0.78246537651548753
  0.79367128166158007  0.80450646019952743  0.81571443608493777  0.82704078804136028
  0.83859451197820967  0.84938272561499994  0.85931789046633245  0.86863289244087938
  0.87775701289991992  0.88706827822058176  0.89646388655800380  0.90659596236807705
  0.91751487384838881  0.93017278118883329  0.94287938135122706  0.95535249144322520
  0.96687329270114875  0.97812736819069146  0.98883218408536655  1.00000000000000000
  0.06856807878999195  0.10102389808599006  0.13170129313500428  0.15462831099912730
  0.17370782050366557  0.18993683930714797  0.20539086839104501  0.21767604483448039
  0.22887663286169388  0.23984715849048310  0.25050163174290796  0.26076760896755957
  0.27096459529757910  0.28177913775727620  0.29267918044877911  0.30370447128202516
  0.31473102147512932  0.32597517718087349  0.33688328173268722  0.34729018940451511
  0.35719752162767671  0.36675421341109610  0.37648700103534177  0.38551378040721229
  0.39427362890367018  0.40256396817704865  0.41074707379806208  0.41876574375964881
  0.42651217872869579  0.43433024161073269  0.44208145192758952  0.45025935919263521
  0.45861300501375768  0.46702850707538512  0.47531267850730491  0.48323471456250089
  0.49097656642155640  0.49880674307874717  0.50716017368295019  0.51565095276598949
  0.52402085715339086  0.53210644868877044  0.53997802555012397  0.54782395650357418
  0.55565032142641624  0.56313718468803553  0.57005774761066308  0.57670990928115495
  0.58350013442745752  0.58979626981081301  0.59615700255250204  0.60252514955896697
  0.60886654759385472  0.61534616339473414  0.62168966346734822  0.62801739937337187
  0.63428385696213752  0.64043079304190931  0.64650837629213520  0.65253663434261333
  0.65857485452358777  0.66481881058611347  0.67144722651274102  0.67847982101682158
  0.68562064071149653  0.69253368666203396  0.69957305780226431  0.70637251451242788
  0.71401934772953257  0.72136352477943400  0.72860246342270185  0.73593009387806796
  0.74320105438285067  0.75074396759655648  0.75880948964897177  0.76716831035686750
  0.77560908286572938  0.78403713952119136  0.79234379499670893  0.80053807636620355
  0.80863587470895071  0.81663108465566714  0.82440843354214399  0.83241847561505788
  0.84080496867252108  0.84977840955238160  0.85910173493810782  0.86971311970803522
  0.88072724407498792  0.89142869595748142  0.90207017044161109  0.91325887882874079
  0.92609341552887003  0.94153630515299747  0.96165903237740757  1.00000000000000000
 -0.01975309529519793  0.11360760792624841  0.15116995966755672  0.17277363220219860
  0.19095045158571503  0.20765824656742740  0.22181367588278733  0.23465048092199470
  0.24638686363030143  0.25748014950317272  0.26826458023031974  0.27911727227787098
  0.28948576926179737  0.29950439383186472  0.31025556714911129  0.31966045948756600
  0.32861157149475861  0.33703424277632210  0.34509176351870302  0.35327371708077437
  0.36064809069271309  0.36773746354583997  0.37461941194952858  0.38095011871447176
  0.38725005185627459  0.39347476922764629  0.39978134758340489  0.40623614734711766
  0.41256574751143643  0.41895485178572778  0.42548224251247374  0.43216721250703294
  0.43886619178149588  0.44544554036068429  0.45194322672711584  0.45843915121957407
  0.46495054514350004  0.47148796678730404  0.47807746387705302  0.48431175620845646
  0.49042109374365628  0.49646261783255691  0.50235261510901741  0.50838775029451599
  0.51431952016372251  0.52011331409057293  0.52573145160063361  0.53112819534618982
  0.53649159584999839  0.54194982304462458  0.54739728159409207  0.55292595927592469
  0.55844377446758797  0.56442404191405093  0.57070239622942809  0.57707217372599684
  0.58315996286143468  0.58895292320671766  0.59465234873765649  0.60051098231968736
  0.60678044997939284  0.61361123694296649  0.62079393845191877  0.62772832986548388
  0.63411208831053356  0.64079742253007188  0.64761477734328921  0.65472009500459172
  0.66171201024408943  0.66841942342558414  0.67482290721334726  0.68125037620404449
  0.68779671344295867  0.69446574117955406  0.70121816601745235  0.70799521318193082
  0.71472340993857719  0.72145190624927602  0.72841332376353884  0.73568371680456868
  0.74324012476374279  0.75099787461720702  0.75996858207157747  0.76902888291301219
  0.77821858504318497  0.78790808942232227  0.79800105982686687  0.80820929139322661
  0.81808791363016875  0.82831990438830216  0.83984329612941544  0.85315539985185984
  0.86894851237295556  0.89017600277449438  0.92441966533157249  1.00000000000000000
   7.3685408063032855E-010  -1.0000000000000000     
 F F F F F F F F F F F F F F F F F F F F F F F F F F F F F F F F F F F F F F F F F F F F F F F F F F F F F F F F F F F F F F F F F F F F F F F F F F F F F F F F F F F F F F F F F F F F F F F F F F F F F F F F F F F F F F F F F F F F F F F F F F F F F F F F
  <DiscreteSampler_grid>
  grouped_processes
  1 # 1 for a reference and 2 for a running grid.
  10 # Attribute 'min_bin_probing_points' of the grid.
  1 # Attribute 'grid_mode' of the grid. 1=='default',2=='initialization'
  0.0000000000000000 # Attribute 'small_contrib_threshold' of the grid.
  0.5000000000000000 # Attribute 'damping_power' of the grid.
 # binID   n_entries weight   weight_sqr   abs_weight
    43   10   5.941680414110688E+002   1.403224933626578E+006   5.941680414110688E+002
    44   10   5.941680414110682E+002   1.403224933626579E+006   5.941680414110682E+002
    46   10   3.175126800467668E+001   4.007106297547287E+003   3.175126800467668E+001
    47   10   3.175126800467665E+001   4.007106297547286E+003   3.175126800467665E+001
    49   10   1.111878937818378E+004   4.913870679089659E+008   1.111878937818378E+004
    50   10   1.111878937818377E+004   4.913870679089656E+008   1.111878937818377E+004
    52   10   5.941680414110688E+002   1.403224933626578E+006   5.941680414110688E+002
    53   10   5.941680414110681E+002   1.403224933626577E+006   5.941680414110681E+002
  </DiscreteSampler_grid>
