  0.00000268123868039  0.00000281616162021  0.00000292167969916  0.00000301074242170
  0.00000310917586647  0.00000321559028850  0.00000333184322673  0.00000344130318490
  0.00000356171985830  0.00000369991789040  0.00000386042477350  0.00000403151709405
  0.00000421560886176  0.00000440106678102  0.00000464723246658  0.00000491383496926
  0.00000518255351743  0.00000545228498276  0.00000568922711211  0.00000585136939480
  0.00000604209312436  0.00000624269802653  0.00000644507026624  0.00000671260088858
  0.00000725969757297  0.00000774650079893  0.00000818356576968  0.00000862254588840
  0.00000908891893318  0.00000955039045068  0.00000998319398894  0.00001043514969097
  0.00001091699362628  0.00001140236994537  0.00001189812828945  0.00001252140039124
  0.00001313831750889  0.00001374088371622  0.00001422573964955  0.00001469230728684
  0.00001520979323602  0.00001579640355003  0.00001636193692155  0.00001691382169950
  0.00001773080980815  0.00001862259817979  0.00001954665499039  0.00002050375292634
  0.00002146298007680  0.00002243830256977  0.00002350472257911  0.00002473338813975
  0.00002594581652303  0.00002736862541724  0.00002886315984254  0.00003036266536751
  0.00003245617521922  0.00003482111089116  0.00003746695033683  0.00004024759297458
  0.00004285279653368  0.00004519475245748  0.00004758496681276  0.00005015426473474
  0.00005279459868615  0.00005547959607801  0.00005829022832114  0.00006095179481706
  0.00006406433862785  0.00006742769594647  0.00007059467723509  0.00007368432021766
  0.00007698461861890  0.00008080857315208  0.00008492565990002  0.00008982587257843
  0.00009500400164291  0.00010001585358006  0.00010546284231674  0.00011307055093764
  0.00012240906534150  0.00013420316557346  0.00014522313728309  0.00015767365580675
  0.00017385566240899  0.00018829736694654  0.00020274054469883  0.00022639513356931
  0.00028056612441559  0.00034129211846939  0.00041832484805599  0.00056199602080744
  0.00087604452805459  0.00264408440005032  0.05646136350626497  1.00000000000000000
  0.00000105663237733  0.00000584043709646  0.00000907944444316  0.00001050866264058
  0.00001178265115149  0.00001301186807966  0.00001490020936164  0.00001737946626003
  0.00001975418936946  0.00002216175449035  0.00002463201127121  0.00002744047012366
  0.00003007777345948  0.00003316167715904  0.00003598940759407  0.00003892517976634
  0.00004187803431155  0.00004481710313174  0.00004796895224160  0.00005141576924101
  0.00005481706663430  0.00005823531903761  0.00006169383388446  0.00006518746250066
  0.00006915915243739  0.00007334395941552  0.00007738111611894  0.00008189164652572
  0.00008672471776191  0.00008972896456312  0.00009301305554607  0.00009692993976309
  0.00010092890434812  0.00010437433570723  0.00010750025556554  0.00011072194442224
  0.00011412708844932  0.00011720792503915  0.00012045604896193  0.00012418296208132
  0.00012787895582218  0.00013076429036151  0.00013375981518337  0.00013692430331709
  0.00014059119551353  0.00014552413909138  0.00015080475249631  0.00015666335628514
  0.00016334647248370  0.00016964262404703  0.00017535695361518  0.00018125794313595
  0.00018795034269854  0.00019570065203972  0.00020421046274821  0.00021290560291025
  0.00022067296135708  0.00022749539475490  0.00023434825883424  0.00024130646701613
  0.00024933409484413  0.00025948646329203  0.00027179256835508  0.00028367370441646
  0.00029400904606519  0.00030451406970076  0.00031558076881247  0.00032770934293706
  0.00034290602351323  0.00036193111927090  0.00038475959084337  0.00040884331909463
  0.00043236777245326  0.00045442840740852  0.00047836821577373  0.00050534026158287
  0.00053299697452588  0.00056424699496906  0.00059965528524853  0.00063182073491009
  0.00067661116489194  0.00072044449170218  0.00077149704494025  0.00083097190117859
  0.00090156239435653  0.00100241894583406  0.00114079223672155  0.00131451329452818
  0.00155517967557631  0.00187578377643879  0.00232157400449080  0.00290943110754934
  0.00368098734600273  0.00451367003214647  0.39473392031141652  1.00000000000000000
 -0.00173281722515235  0.00850589426083253  0.01755361074560058  0.02736750107225791
  0.03845711787500919  0.05151773101453890  0.06432413981001008  0.07677342320924814
  0.09035980626500420  0.10496247642393823  0.11408344726562224  0.12074776034451214
  0.12762327151974825  0.13520683706829384  0.14303102058427164  0.15104261311593201
  0.16303052012255972  0.17743123229737973  0.19080094472524825  0.20208444424230793
  0.21423386431756483  0.22665058770922933  0.24012521507082066  0.25259746328452554
  0.26511863724772405  0.27558016770351335  0.28453465077623785  0.29376919998068313
  0.30278079132404101  0.31199442630717583  0.32276462273611151  0.33544890935930682
  0.35204086477040919  0.36933642914683296  0.38427046033344814  0.39660536328941215
  0.40749060568227757  0.41866969535354981  0.42985706336676988  0.44031679897073217
  0.44821548983128767  0.45708278316787432  0.46479188794825610  0.47153893258346136
  0.47794644288966842  0.48506909863137126  0.49252376843700935  0.50039357691304120
  0.50937214433977529  0.51879639057710614  0.53029941006277426  0.54203897769173703
  0.55340941139694699  0.56439325246615035  0.57585474384381363  0.58787052612158452
  0.60109191753571245  0.61477693961797297  0.62922799206124513  0.64105458906356227
  0.64944533139549732  0.65711829015005130  0.66484675079860323  0.67178082417436136
  0.67876269825323488  0.68786099787747645  0.69676769946826078  0.70595208754274308
  0.71473961937733665  0.72133292371418556  0.72690922686209436  0.73257290007288822
  0.74061156725703969  0.75057433770062343  0.75886938098772783  0.76859761799242154
  0.78236932215762356  0.80083146019415896  0.81777577012296165  0.83366522467979065
  0.84766093868959691  0.85816197153119433  0.86680929771291315  0.87444043902329061
  0.88201899252606619  0.88985148464246722  0.89788876247797833  0.90638521125860583
  0.91770823141603020  0.93043978256989157  0.94274865911573369  0.95390159372769379
  0.96457956043799109  0.97576652882581072  0.98746740943636813  1.00000000000000000
  0.00008471272671588  0.00010155093253280  0.00011838913834972  0.00013522734416664
  0.00015206554998356  0.00018401275358254  0.00021741500656374  0.00025081725954493
  0.00028421951252612  0.00031806917346729  0.00035201047854854  0.00038595178362980
  0.00041989308871105  0.00045284059541489  0.00048555899994990  0.00051827740448491
  0.00054670400564744  0.00057043648532793  0.00059416896500843  0.00062017622327106
  0.00064677117406274  0.00067384927043436  0.00070165046951185  0.00072946559474116
  0.00075739309727165  0.00078532059980214  0.00081510612209032  0.00084527128315701
  0.00087630699895885  0.00090768202416469  0.00093918242087046  0.00097073910465479
  0.00100895510939886  0.00105041511539592  0.00110151957389885  0.00115655043153456
  0.00121077034180698  0.00126447884139993  0.00131924617564896  0.00137523565105972
  0.00143412831270597  0.00149732713342264  0.00157605947668445  0.00166620951598668
  0.00176534482170517  0.00186659475329004  0.00197047217839722  0.00208110269854118
  0.00220424566697387  0.00232892512792804  0.00244090361986419  0.00255774328923319
  0.00267756290185831  0.00280402313704085  0.00294520185719830  0.00310518083420625
  0.00328382946283702  0.00347506201426076  0.00365859132302607  0.00388059088841201
  0.00410109006702215  0.00430278227752301  0.00448349257425873  0.00465864215877607
  0.00483572257498458  0.00503346401414853  0.00527431264554465  0.00553983775995699
  0.00580525924895756  0.00605615272337391  0.00629686646541654  0.00655369701293139
  0.00673857515248031  0.00696004400826958  0.00724137935579435  0.00749715203062868
  0.00772684881902699  0.00796972732866352  0.00832928654769084  0.00886852354573905
  0.00949957977505069  0.01084597854112736  0.01195198737455950  0.01259820812109170
  0.01306452704066915  0.01381902783491965  0.01460264638553594  0.01539202026340144
  0.01636208825999931  0.01855379689984448  0.02081270441940329  0.02431594092793006
  0.02678680244180560  0.02920091242460514  0.03809044538004287  1.00000000000000000
 -0.00250142090152808  0.00949544976634107  0.01916046110941544  0.02739943778402703
  0.03372838111927046  0.03990218717314457  0.04634085238341466  0.05359196379632913
  0.06245808779922069  0.07202063231365857  0.08103519777422742  0.08925816154144080
  0.09797466114833848  0.10703841597533986  0.11637385195358316  0.12686220896827313
  0.13807285840534941  0.14879741151728307  0.15734400263249804  0.16517521065338850
  0.17353931690216309  0.18252337996224383  0.19155914491207990  0.19970540037670159
  0.20790445540029664  0.21771784871788691  0.22719606823756050  0.23638513859939864
  0.24610241452289797  0.25729847944648049  0.26905364766382472  0.28116587879346683
  0.29320168215315895  0.30481595955769375  0.31629657787365151  0.32832495982225479
  0.34212705399565130  0.35820183646453108  0.37382997993006506  0.38875959509506391
  0.40034879480530822  0.41087258090459045  0.42157860865269625  0.43420036056660821
  0.44599362663877734  0.45877824393440847  0.47346486198316801  0.49132986883953705
  0.51375078898541804  0.53353714924771578  0.54890394933322117  0.56159385445730325
  0.57241943621264779  0.58399568795428103  0.59406393455036155  0.61059279992613780
  0.62523833804967899  0.64242328294693751  0.65751570140082327  0.67386928170755944
  0.68842788467284477  0.70094881095487882  0.71425568823778862  0.72746054200251953
  0.73730888806554995  0.74664262446293361  0.75607188048803631  0.76567563798693383
  0.77457836645419476  0.78058880214019755  0.78653685364396675  0.79198221999674445
  0.79892261093426975  0.80799816847896822  0.81906447307132124  0.83055898934428352
  0.84183196218179090  0.85262797558355485  0.86294132574278748  0.87262277791693033
  0.88205262046361133  0.89233019945575875  0.90163346397374167  0.91057231778841152
  0.91969271845868705  0.92863740785003335  0.93715922455703449  0.94562710782137183
  0.95571483278833569  0.96355058669770410  0.96887280280013721  0.97447196317548224
  0.97939324253223625  0.98558964073356703  0.99276000165587741  1.00000000000000000
  0.07314491529212908  0.17918329865822974  0.23624381423113777  0.27799846883359913
  0.31363417626999840  0.34413609383485261  0.37228956212401554  0.40122718914243755
  0.42631655037215715  0.44937685203868399  0.47135970832263552  0.49183320065527036
  0.50945982833191850  0.52569978826110764  0.54232266231858683  0.55922330667164055
  0.57639078538927446  0.59356173418484470  0.60967968699547492  0.62344364670433694
  0.63670061112109611  0.64958577207850998  0.66107334914967231  0.67039937546091044
  0.67974166619269882  0.68896395273589861  0.69878371256613780  0.70763018641188891
  0.71576373582318087  0.72325156956711345  0.73114219044596562  0.73867756062817957
  0.74609058134108208  0.75280686530256480  0.75920675089334477  0.76621090255773161
  0.77444734724115138  0.78357204060248997  0.79292946414002285  0.80053353530187554
  0.80706139040238167  0.81320433368801115  0.81963866463877677  0.82450497315373705
  0.82814015762870374  0.83161932038248931  0.83540343688450946  0.83952371161515205
  0.84389012539499986  0.84884558582995584  0.85394568336923549  0.85917880523065260
  0.86454518898316413  0.87020118161649107  0.87603563788902139  0.88087538311500047
  0.88492014882952919  0.88869282887207079  0.89244287635002550  0.89618992630947136
  0.89969538513935943  0.90295398863742105  0.90639681710817033  0.91014032263294986
  0.91393685577530093  0.91811168550322697  0.92203762266809453  0.92538140759246557
  0.92827344793193434  0.93042773792632538  0.93271662470005312  0.93521021783699665
  0.93790420716330825  0.94039947027588422  0.94284661823684057  0.94538788323616496
  0.94830304034683355  0.95171503942135305  0.95488948883606584  0.95727336375777672
  0.95933925346693372  0.96146062309805791  0.96359329811361949  0.96606368268433440
  0.96962827387903672  0.97277103179419888  0.97564197128977181  0.97751606912446720
  0.97929720839652534  0.98157507778705499  0.98343084972544681  0.98524583148290312
  0.98709417963536616  0.98918866489047863  0.99334204203152565  1.00000000000000000
 -0.02685959629158158  0.16316753567897632  0.21047492283114461  0.24835678872961223
  0.27910862607060583  0.30231184603535882  0.32387356063215772  0.34496389587758558
  0.36251628764051591  0.38066616786761293  0.40175860989657447  0.41899222065286901
  0.42972397588485112  0.43806821019590247  0.44469123881361922  0.45117438906609958
  0.45824264395015685  0.46784051861496834  0.47863292384104456  0.49017275967051432
  0.50121263380036396  0.51185764371817644  0.52200938316134293  0.53157226561178372
  0.54046279369808747  0.54879810741614721  0.55701244394360394  0.56559558152787548
  0.57433310534572901  0.58307396438417480  0.59208780545703410  0.60098359576194316
  0.60985121649705998  0.61737709727311774  0.62413795651764736  0.63029283018664140
  0.63613328655103851  0.64142326277022699  0.64593282255916074  0.65028254839909450
  0.65369374057709839  0.65683036164300246  0.66037327851523298  0.66370627139574212
  0.66688248851642595  0.67007545069004526  0.67329713794205204  0.67638010383433256
  0.67962368609102319  0.68341724747693389  0.68723962371092928  0.69132434175734336
  0.69528027400421455  0.69896291302874702  0.70287470619826165  0.70709568967658698
  0.71141929165005446  0.71569521320882157  0.71951678256193297  0.72370921041267078
  0.72868152872683944  0.73488137503633177  0.74175608175854491  0.74691389127209185
  0.75217289823396849  0.75707649056101523  0.76204295000071309  0.76666522611275745
  0.77130970621323813  0.77629820977015307  0.78167834209427944  0.78727863460485314
  0.79309128125734329  0.79738007960817814  0.80200941961791472  0.80634197679659803
  0.81039287544449090  0.81421690213040898  0.81807987789839531  0.82277077019285993
  0.82775977121655064  0.83335886104268886  0.83932606241668650  0.84542749829919606
  0.85104521325096083  0.85766662283758044  0.86555694527772942  0.87350697178666359
  0.88120118299275596  0.88952624040812567  0.89807829393446226  0.90708700269641662
  0.91672204372182742  0.92947167755914895  0.95284729572796134  1.00000000000000000
   9.9031465052186310E-008  -1.0000000000000000     
 F F F F F F F F F F F F F F F F F F F F F F F F F F F F F F F F
  <DiscreteSampler_grid>
  grouped_processes
  1 # 1 for a reference and 2 for a running grid.
  10 # Attribute 'min_bin_probing_points' of the grid.
  1 # Attribute 'grid_mode' of the grid. 1=='default',2=='initialization'
  0.0000000000000000 # Attribute 'small_contrib_threshold' of the grid.
  0.5000000000000000 # Attribute 'damping_power' of the grid.
 # binID   n_entries weight   weight_sqr   abs_weight
    31   10   1.029767599636481E+001   5.269893579515166E+002   1.029767599636481E+001
    32   10   1.029767599636479E+001   5.269893579515162E+002   1.029767599636479E+001
    34   10   1.927025395314811E+002   1.845432968139781E+005   1.927025395314811E+002
    35   10   1.927025395314806E+002   1.845432968139781E+005   1.927025395314806E+002
    37   10   5.502892239195656E-001   1.504892283755476E+000   5.502892239195656E-001
    38   10   5.502892239195638E-001   1.504892283755473E+000   5.502892239195638E-001
    40   10   1.029767599636481E+001   5.269893579515171E+002   1.029767599636481E+001
    41   10   1.029767599636479E+001   5.269893579515167E+002   1.029767599636479E+001
  </DiscreteSampler_grid>
