  0.00954093259098333  0.01462679417126840  0.02181650276688204  0.02978440325641104
  0.03895592982111032  0.04963367624350966  0.06179325588307923  0.07497588166046655
  0.08810902500767376  0.10090067305944722  0.11242480006425519  0.12292394484194116
  0.13316580639117653  0.14351740178048722  0.15508715852096502  0.16625507731927244
  0.17718028519109166  0.18948803669299880  0.20069392139915535  0.21281449945562711
  0.22313957293465453  0.23420773149798538  0.24544887807858223  0.25581774445345373
  0.26707670979539361  0.27762443369297829  0.28747858005295590  0.29608257948837746
  0.30375595583984011  0.31154288392691060  0.32068668968157099  0.33136846559777666
  0.34286590855494792  0.35418599122563055  0.36291971741666934  0.36951553115338032
  0.37580136069278941  0.38402492697480106  0.39466159258595562  0.40432646591714538
  0.41416236959298469  0.42463902848152651  0.43562116635577225  0.44798119966159350
  0.46007359847414642  0.47058844185209825  0.47956366407685269  0.48813843828574233
  0.49644377947612184  0.50356404781251229  0.51096670686847845  0.51800405417957063
  0.52579082757269446  0.53520491950064808  0.54462602576488117  0.55512917185759947
  0.56619049968976021  0.57728217426216122  0.58895964804174372  0.59911441772382068
  0.60780360686666146  0.61771366509361836  0.62747094353712374  0.63759178537614880
  0.64944594057042149  0.66229187817305624  0.67560417488130120  0.68871551246401086
  0.70049385868597258  0.71108769650803882  0.72074058240318706  0.73066791881986959
  0.74016133483465663  0.74908650910244068  0.75876875870385685  0.76913748742849697
  0.78060998554450245  0.79362868196150860  0.80754484867602272  0.82021501431174493
  0.83283704193479902  0.84706220298075141  0.86302995641831293  0.87758560243580019
  0.89126425401712661  0.90181359460594379  0.91083447081310909  0.92021053938926711
  0.93022158357817109  0.94070212892884242  0.95088910093291890  0.96133438720052355
  0.97267384500566989  0.98454162032959847  0.99016957068721423  1.00000000000000000
  0.00010633690037779  0.00011174775744592  0.00011347801911485  0.00011458370848667
  0.00011564890964735  0.00011675713889835  0.00011801793764184  0.00011933037235145
  0.00012048983928871  0.00012139487998965  0.00012236369261019  0.00012337926456829
  0.00012443486810082  0.00012537196397420  0.00012629259863279  0.00012729804995914
  0.00012837848340724  0.00012943325272335  0.00013042927180043  0.00013138131224904
  0.00013228065525748  0.00013322187481091  0.00013424280123411  0.00013530484833422
  0.00013643165106572  0.00013770200216088  0.00013913570648458  0.00014067023339673
  0.00014226052443479  0.00014377923464525  0.00014530717920904  0.00014683905647281
  0.00014833467475213  0.00014974168034207  0.00015097898236694  0.00015222211475160
  0.00015358959179247  0.00015509470183101  0.00015684185183377  0.00015857020427923
  0.00016031836354389  0.00016211206464314  0.00016418065190408  0.00016642730721698
  0.00016901083775230  0.00017169552943171  0.00017445447564575  0.00017738161081243
  0.00018052090064751  0.00018378115312265  0.00018697394527528  0.00018988193779573
  0.00019278421226921  0.00019632345844407  0.00020032662407224  0.00020435646082410
  0.00020828747353228  0.00021261881776534  0.00021596876199212  0.00021919653381505
  0.00022293549633465  0.00022700643065368  0.00023182334059963  0.00023740764272864
  0.00024284928139822  0.00024866844625517  0.00025501636475487  0.00026170450526569
  0.00026836921306892  0.00027482991852261  0.00028127104084047  0.00028796018254270
  0.00029528576204689  0.00030415864435672  0.00031480866451288  0.00032737257893069
  0.00034132549863435  0.00035587153865417  0.00037104717892494  0.00038735160316976
  0.00040365624552106  0.00042030081940216  0.00043884049435108  0.00045989720160061
  0.00048490880432007  0.00052039364030700  0.00055429128102497  0.00059638168092570
  0.00064458902850094  0.00070734449831599  0.00079946255178509  0.00094274083225455
  0.00112128605241310  0.00132424332590517  0.04739929028367152  1.00000000000000000
 -0.00008273427347327  0.00105764455114910  0.00323048650770191  0.00635346906139108
  0.01011552511263357  0.01401401678663797  0.01893426013475250  0.02371739670133867
  0.02971885158615396  0.03757956449013350  0.04620118168006284  0.05483786280598924
  0.06295961508518852  0.06989366637191341  0.07728480063456714  0.08504640054446994
  0.09285989522204809  0.10126805886857791  0.10879245866324354  0.11603218763691868
  0.12423392000682479  0.13337371080845706  0.14280923206602109  0.15215503415372342
  0.16086428546205359  0.16980711744779264  0.17963275791128502  0.18983896744319165
  0.19740680436375924  0.20504221206411438  0.21377993275145896  0.22251307589606995
  0.23153958352073195  0.24106582498749279  0.25061914155955395  0.26101587878977445
  0.27298735628466753  0.28646984774668161  0.30109188841204992  0.31618304865863617
  0.32965208746545627  0.34244924790668740  0.35419529008033751  0.36426683171922519
  0.37322609165952664  0.38251267935451183  0.39247103942760603  0.40608637942336834
  0.42048521007898837  0.43375419890832789  0.44615223180375785  0.45709930540221649
  0.46730121418970588  0.47809907707755656  0.48939408184992805  0.49953248604157691
  0.50939073061832985  0.51916821567887594  0.52867640816814521  0.53918211918451187
  0.54910619805218719  0.55888909246942531  0.56821302318466704  0.57900010010356662
  0.59107325131159794  0.60361133437011694  0.61621826872333596  0.62816803790330655
  0.63883135269697577  0.64908321626190224  0.66044351175533911  0.67213532811623700
  0.68475275577676542  0.69851590800793961  0.71083779661497148  0.72310894316700369
  0.73626096266470820  0.75021641347900381  0.76468614778248645  0.77929723730147271
  0.79374432226437952  0.80652055365412967  0.82065865867934840  0.83555476053553490
  0.85120809455055213  0.86805514340750090  0.88516876458325944  0.89948663526485351
  0.91363576137392555  0.92718046834146339  0.94099629062430823  0.95422956333520015
  0.96704795742957450  0.97837281674052279  0.98914254156772896  1.00000000000000000
 -0.00215647954638166  0.00881190808528949  0.01832656577615032  0.02904161949605811
  0.03786875432196301  0.04661885648149827  0.05524452971404400  0.06528688721742293
  0.07648154085223968  0.08816671042349365  0.10014164200972203  0.11124727907336164
  0.12199310141861559  0.13350455366181135  0.14481532427350535  0.15430013782360491
  0.16316453142251189  0.17181648844115646  0.18122768202562517  0.19182604539436773
  0.20311602941105136  0.21539431383581059  0.22695465024509170  0.23701446260396739
  0.24666360905059970  0.25563204664326766  0.26568384206549633  0.27731564284309451
  0.28900724534272049  0.30043920536349045  0.31011510076570603  0.31814399066425686
  0.32706252977374173  0.33762689076878966  0.34708409429983800  0.35651326529946276
  0.36544901662899160  0.37463673603229519  0.38493810862603439  0.39523147679432458
  0.40753050527923718  0.42077148260562580  0.43209187282703854  0.44105884133448109
  0.44923323722554032  0.45747665890780848  0.46794466557260683  0.47888784250728389
  0.48804559529809399  0.49805666031007678  0.50894159493146551  0.51966401272511953
  0.53414802935609851  0.54710231988341396  0.55998825288512266  0.57247041940904775
  0.58427642027865123  0.59418620450689630  0.60430430285155956  0.61421745498090174
  0.62282641744783385  0.63256361209824430  0.64117061348063420  0.65052406119774842
  0.65968572466507747  0.66821707055623580  0.67871471991249344  0.68847659037339459
  0.69619947931761850  0.70436193254640467  0.71245939489104360  0.72114006690589605
  0.72993047762566854  0.74159082184615155  0.75432177440574344  0.76854211050094223
  0.77980918527810283  0.79147452627885750  0.80487885061345654  0.81751888404328088
  0.83065129160164963  0.84275655593227761  0.85252777614683550  0.86289889673376863
  0.87278054288981366  0.88236012262350372  0.89363155298281127  0.90582084898014870
  0.91747370086455238  0.92815629538693079  0.93832330475042702  0.95036833162558310
  0.96210686195296680  0.97393282929317238  0.98619416558365025  1.00000000000000000
 -0.00671098115361766  0.04126171710277411  0.07320630265250617  0.09866971446085544
  0.12078958682881989  0.14032249026173155  0.15939828452885085  0.17680624864499778
  0.19430338623234678  0.21321468316525155  0.23176321124538399  0.24898891611820367
  0.26365828288394838  0.27834049064298194  0.29400041268768146  0.30854947608220135
  0.31987675191072124  0.33186095396265947  0.34433775733455591  0.35663541589125669
  0.36827594944354153  0.37986448284665714  0.39187513497890536  0.40423161624034198
  0.41735673642241339  0.43044994901023487  0.44263682867618792  0.45466819246031498
  0.46513627213730296  0.47590786804071122  0.48657992894632124  0.49675212445671807
  0.50929505258296914  0.52120864573908543  0.53267295405716675  0.54386659096937962
  0.55519429384467056  0.56533182741817434  0.57420262552410117  0.58325122611541091
  0.59115843647191613  0.59812600902541524  0.60427527845062978  0.61117538085836565
  0.61745197903678384  0.62494203522645486  0.63482355662135959  0.64481108472342052
  0.65305815327284955  0.65999724876566268  0.66731569427527371  0.67570584468258255
  0.68512401907105791  0.69371636627213606  0.70153473701391522  0.70918094654863850
  0.71747013296471829  0.72581414771461561  0.73434971597460430  0.74242667107141980
  0.75016681212543279  0.75862763003904876  0.76737270096347354  0.77588790859828138
  0.78438510130884687  0.79242410739796187  0.79935824533284749  0.80521778141689593
  0.81070993771219879  0.81696481811964816  0.82336026970177190  0.83030227095442199
  0.83797668694890937  0.84435414477207515  0.84942736949835529  0.85451309314429491
  0.85928420162695140  0.86401881947900838  0.86990451223958853  0.87761983660298193
  0.88583270270903702  0.89311624492529029  0.90069487427830630  0.90827438948721173
  0.91622205897367848  0.92375132808817695  0.93165106119901031  0.93947405760000768
  0.94648183149816445  0.95318991147713306  0.95923975820776475  0.96740553724240941
  0.97697125429977438  0.98533220197741422  0.99270255562906973  1.00000000000000000
 -0.00213319244269005  0.01007570110045644  0.02003398516402910  0.02967282511796540
  0.03967685181550574  0.04885054788444528  0.05762446451629134  0.06749849813124242
  0.07833356552190425  0.09026501731782273  0.10076115797302002  0.11171948546160122
  0.12255169408974941  0.13241199582489066  0.14294652907854466  0.15380001211322528
  0.16547544748756438  0.17725468640301636  0.19030274131584787  0.20370507866589810
  0.21839913263419378  0.23226752298809888  0.24428356045336611  0.25414119039320443
  0.26410102166952859  0.27356447533514144  0.28487857043882869  0.29669788598036534
  0.30838032652008157  0.32019179752863491  0.33101157681715310  0.34167874805274701
  0.35128939093209344  0.35950983540633885  0.36848169009344850  0.37888519970595469
  0.39152909745959458  0.40341814749152544  0.41480454502417435  0.42575893644634089
  0.43630521393601479  0.44716668627126055  0.45825343052522977  0.46865842085090759
  0.47763127497455488  0.48612267066838538  0.49668593002733491  0.50778276847244253
  0.51819032090366735  0.52776629288138266  0.53746695353232044  0.54651682284337399
  0.55451522683343724  0.56294978330164103  0.57213573742330459  0.58137539335627153
  0.59004228208135379  0.59822242124099878  0.60614301729936182  0.62062926361753301
  0.63500555670867054  0.64769788385759930  0.66016616204403600  0.66986539005926393
  0.67792954732633959  0.68552953600004596  0.69453413762506688  0.70390561788538464
  0.71404806544343957  0.72437726659992130  0.73469945048372765  0.74375925782088370
  0.75379099021123885  0.76339341344048806  0.77342169000374539  0.78346184422623144
  0.79341865279017376  0.80356469591336344  0.81379154824786226  0.82399045880322486
  0.83529102861834104  0.84665909066057032  0.85770323300571871  0.86862221908954462
  0.87930496586896301  0.89030208559797175  0.90197924433661636  0.91420227940889476
  0.92683638383886435  0.93846600728939300  0.94792741400850078  0.95789363449723464
  0.96828940374070704  0.97887792323963352  0.98918228546519937  1.00000000000000000
 -0.00014831800759211  0.00583558960094137  0.01123522579846187  0.01693498950979001
  0.02278998837084288  0.02961812293274353  0.03550101009447698  0.04163874634013927
  0.04763745423366541  0.05363937604379220  0.05951517039507976  0.06530957811277696
  0.07178213003934800  0.07793131046509577  0.08410951705463968  0.08959667687859824
  0.09470677111812033  0.10034396508781739  0.10611435826169741  0.11260385019194277
  0.11891783840811121  0.12609643903012699  0.13384250077219090  0.14085999389053638
  0.14562070500521787  0.14958823927968079  0.15346290358225795  0.15874100936697896
  0.16501644252865577  0.17003257094059826  0.17436606402056745  0.17869865758268555
  0.18381587519346546  0.18901884537581864  0.19380609352367398  0.19835664201158815
  0.20291514827040041  0.20729103563887533  0.21284838253026694  0.21876042787005140
  0.22505844606355713  0.23191187556210138  0.23896917271789958  0.24545811024257347
  0.25275463922879482  0.25993471568911414  0.26829374538136819  0.27775619570028787
  0.28775276012965118  0.29714500493122126  0.30578894877286106  0.31426633566689127
  0.32234467786867677  0.32983769086047560  0.33684560540956521  0.34340068165437482
  0.35014778814160608  0.35796988586701228  0.36714148481011555  0.37751910440102632
  0.38763339830696680  0.39785444912829265  0.40854638299932877  0.41943005677067607
  0.42988308468859737  0.44055573479819199  0.45056973768169684  0.45997668860531721
  0.46926510517327308  0.47873213183701091  0.48892430621401456  0.50230254237555538
  0.51714823030312795  0.53160580195946516  0.54468138385831599  0.55671447186443335
  0.56837507867783055  0.58059580135671029  0.59477420468350783  0.61110014451098971
  0.62725999717491110  0.64240335769128987  0.65861959484342902  0.67697567014078430
  0.69781066394917057  0.71720813284263740  0.73459457370732151  0.75098244213558318
  0.76703275034303686  0.78741659356558913  0.81613764933374355  0.84387438445220175
  0.86610589600202659  0.88430267104393590  0.91964761963554487  1.00000000000000000
 -0.00262277519246891  0.00967124771779038  0.01754697097545347  0.02530232146834151
  0.03332792441449458  0.04179422530095158  0.05014378140097597  0.06296321069667829
  0.07548773303846341  0.08722673924835879  0.09877570884764687  0.10715473718043805
  0.11757365639781341  0.12636399537516699  0.13541084999255790  0.14484076820105421
  0.15419103880971152  0.16368782312921618  0.17180069561157726  0.17914643853766990
  0.18618762824458165  0.19510532080627160  0.20612625664397932  0.21800919310378580
  0.23080895267860729  0.24409170543354139  0.25534567016762055  0.26394411069321133
  0.27136773846900136  0.27982438421586381  0.29022773802705998  0.30281017413156902
  0.31656879211465316  0.32902423733791730  0.34077618114345998  0.35128152266208501
  0.36117192463463266  0.36998520656740391  0.37847978377571861  0.38692554960824632
  0.39692931521778380  0.40945994698140398  0.42332127156185922  0.43719601924592377
  0.45075676267004267  0.46413298477960813  0.47745087083616922  0.48961752823400828
  0.50037432366561929  0.51129385095746405  0.52309702119421164  0.53695644320286773
  0.55078810455946892  0.56417707860603383  0.57634398237246653  0.58654810235204780
  0.59545015990665928  0.60405017466667543  0.61360785699685894  0.62295802122502708
  0.63333265187745902  0.64285997961875396  0.65269399764305636  0.66410255667602891
  0.67722353827114912  0.69254051729845878  0.70891577866009314  0.72605134594075271
  0.74204507484549287  0.75579463939016245  0.76765115259173478  0.78056103196144577
  0.79323126622131057  0.80424498471734429  0.81439937529242890  0.82192774977514160
  0.82976865272966982  0.83765041020977982  0.84580721339829912  0.85530412297409308
  0.86497576618331107  0.87393267507707406  0.88204989020712732  0.89038847527436693
  0.89927061349924164  0.91024360306877861  0.92187477264049211  0.93428309086897932
  0.94339521455148523  0.95184370609705293  0.96005313920090551  0.96853319445687003
  0.97670503773143813  0.98464563282655126  0.99184994231891033  1.00000000000000000
  0.03557382385151574  0.30493672446534448  0.35006802963976336  0.36528491148681896
  0.37260432818740985  0.37712325862844304  0.38021384406954994  0.38287595217580450
  0.38546042699215094  0.38802766962448987  0.39107011218825943  0.39390120688533520
  0.39768726126864323  0.40173455062738145  0.40584035861316614  0.41020195584809765
  0.41450554713765081  0.41840954089556215  0.42181959321009466  0.42552595874001548
  0.42942926894527805  0.43312579566135467  0.43572138587090031  0.43894152227629885
  0.44318652459519003  0.44763990308827933  0.45099060526158280  0.45433722107864871
  0.45735831214688277  0.46081266002716620  0.46446549586749608  0.46802655889180267
  0.47106569629140771  0.47381320809702643  0.47679411555622780  0.47993529628835696
  0.48298372847609233  0.48613765420489807  0.49038512347748858  0.49626058776663173
  0.50388641537414591  0.50897526301103457  0.51383719334141364  0.51913590713027957
  0.52490568771238821  0.53101779456041642  0.53670814285331869  0.54191688452962006
  0.54713407836536798  0.55293559189085251  0.55903207363903684  0.56572922835608752
  0.57271991365203512  0.57938464473359086  0.58543327690276858  0.59094081273688737
  0.59613611164410807  0.60044514467620891  0.60480755412645570  0.60958055306358139
  0.61509128624880460  0.62074576016767335  0.62582851298020437  0.63182419957592684
  0.63866091587319318  0.64567998316476827  0.65172172501143288  0.65738598360183309
  0.66381468258985654  0.67074736833156889  0.67757503313278977  0.68448494381344582
  0.69285637255427335  0.70080954536037987  0.70899041741315294  0.71798352390869691
  0.72667030561326207  0.73422759040575025  0.74132722825257691  0.74917858774126267
  0.75853272370754932  0.76878491815235528  0.77860530661281901  0.78805639585050757
  0.79801594483892302  0.80849023661182606  0.81922846851950093  0.82978755966464712
  0.84033444126125012  0.85149600123702107  0.86394290198097845  0.87745213521041421
  0.89299951040594394  0.91245369151551348  0.94266831057443312  1.00000000000000000
 -0.02985900511897766  0.14779090697285868  0.20991715461549010  0.24082513534255001
  0.26305859304645013  0.28256975061776313  0.30023050856271472  0.31810185423150628
  0.33507990537866778  0.35187086648286936  0.36406761206767724  0.37465192111233875
  0.38664561303388284  0.39961143114409253  0.40940603269262194  0.42013096877911732
  0.43078854162226687  0.44167761426571372  0.45188490065224829  0.46145340683134428
  0.47022078958753771  0.47857922888810728  0.48775149943193841  0.49749261910919190
  0.50746515525057512  0.51618330052949146  0.52192191949686806  0.52710072449978096
  0.53209138261469868  0.53744046172865290  0.54393411007802406  0.55064027922317704
  0.55822054771626328  0.56613452809276521  0.57475930014588950  0.58384176068089266
  0.59016777766291373  0.59490025102272237  0.59896656230465528  0.60318375700651861
  0.60896778316784339  0.61449948591687387  0.62028998514628331  0.62576670260856027
  0.63111271027696492  0.63663703429322160  0.64181559846403624  0.64595032681856746
  0.65037159012821621  0.65523657963776571  0.66167723516555776  0.66819326409666158
  0.67429989700412885  0.67938309416783493  0.68434956509967493  0.69066986795381236
  0.69666850522853108  0.70234715631056610  0.70766054150965130  0.71311874418305743
  0.71852930708112650  0.72334016359584352  0.72783279079091334  0.73235684692075842
  0.73716752898100468  0.74206095329998001  0.74625925607186616  0.75021068162583571
  0.75401985419416850  0.75788096487290035  0.76210340473302640  0.76656077861814020
  0.77121197823885723  0.77621711633407409  0.78153807682151000  0.78707574953799042
  0.79288049735770216  0.79888218842435099  0.80426936353272549  0.80893718702487882
  0.81382735309090537  0.81861131393629583  0.82332296145517825  0.82806933595546028
  0.83314905566783892  0.83922095795385099  0.84688899122011385  0.85588784139179952
  0.86644210625873797  0.87836125141212307  0.88992937561126528  0.90213919041110324
  0.91438544082630291  0.92725929567048859  0.94322881370490552  1.00000000000000000
   2.3212067228445999E-010  -1.0000000000000000     
 F F F F F F F F F F F F F F F F F F F F F F F F F F F F F F F F F F F F F F F F F F F F F F F F F F F F F F F F F F F F F F F F F F F F F F F F F F F F F F F F F F F F F F F F F F F F F F F F F F F F F F F F F F F F F F F F F F F F F F F F F F F F F F F F
  <DiscreteSampler_grid>
  grouped_processes
  1 # 1 for a reference and 2 for a running grid.
  10 # Attribute 'min_bin_probing_points' of the grid.
  1 # Attribute 'grid_mode' of the grid. 1=='default',2=='initialization'
  0.0000000000000000 # Attribute 'small_contrib_threshold' of the grid.
  0.5000000000000000 # Attribute 'damping_power' of the grid.
 # binID   n_entries weight   weight_sqr   abs_weight
    67   10   2.560761089840008E-001   6.228928339234400E-001   2.560761089840008E-001
    68   10   2.560761089840008E-001   6.228928339234396E-001   2.560761089840008E-001
    70   10   4.792005160385419E+000   2.181271697418391E+002   4.792005160385419E+000
    71   10   4.792005160385419E+000   2.181271697418391E+002   4.792005160385419E+000
    73   10   1.368424519541036E-002   1.778758157511418E-003   1.368424519541036E-002
    74   10   1.368424519541037E-002   1.778758157511418E-003   1.368424519541037E-002
    76   10   2.560761089840008E-001   6.228928339234400E-001   2.560761089840008E-001
    77   10   2.560761089840008E-001   6.228928339234396E-001   2.560761089840008E-001
  </DiscreteSampler_grid>
