  0.00723798131230888  0.02436938524980943  0.03861859323905297  0.05179044189955105
  0.06433716050591970  0.07723291193108427  0.09045944746021618  0.10259221879913626
  0.11287407018319560  0.12308682999149136  0.13394169214358828  0.14556344378652417
  0.15572543987910192  0.16284177519173101  0.17060944876033407  0.17893361111096784
  0.18818178585342676  0.19840365964785744  0.20933451322101598  0.22352442032708561
  0.23892596786982517  0.25106681156797250  0.26267918015452763  0.27395960823895676
  0.28398876019266794  0.29402391574287157  0.30435421074526220  0.31491911260796934
  0.32591948190656678  0.33629683726880438  0.34683436504709492  0.35800595645743133
  0.37143488885868109  0.38617987141765636  0.39718645015546344  0.40741976034111688
  0.41794548055093417  0.43103009964637912  0.44896206610122508  0.46451485842898427
  0.47747500671146242  0.48790391768018482  0.49928420024551151  0.50809974045068296
  0.51713255700488625  0.52644281053993280  0.53573458104563065  0.54481737054353263
  0.55325001596814150  0.56106386825046262  0.56886639252445648  0.57639387743100168
  0.58601260845541736  0.59793901696469054  0.61173535612031638  0.62639938665940675
  0.64171038834084104  0.65757487543668247  0.67172391648807961  0.68386335263901932
  0.69516842007733315  0.70693269645024137  0.71984611796536924  0.73095719983437701
  0.73767859724101326  0.74335633409458779  0.74924993094489900  0.75446055376458343
  0.76000936992543666  0.76585341883527980  0.77212122052853804  0.77816056675013046
  0.78373397173339610  0.78936215642733631  0.79679879048625657  0.80558113250474273
  0.81459434324134272  0.82249198834419002  0.82896842482190314  0.83506971327988189
  0.84159397702506855  0.84936232800687061  0.85987813435492866  0.87219649718545822
  0.88736542886700498  0.89822146074965481  0.91049982850423505  0.91861858614723724
  0.92567505658632765  0.93203609513823016  0.93867499762231088  0.94459904026170738
  0.95146917286505128  0.96311320502458553  0.97907898480068678  1.00000000000000000
  0.00000326213182741  0.00000370292123192  0.00000399691130216  0.00000422528605752
  0.00000443474903210  0.00000466137686782  0.00000489163877189  0.00000512667025598
  0.00000548671954466  0.00000585315625441  0.00000615977568625  0.00000651864259765
  0.00000681542079188  0.00000713362734983  0.00000752488331365  0.00000808184357734
  0.00000852422205476  0.00000894461796926  0.00000940179496554  0.00000994486375849
  0.00001053741016874  0.00001104532046035  0.00001156642180738  0.00001212287938683
  0.00001276399059545  0.00001351014467121  0.00001425831582799  0.00001483450838840
  0.00001531839552504  0.00001581419641672  0.00001628686215839  0.00001674158448527
  0.00001712950118087  0.00001747503189095  0.00001792331883422  0.00001835789657571
  0.00001872246182715  0.00001915844811629  0.00001968426706996  0.00002024016775031
  0.00002080919444598  0.00002136562205938  0.00002197827639959  0.00002266093930596
  0.00002360934613845  0.00002466736845901  0.00002560651850634  0.00002618218508007
  0.00002687347592648  0.00002763420498403  0.00002848230619897  0.00002967948098933
  0.00003099298385748  0.00003306059983266  0.00003460893262068  0.00003627151400987
  0.00003798579088783  0.00003972214019017  0.00004181031503036  0.00004455691313424
  0.00004724240649659  0.00005023838598868  0.00005305528444121  0.00005591731974943
  0.00005925139051639  0.00006275864607217  0.00006670599696372  0.00007003614723128
  0.00007266625514795  0.00007520190045726  0.00007839242776251  0.00008230062895905
  0.00008770116249184  0.00009601468756941  0.00010719599418002  0.00011984153003545
  0.00013299170089743  0.00014680974841865  0.00016109393194620  0.00017537816451390
  0.00019071688773979  0.00020954504725451  0.00022864357476747  0.00024937508070198
  0.00027131011414808  0.00029664176690601  0.00032934101767894  0.00038001174063497
  0.00044010127597015  0.00050622257714171  0.00058266786921561  0.00069844523558567
  0.00085684191636222  0.00163559345759088  0.04221402775411293  1.00000000000000000
  0.00000099718865866  0.00000543651779737  0.00000920066316891  0.00001165129913572
  0.00001374971976297  0.00001576701313509  0.00001784298699206  0.00001958330468481
  0.00002148989240252  0.00002361809757315  0.00002613983708879  0.00002867213032664
  0.00003092836288262  0.00003301485479060  0.00003484334531346  0.00003648799198647
  0.00003783554820046  0.00003929660601194  0.00004080396212721  0.00004248928261932
  0.00004460148762740  0.00004693785356821  0.00004916177617626  0.00005184782641643
  0.00005433013256664  0.00005670473109839  0.00005896937986328  0.00006180109071807
  0.00006480099162822  0.00006807716526282  0.00007143439090983  0.00007547859849278
  0.00007958877190129  0.00008335165740850  0.00008709446473206  0.00009101107756961
  0.00009554149140416  0.00010085042617695  0.00010523434699511  0.00010927360563304
  0.00011310060116340  0.00011694773730304  0.00012086189176676  0.00012555094623072
  0.00012864642272416  0.00013269034022390  0.00013667399712196  0.00014158117359201
  0.00014818731434062  0.00015598016842730  0.00016381326203761  0.00017277521329007
  0.00017947297175641  0.00018591021856840  0.00019354063538423  0.00020197238642465
  0.00021145611345657  0.00022241469577549  0.00023413322174655  0.00024457271099884
  0.00025402457874417  0.00026230987744878  0.00027117569968777  0.00028333154728098
  0.00029543067500714  0.00030746710456206  0.00031826745065941  0.00032915329274273
  0.00034004461577266  0.00035071900805486  0.00036199782523402  0.00037393626639362
  0.00038802106196572  0.00040870688079052  0.00043398833212406  0.00045910320929174
  0.00048913771565638  0.00052346877398877  0.00057836707630842  0.00065757799008936
  0.00072180957648569  0.00078265015703559  0.00084868826094372  0.00094070975191312
  0.00104622962940627  0.00117676458396305  0.00125554095879638  0.00133431733362972
  0.00146843281556998  0.00160298929904518  0.00175329911517570  0.00192762737543778
  0.00252807479067301  0.00469174559057064  0.05259078634172367  1.00000000000000000
 -0.00182515776663336  0.01594550492930344  0.02980030242767418  0.04288345787389547
  0.05534869626605066  0.06578124126185052  0.07463822018193966  0.08279573532979229
  0.09103962846412213  0.09800527186548867  0.10481799750771377  0.11207066093928732
  0.11951674716317162  0.13005159410186554  0.14591046948217773  0.16320587780597734
  0.17530309445541389  0.18414780511253845  0.19347132649717075  0.20290858528638669
  0.21313028270447582  0.22308887494933452  0.23493696235778627  0.24308422017032003
  0.25080135935291498  0.25897395152944647  0.26784406036152569  0.27689332940382788
  0.28541589393182054  0.29288394966128528  0.29996569906011283  0.30715041613174121
  0.31533864461699379  0.32838058283670979  0.34231374636084438  0.35632300159773733
  0.37001661262525443  0.38324771314458833  0.39588458264066029  0.40771485143764685
  0.41683809552174050  0.42578734247714900  0.43309564765431047  0.43970074010455751
  0.44716013346247313  0.45529490632658415  0.46414603247636554  0.47264009194428708
  0.48047268665993464  0.48647312175239665  0.49302222041826493  0.50056485027240616
  0.50911706242522525  0.51738658546378946  0.52807181012860194  0.54226030138612924
  0.56015213155049770  0.57534263896516347  0.58901237778196280  0.59857351327543940
  0.60959594124563221  0.62238415635927913  0.63698779308643183  0.65172654637898586
  0.66360835536958196  0.67321950060315838  0.68271546788903126  0.69094759585894228
  0.69942716848787101  0.70996215999167689  0.72025036091972794  0.73129580975357145
  0.74104965639754694  0.75099105851588199  0.76176929270008276  0.77235430983514852
  0.78407811504165459  0.79282371593899226  0.80115987266113797  0.80907775560686279
  0.81722504924301087  0.82509572412714927  0.83380729513246354  0.84472659873996991
  0.85693478644342214  0.86893935582339099  0.88127388374158122  0.89364898169573403
  0.90596699656118918  0.91857373748145410  0.93003064737651042  0.94207716572615652
  0.95502360256813879  0.96910909621327290  0.98478883970695275  1.00000000000000000
 -0.00291782271680057  0.00816958428405882  0.01679063157698834  0.02496643623715680
  0.03466140872856117  0.04621501895450575  0.06076345557842979  0.07212777979066096
  0.08232967972828752  0.09427929053858511  0.10958912857930250  0.12290074101684709
  0.13330289568652301  0.14463845396475933  0.15609022900080452  0.16776165326894271
  0.18029418083680768  0.19270482147318022  0.20692581455705339  0.22020349973268952
  0.22875814961193608  0.23524382084507200  0.24166361395786096  0.24930514893509381
  0.26036087862337015  0.27435867672090009  0.28674130228217726  0.29952596922374131
  0.31101433042217486  0.32320840771741099  0.33552698316919277  0.35106036492314974
  0.36376123496512486  0.37777905919731519  0.38576465433207313  0.39225820804180100
  0.39815747763313841  0.40432360572367865  0.41132079715651654  0.41906699839352213
  0.42556754883006620  0.43303123246753816  0.44022609678575442  0.44885698287194481
  0.45761116262735102  0.47022805798633982  0.48377705476477340  0.49583395937098751
  0.50702560699713251  0.51747386711226540  0.52755953413121914  0.53898260189665970
  0.55311701497592058  0.56632369274830507  0.57432018196336188  0.58168009505806151
  0.58801274133900505  0.59502213292126227  0.60351852029162245  0.61163999522269374
  0.62048378132375004  0.62916236033033879  0.63637371732747072  0.64355166669258934
  0.65467134072646860  0.66779433731297744  0.67824900569340774  0.68894998111302741
  0.69884973779778436  0.71013081976441339  0.72132880933088972  0.73076097995216405
  0.73969418199557280  0.74919211570447064  0.75673651481099224  0.76422553843073104
  0.77156890995854399  0.77910038818176042  0.78667567886374223  0.80081778975560436
  0.81625274301629647  0.82970760085180517  0.84257800551411610  0.85564166801764951
  0.86922505630598335  0.88283783666337312  0.89572380052644418  0.90899320206139167
  0.92178721464453051  0.93364923232573538  0.94776868214264631  0.96305547992188778
  0.97403418627799321  0.98383459204178814  0.99191729602089407  1.00000000000000000
 -0.00513911186729950  0.01835303133729545  0.03426801474722432  0.04784074255165385
  0.05907915354718159  0.06820129618283090  0.07634823081440058  0.08453291984497502
  0.09362922530641264  0.10441710373571281  0.11344124868191952  0.12168665169299896
  0.12713310001473910  0.13246799102502313  0.13969372191434148  0.14820993067346780
  0.15572303648321184  0.16463913640051647  0.18172716341308826  0.19883572537861446
  0.21046811455053599  0.22047014947778279  0.23052530160351120  0.24099858506367067
  0.25383894665635970  0.26674147385070468  0.27941947486760860  0.29270625239226417
  0.30576370279968990  0.31686466591658863  0.32622092353398197  0.33593752342320221
  0.34583922951777979  0.35514538232736487  0.36338685242701491  0.37495902937644232
  0.39049872170508138  0.40764074280313362  0.42106978353108643  0.43476520404234098
  0.44797040812551475  0.46246791772717477  0.47684219237987024  0.49074718894482205
  0.50698372335623298  0.52334714764157819  0.53420996743482863  0.54260053745742975
  0.55016903704303288  0.55583203750696097  0.56158479483926305  0.56788269215210396
  0.57297168112090691  0.57769761962641231  0.58295553888020368  0.59000163015634499
  0.59762999725059840  0.60554974520359661  0.61754730450086959  0.62949647967270894
  0.64128456701391512  0.65223171431522153  0.66201570389568376  0.67137535631262579
  0.68052304278366904  0.68918224869192868  0.69797863258744797  0.70738011182858929
  0.71785095964115919  0.72945363049798295  0.74246478012795547  0.75684381278035917
  0.77155302183501351  0.78394433038819866  0.79276434322707756  0.80083342628281950
  0.80883483063920114  0.82019523544555550  0.83137212011939821  0.83979176071240824
  0.84823367129356264  0.85626517889105658  0.86677328735496506  0.88113338546032383
  0.89671276287256030  0.91141825301854362  0.92467845784466629  0.94018112348204708
  0.94875205383268668  0.95629539536374275  0.96393477447171372  0.97096532903106147
  0.97720745291167377  0.98295315424255292  0.99106554269029790  1.00000000000000000
  0.00007929257920575  0.00009994105877818  0.00012058953835061  0.00014550559738510
  0.00018527995739007  0.00022505431739504  0.00026383394996085  0.00029992781566936
  0.00033602168137787  0.00037214900483613  0.00041029479804140  0.00044844059124667
  0.00048658638445194  0.00051394330758898  0.00054057946633440  0.00056680848457180
  0.00059108533438957  0.00061536218420733  0.00064083132267690  0.00066653703954909
  0.00069254166458458  0.00071872467395509  0.00074553355883044  0.00077308209716417
  0.00080105214277439  0.00082966006329796  0.00085933800209794  0.00089053224246889
  0.00092152685001630  0.00095238504850930  0.00098497519049238  0.00101868915217391
  0.00106503870277179  0.00111359733843153  0.00116596369979437  0.00121653425954151
  0.00126553278390687  0.00131497260209422  0.00136474095356400  0.00141763971241357
  0.00147227218123724  0.00153628501405529  0.00160970574327816  0.00170124802923611
  0.00179671067768595  0.00189554505292288  0.00198326496834471  0.00207042733718846
  0.00220541170855721  0.00231318809280396  0.00238309747593096  0.00245300685905796
  0.00252270610491002  0.00259173044678946  0.00266075478866890  0.00272882494845905
  0.00279374265158374  0.00285866035470843  0.00293425457535072  0.00304522382554610
  0.00316206497993754  0.00328535670758999  0.00340957918427557  0.00353423771608615
  0.00374045983539045  0.00401007103725671  0.00445231054290939  0.00486424934194225
  0.00525199761205704  0.00571764719336474  0.00650668450082614  0.00706468931013273
  0.00743220317381509  0.00766950183060017  0.00804885467419854  0.00832915052372361
  0.00858310382766153  0.00887869023752428  0.00935702224940208  0.00967104488182064
  0.00996631077262133  0.01025675406878342  0.01103208111294705  0.01214585957256557
  0.01318499943540416  0.01383726358061124  0.01420181672169490  0.01465286863156122
  0.01569216419006098  0.01767920795173761  0.02059005165920376  0.02546736353197798
  0.02826839945781027  0.03300391531947931  0.09576110893960509  1.00000000000000000
 -0.00093797870042820  0.00373032064800801  0.00827179182947942  0.01306010257892475
  0.01802238260437656  0.02591997892698017  0.03198858436336346  0.03822014826833432
  0.04564746183502152  0.05334668701325038  0.06078960881441520  0.06864439253847704
  0.07732420935853233  0.08757952825453240  0.09848871558736787  0.10801826631452434
  0.11584832779431553  0.12289380354938204  0.13031507489810937  0.13805540659404736
  0.14688807802648299  0.15757091717911695  0.16982450566902049  0.18167393197960854
  0.19145321298396500  0.19898641585269494  0.20698489243511156  0.21559742019191611
  0.22347621101820228  0.23054456830667908  0.23707438041167944  0.24446953124475720
  0.25373880238480850  0.26549184772866957  0.27710815092482888  0.28491206253233148
  0.29337659651628073  0.30236583911895298  0.31213285089421433  0.32588498060776011
  0.34177548287092907  0.35562143398870244  0.36760708167342498  0.38073683849263701
  0.39241362465569196  0.40363469848405048  0.42068985164081774  0.43466375367541460
  0.44830467935652962  0.46374283952125350  0.48231427029662005  0.50268021686082898
  0.52467745980888680  0.55059289369263942  0.58124562907620525  0.60873705763210484
  0.62858043819435083  0.64535236107378657  0.66194298077152269  0.67625463243047734
  0.68778087988608583  0.69946857377347282  0.70962329161770388  0.71907659726206885
  0.72812124893039809  0.73769505894876397  0.74698254016008814  0.75657554665391458
  0.76633348333429474  0.77657062847237845  0.78621390894449472  0.79645033232602336
  0.80710070035889581  0.81617802321741961  0.82424399082784805  0.83136033963485945
  0.83890330443157424  0.84715374620847228  0.85483152267513862  0.86210408138102224
  0.86951915673247115  0.87833913379047679  0.88922716452767703  0.89932245691107970
  0.90972313997545173  0.91968302972402760  0.92990356378020722  0.94062155257284663
  0.95081266781208462  0.96020179849285070  0.96996749833849183  0.97719343157055205
  0.98460399406362298  0.99003189424990501  0.99511937832685216  1.00000000000000000
  0.08950601849249465  0.22636170934574362  0.27889231378413132  0.31976871739622909
  0.35047549721838767  0.36814730995689660  0.38374221702373401  0.39819541499787470
  0.41081920991026788  0.42565190820705173  0.43822890288365618  0.44886263929025022
  0.45745343032820585  0.46533272715525714  0.47416832648283042  0.48385682156498483
  0.49415229549078676  0.50302178435092304  0.51069109475707619  0.51804733778231038
  0.52507189559949230  0.53296365891154251  0.54100144982520859  0.54841203708794362
  0.55728195245312850  0.56657121106600516  0.57573801910221367  0.58351657011339741
  0.58846756194308392  0.59381918496357045  0.59839738662389519  0.60267122502435233
  0.60997243735063578  0.61959156775515212  0.62839030614081359  0.63551610080425047
  0.64239116219681180  0.64914597752131620  0.65619654253410675  0.66431104709455346
  0.67304701676490242  0.68210703059908284  0.69308685098431189  0.70337829736892521
  0.71340062270074400  0.72199002945614366  0.72977789166419016  0.73634532795380947
  0.74228675426538482  0.74797288480603730  0.75335909169728776  0.75981866448105528
  0.76692866393678050  0.77429656470563613  0.78204868136802319  0.78929221184165632
  0.79707043257386245  0.80642507296597965  0.81558073159431510  0.82311025019030803
  0.82930686108211304  0.83480767915131171  0.83972115615766596  0.84405161316028998
  0.84863635213683897  0.85383842569696067  0.86028752256079521  0.86801776467396996
  0.87394263913023329  0.87855518465595128  0.88340644135386492  0.88845988046353142
  0.89323593913243526  0.89909288058755288  0.90478768218793437  0.91072756130604915
  0.91579744158928122  0.92011063080065536  0.92431408787303715  0.92867272699256553
  0.93320052285164690  0.93784213103081637  0.94155445044907582  0.94508615350090952
  0.94890321711764303  0.95366998696255645  0.95833627507994512  0.96296788624713092
  0.96708334199728063  0.97066057178427478  0.97418605331027230  0.97874668430616618
  0.98304320111458099  0.98778412851240327  0.99364054845102323  1.00000000000000000
 -0.02068146086250322  0.13954389657135344  0.18708107694356105  0.21982114255016694
  0.24254247898653578  0.25715339507247492  0.26653431364022534  0.27656793527419099
  0.28725516648202193  0.29790815162892603  0.30804357536711469  0.32159504301737801
  0.33658417339569968  0.35278476044184126  0.36664231222988919  0.37781166864935262
  0.38768291348439765  0.39786156104323894  0.40860902571013058  0.42259335295115208
  0.43757586667467357  0.44858548834657697  0.45737140390973857  0.46173275733497382
  0.46587267702039908  0.46984505556816863  0.47538998891346740  0.48149193809464108
  0.48890152312457125  0.49917128351253287  0.51046351804562551  0.51998038696207971
  0.52611071652745889  0.53183656380605904  0.53714520039751501  0.54142158139263419
  0.54527949359090677  0.54909325425617472  0.55284748656048643  0.55594949719623643
  0.55982452653911385  0.56501712479946842  0.57141961284798093  0.57863565075524481
  0.58452127712720914  0.59047807560919163  0.59617075637224037  0.60306545540343881
  0.61109927934549546  0.61915103197770205  0.62658901521942556  0.63225025414654989
  0.63714064192953124  0.64225947330699451  0.64825100758098386  0.65463084236480962
  0.66106875266939336  0.66735996879272019  0.67361366159383962  0.68167101330197499
  0.68917385792386221  0.69592104613874106  0.70121824815299016  0.70629678379955474
  0.71124367430672986  0.71650197077952293  0.72165573204153710  0.72543035391624699
  0.72921217715009090  0.73309400355021115  0.73686052148388226  0.74142727755115789
  0.74599179731492493  0.75096531414288203  0.75725349349512383  0.76499125681874502
  0.77399708870279171  0.78331413259522187  0.79181792129725137  0.79972734701675341
  0.80813781306073373  0.81543002105862683  0.82151066368536163  0.82724258819272800
  0.83305019706183980  0.83921551283698592  0.84593131284434053  0.85349770902001110
  0.86113219107060313  0.86953646931296391  0.87969899224726955  0.89191441520923032
  0.90702103077199248  0.92379497037961344  0.94513287267158241  1.00000000000000000
   3.6469400440003464E-009  -1.0000000000000000     
 F F F F F F F F F F F F F F F F F F F F F F F F F F F F F F F F F F F F F F F F F F F F F F F F F F F F F F F F F F F F F F F F F F F F F F F F F F F F F F F F F F F F F F F F F F F F F F F F F F F F F F F F F F F F F F F F F F F F F F F F F F F F F F F F
  <DiscreteSampler_grid>
  grouped_processes
  1 # 1 for a reference and 2 for a running grid.
  10 # Attribute 'min_bin_probing_points' of the grid.
  1 # Attribute 'grid_mode' of the grid. 1=='default',2=='initialization'
  0.0000000000000000 # Attribute 'small_contrib_threshold' of the grid.
  0.5000000000000000 # Attribute 'damping_power' of the grid.
 # binID   n_entries weight   weight_sqr   abs_weight
    28   10   1.089018594654466E+001   3.178432683622265E+002   1.089018594654466E+001
    29   10   1.089018594654481E+001   3.178432683622314E+002   1.089018594654481E+001
    31   10   7.459100534289867E+000   1.129346796315893E+002   7.459100534289867E+000
    32   10   7.459100534289993E+000   1.129346796315926E+002   7.459100534289993E+000
    34   10   8.117760810362359E+000   1.480247764265595E+002   8.117760810362359E+000
    35   10   8.117760810362510E+000   1.480247764265643E+002   8.117760810362510E+000
    43   10   5.395134786990303E+002   2.631726215926952E+006   5.395134786990303E+002
    44   10   5.395134786990310E+002   2.631726215926959E+006   5.395134786990310E+002
    46   10   1.089018594654468E+001   3.178432683622267E+002   1.089018594654468E+001
    47   10   1.089018594654482E+001   3.178432683622315E+002   1.089018594654482E+001
  </DiscreteSampler_grid>
