  0.00000275735572786  0.00000297129820296  0.00000307264009703  0.00000316876565731
  0.00000328065365325  0.00000340035679366  0.00000353560769780  0.00000368908937135
  0.00000387847393291  0.00000407675014333  0.00000427442788518  0.00000450709328239
  0.00000473937143487  0.00000495859229474  0.00000519939978874  0.00000546110894556
  0.00000571850427228  0.00000599697608742  0.00000632481544913  0.00000665187977773
  0.00000700892086649  0.00000740075692901  0.00000778563329553  0.00000821320018307
  0.00000866373617097  0.00000913475826195  0.00000971491053336  0.00001029526441026
  0.00001090222063691  0.00001151633951831  0.00001213925766585  0.00001280514358987
  0.00001351313846612  0.00001426686088260  0.00001509219406371  0.00001599179811439
  0.00001695750913651  0.00001798164251874  0.00001905566825666  0.00002017753075786
  0.00002134071920963  0.00002255348000740  0.00002384050579027  0.00002511730894739
  0.00002646718822427  0.00002789985905884  0.00002938545397418  0.00003094837282814
  0.00003264478433831  0.00003448895994059  0.00003640937139393  0.00003835620516547
  0.00004033330278159  0.00004244113226379  0.00004462642671362  0.00004698937217407
  0.00004975655895267  0.00005285998303031  0.00005596784043793  0.00005947983746388
  0.00006305389817703  0.00006638555600732  0.00006946986107476  0.00007277468643048
  0.00007632954222095  0.00008003560161068  0.00008378283994039  0.00008782452876817
  0.00009241910818333  0.00009704553350368  0.00010155338545816  0.00010759991750326
  0.00011497331012026  0.00012334544180053  0.00013255373859651  0.00014375407028757
  0.00015648851389979  0.00017114834081978  0.00018723074104001  0.00020358363288606
  0.00021919149117566  0.00023815103891709  0.00025993486186032  0.00028951342875432
  0.00032672701198655  0.00037036444461533  0.00042248066094057  0.00049354562250909
  0.00059653351720377  0.00075527760858943  0.00099860443702335  0.00140271855235631
  0.00217067725993282  0.00522390435406651  0.16275569076417951  1.00000000000000000
  0.00000233587165960  0.00000265761582583  0.00000288196036008  0.00000311168237683
  0.00000336786141213  0.00000365835739530  0.00000396638982583  0.00000427393271947
  0.00000462764310855  0.00000496411966340  0.00000533498693753  0.00000569391276571
  0.00000613086343497  0.00000657300684817  0.00000704438103207  0.00000754080899113
  0.00000804656847352  0.00000855942918474  0.00000909714909166  0.00000966455352844
  0.00001026178158743  0.00001089956150147  0.00001157175396238  0.00001226743845147
  0.00001302014570659  0.00001381573740989  0.00001463044342923  0.00001544634390535
  0.00001633834781779  0.00001716676708327  0.00001801247059516  0.00001889882227036
  0.00001983481882210  0.00002084081362504  0.00002192125532514  0.00002305456608948
  0.00002410926719324  0.00002522704153274  0.00002639533583970  0.00002765127279715
  0.00002900981241801  0.00003047859369862  0.00003209602369646  0.00003385206365109
  0.00003561751579282  0.00003717541144162  0.00003866785726322  0.00004022644311082
  0.00004179032710566  0.00004342421993978  0.00004512994966090  0.00004682565184373
  0.00004860835554199  0.00005048658415295  0.00005237605783093  0.00005434159998895
  0.00005683050098409  0.00005986587634581  0.00006298687249495  0.00006606245236733
  0.00006916950740385  0.00007237782675930  0.00007571557752767  0.00007916339746359
  0.00008287220777064  0.00008692065554815  0.00009136886614158  0.00009634327569937
  0.00010191343363025  0.00010817372994511  0.00011510455854690  0.00012245970169598
  0.00013026685088321  0.00013898103017743  0.00014852425606406  0.00015876037439666
  0.00016978153513882  0.00018188585899875  0.00019660078181929  0.00021466615522087
  0.00023546977622583  0.00025952510139216  0.00028783634970171  0.00031926696864206
  0.00035657279717364  0.00040184456943015  0.00045922108688640  0.00053346735796382
  0.00063437790144849  0.00078082828260558  0.00099714702228098  0.00141581875733899
  0.00227901034018128  0.00479571572292680  0.05491600586448245  1.00000000000000000
 -0.00272061180637102  0.00968493265014513  0.02111668824363539  0.03305526962883094
  0.04448720127671474  0.05574450055796085  0.06737179965289487  0.07906321426929760
  0.09036903664321955  0.10085135381696617  0.11099270851245194  0.12118603350257959
  0.13125114316816172  0.14189899274566051  0.15356843630465972  0.16494801352253444
  0.17589362359023622  0.18671126350399125  0.19802771499202523  0.20945035055324918
  0.21981373439659574  0.22977505955029606  0.24001545206191155  0.25064813401124675
  0.26135755666867150  0.27223462557726263  0.28302535698022491  0.29326006104084307
  0.30320458240780546  0.31359940065034497  0.32448773933873126  0.33503974026502731
  0.34507598484203605  0.35494413089067012  0.36516650424287012  0.37641335575763374
  0.38791305608190196  0.39865458801115133  0.40887058355668982  0.41908220120819517
  0.42985808798394515  0.44086558508685070  0.45201046385069638  0.46283588507362128
  0.47373899083085580  0.48418224240664753  0.49424698871136963  0.50406601437493759
  0.51353945020286351  0.52324730513186590  0.53308581167424696  0.54327353944515666
  0.55451178757577235  0.56551748299964089  0.57651982206043184  0.58713533550511898
  0.59752035557826866  0.60783705438050106  0.61783995819619952  0.62841670951543815
  0.63946369870216779  0.65043034518294651  0.66122585790909016  0.67212605193090957
  0.68311474474083178  0.69383241529449735  0.70485820151960488  0.71595826022621534
  0.72732381716228367  0.73871909615267672  0.74975851699460239  0.76069087571915872
  0.77188646491880564  0.78316534645311697  0.79439791392923287  0.80554851856457088
  0.81662849931644332  0.82757822412402793  0.83800979034028944  0.84825162693273815
  0.85882027069421829  0.87019002267821011  0.88213188029873479  0.89317705661042235
  0.90211381768290622  0.91031179384954219  0.91810973421239983  0.92562072346676594
  0.93344583048221053  0.94143797279318053  0.94899018442585581  0.95613998354205776
  0.96471489525237286  0.97660025167064624  0.98774430412432612  1.00000000000000000
  0.00002333919424783  0.00018052826247147  0.00048473945565256  0.00088816715590857
  0.00136036732135663  0.00174157827952673  0.00207591257885585  0.00243554235557381
  0.00280463359158692  0.00318306486878212  0.00356851408175540  0.00395516744831342
  0.00434868165957195  0.00475557637582369  0.00516748472232538  0.00558476551956474
  0.00601496994230485  0.00645575896779436  0.00690201466939197  0.00736705286962570
  0.00784115900841931  0.00832545565446648  0.00882416195275927  0.00933723161793977
  0.00987363152789588  0.01041165876109699  0.01094966308871781  0.01149093237504809
  0.01203968068458603  0.01259563976490573  0.01315619606440649  0.01371766909575160
  0.01427402879719919  0.01481875991060608  0.01535313551902701  0.01587984491337287
  0.01640071027900528  0.01694367944388189  0.01751724647211112  0.01811934584940198
  0.01871565816917183  0.01928080229488268  0.01985302986559640  0.02045909338236875
  0.02108177272449768  0.02170589669351079  0.02233909380599605  0.02299541503101010
  0.02365894559076563  0.02434183219076185  0.02505397053359315  0.02581201846819495
  0.02655862505366944  0.02727392774392987  0.02797456363794695  0.02870560650584060
  0.02948346855229842  0.03031233705397122  0.03118566902538297  0.03207464797026479
  0.03297494956600799  0.03395002478071692  0.03493627837041904  0.03594338274950733
  0.03695061031448551  0.03794801491553055  0.03877725184836175  0.03954025482881447
  0.04031869338562342  0.04112089749893602  0.04208788070578569  0.04347657462381450
  0.04504676014238605  0.04658806780743041  0.04803216372186979  0.04944922899089396
  0.05091534838688349  0.05247646563993374  0.05409234346906790  0.05554444132355059
  0.05687746120155636  0.05835855503910402  0.06023747866750265  0.06215333166017396
  0.06422254929852372  0.06649032667658657  0.06869347650928463  0.07097050281649105
  0.07353020799142859  0.07624855352530126  0.07942068824911931  0.08578916082470900
  0.11415145676505534  0.14489117733334433  0.33356389507382761  1.00000000000000000
 -0.00236409537816216  0.00924708994834352  0.02018612875551125  0.03207003509018912
  0.04411317076956167  0.05689479077241692  0.06989470545299131  0.08349470480894060
  0.09754346481917915  0.11012057254105388  0.12317659250223456  0.13484501205559843
  0.14553361136304721  0.15524331704014646  0.16484985286604659  0.17456512983088079
  0.18514578680331920  0.19638925461925300  0.20775150693115216  0.21871712510968291
  0.22935823666535099  0.23984707805881553  0.25063998790875730  0.26172001092497993
  0.27259349882638928  0.28318664199051868  0.29350839920248384  0.30350187931476008
  0.31345856156359697  0.32324944178111159  0.33292444276833044  0.34282789841846262
  0.35317703475489265  0.36412515300833126  0.37501394483807360  0.38497746173525899
  0.39479003462786533  0.40445279449809118  0.41447021244080817  0.42460460736758510
  0.43485570550893998  0.44532576632495424  0.45594026925811337  0.46659316482582686
  0.47708026648624802  0.48725015246562009  0.49740101924865532  0.50735305691731147
  0.51758784165530047  0.52801741427800730  0.53788374938227324  0.54750963639454442
  0.55719131468411642  0.56759838053609901  0.57832331182515861  0.58902319866988551
  0.59900324410765271  0.60889793211113641  0.61859586183785664  0.62885842857894858
  0.63978201024916881  0.65093158107765947  0.66178106483819876  0.67174319976337549
  0.68107956917484835  0.69043923342722502  0.70069468720072636  0.71139354606361327
  0.72084453326363340  0.72997092490001103  0.73962259170980282  0.74942324560503215
  0.75768000060488783  0.76677392032856106  0.77531461529987900  0.78339898845945799
  0.79174316949768109  0.80004684945425031  0.80797167951354354  0.81696900942196538
  0.82801078549191853  0.83972350554566721  0.85148328341786117  0.86290129618289724
  0.87374431963078392  0.88444981303882297  0.89506264890919074  0.90574558812590478
  0.91717844702709228  0.92856419501051346  0.93977244901046919  0.95093966783826533
  0.96259904839193211  0.97538664964717314  0.98741004810913280  1.00000000000000000
  0.03916333336228338  0.20982806169727011  0.32096714176988694  0.39237813385147030
  0.43731172014113945  0.46456468344575219  0.48845504791006483  0.51290940293453791
  0.53382750185199690  0.55328353050654488  0.57230975033411713  0.59408856261071497
  0.61421752326394807  0.63331278407774194  0.65204567483773002  0.66778598850961868
  0.67746719099695230  0.68750003440827812  0.69710369778240311  0.70623079360005425
  0.71503032110765130  0.72434860151420655  0.73563175956086957  0.74956744574470968
  0.76292992771907386  0.77558289696562654  0.78748431460961255  0.79836981806652085
  0.80849168657890658  0.81809509315194251  0.82718245862829920  0.83584902273109840
  0.84378945461689436  0.85147622301650605  0.85858363592219378  0.86533297013253074
  0.87170826338964280  0.87773686732323208  0.88346045304333176  0.88884188273096365
  0.89393396862870367  0.89865941899683877  0.90304890222183687  0.90726638447915764
  0.91138858517650712  0.91535360099990470  0.91903043445251564  0.92238073211007054
  0.92570103012740690  0.92902284614751296  0.93222399882420570  0.93551925736686892
  0.93858706215550625  0.94144990416909147  0.94416487466002152  0.94680722710694354
  0.94935332616643819  0.95176079838946692  0.95412879970137288  0.95645553791618265
  0.95863759728815356  0.96059987695855864  0.96252879998434970  0.96443015044168356
  0.96627459443446206  0.96804489552313933  0.96973354011101354  0.97133222789626850
  0.97287252927488033  0.97434348626548606  0.97577824648789835  0.97719451038643412
  0.97858154496800420  0.97989561207456510  0.98115684941470760  0.98234602397280690
  0.98349342676140261  0.98459710768603337  0.98565820400291293  0.98668576433207078
  0.98765211295560151  0.98859122231040053  0.98945425512850216  0.99025878286375579
  0.99103971299136484  0.99179779062424689  0.99256967951338582  0.99334176665172846
  0.99409915999509413  0.99483602424945972  0.99557129594723193  0.99629687380294552
  0.99706742297998430  0.99791045884336005  0.99887175419925645  1.00000000000000000
 -0.02315399612470695  0.11521784147018671  0.16233756981476788  0.19136838291476682
  0.21406084277989820  0.23244862931596538  0.24761748897810693  0.26179123936667165
  0.27593653934189083  0.28956679204485020  0.30242638090870350  0.31438307654995684
  0.32552455016107801  0.33617491641153158  0.34654823969851112  0.35642877858444283
  0.36580733023226869  0.37446413065657475  0.38287213059999536  0.39039300579546587
  0.39769782987686481  0.40499888988451926  0.41239294543765714  0.42057152669319753
  0.42883750252282438  0.43662375868646125  0.44429820587002122  0.45176946805245777
  0.45953367461512018  0.46699244616526198  0.47435229583655314  0.48159113165994477
  0.48858005814708089  0.49566196236808663  0.50271718208889404  0.50964626045950334
  0.51638953479652294  0.52292970589466226  0.52926369167033271  0.53526898888611585
  0.54075535006083264  0.54583672676800965  0.55082485166795048  0.55587146290470602
  0.56095535933739704  0.56646774669029798  0.57253437658910100  0.57866868388267145
  0.58468741967849747  0.59052034218904026  0.59646741440760664  0.60255659518757321
  0.60800937763752849  0.61376701094364083  0.61944989698890995  0.62524168400518776
  0.63098834674220716  0.63669710402347690  0.64228947000186443  0.64808175919714339
  0.65395748739422366  0.65980386895391097  0.66567851251207677  0.67161922056301471
  0.67757989515838501  0.68354200953807143  0.68957945973302548  0.69574303063923071
  0.70201133419619011  0.70849406258152459  0.71490844357514494  0.72150741217855408
  0.72793027767359497  0.73457752880345895  0.74130239283455046  0.74804159986395791
  0.75486957040222447  0.76178153445669938  0.76874249812536666  0.77572316865276258
  0.78263440146035335  0.78966543875886264  0.79732101749377782  0.80540828744217496
  0.81339584162277301  0.82011716498392240  0.82702455063085045  0.83414221443274994
  0.84182990169674365  0.84976094891795240  0.85836012406887718  0.86788666840243300
  0.88038646552070798  0.89983011168088356  0.92806478995714703  1.00000000000000000
   1.5102284525658689E-006  -1.0000000000000000     
 F F F F F F F F F F F F T F F F F F F F F F F F F F F F T F F F
  <DiscreteSampler_grid>
  grouped_processes
  1 # 1 for a reference and 2 for a running grid.
  10 # Attribute 'min_bin_probing_points' of the grid.
  1 # Attribute 'grid_mode' of the grid. 1=='default',2=='initialization'
  0.0000000000000000 # Attribute 'small_contrib_threshold' of the grid.
  0.5000000000000000 # Attribute 'damping_power' of the grid.
 # binID   n_entries weight   weight_sqr   abs_weight
    112   10   2.230070824599455E+004   2.218464270025424E+009   2.230070824599455E+004
    113   10   2.230070824599446E+004   2.218464270025410E+009   2.230070824599446E+004
    115   10   6.389072868684410E+001   1.782428444396246E+004   6.389072868684410E+001
    116   10   6.389072868684386E+001   1.782428444396235E+004   6.389072868684386E+001
    154   10   2.230070824599455E+004   2.218464270025424E+009   2.230070824599455E+004
    155   10   2.230070824599446E+004   2.218464270025410E+009   2.230070824599446E+004
    157   10   6.389072868684410E+001   1.782428444396246E+004   6.389072868684410E+001
    158   10   6.389072868684386E+001   1.782428444396235E+004   6.389072868684386E+001
    163   10   1.195042580188690E+003   6.341909837756094E+006   1.195042580188690E+003
    164   10   1.195042580188685E+003   6.341909837756051E+006   1.195042580188685E+003
    166   10   1.195042580188690E+003   6.341909837756094E+006   1.195042580188690E+003
    167   10   1.195042580188686E+003   6.341909837756054E+006   1.195042580188686E+003
    202   10   1.195042580188690E+003   6.341909837756090E+006   1.195042580188690E+003
    203   10   1.195042580188685E+003   6.341909837756051E+006   1.195042580188685E+003
    205   10   1.195042580188690E+003   6.341909837756094E+006   1.195042580188690E+003
    206   10   1.195042580188686E+003   6.341909837756054E+006   1.195042580188686E+003
    226   10   2.147166048421054E+004   2.083351360453564E+009   2.147166048421054E+004
    227   10   2.147166048421046E+004   2.083351360453551E+009   2.147166048421046E+004
    229   10   1.189595388297640E+002   2.869765013431686E+004   1.189595388297640E+002
    230   10   1.189595388297640E+002   2.869765013431681E+004   1.189595388297640E+002
    244   10   2.147166048421054E+004   2.083351360453563E+009   2.147166048421054E+004
    245   10   2.147166048421046E+004   2.083351360453550E+009   2.147166048421046E+004
    253   10   1.189595388297640E+002   2.869765013431686E+004   1.189595388297640E+002
    254   10   1.189595388297640E+002   2.869765013431682E+004   1.189595388297640E+002
    274   10   1.147555873753620E+003   5.958683750229249E+006   1.147555873753620E+003
    275   10   1.147555873753615E+003   5.958683750229212E+006   1.147555873753615E+003
    277   10   1.147555873753619E+003   5.958683750229240E+006   1.147555873753619E+003
    278   10   1.147555873753615E+003   5.958683750229212E+006   1.147555873753615E+003
    295   10   1.147555873753620E+003   5.958683750229249E+006   1.147555873753620E+003
    296   10   1.147555873753615E+003   5.958683750229212E+006   1.147555873753615E+003
    304   10   1.147555873753619E+003   5.958683750229240E+006   1.147555873753619E+003
    305   10   1.147555873753615E+003   5.958683750229212E+006   1.147555873753615E+003
  </DiscreteSampler_grid>
