 -0.00401945551827947  0.01806280255749892  0.03413998247828753  0.04797180845947119
  0.06006632733894889  0.07054986855364266  0.08110697919301059  0.09178155876421508
  0.10245224293006210  0.11297116191701120  0.12347590534159421  0.13402703459097312
  0.14474878607044470  0.15550480216516588  0.16649010141973050  0.17673336371346526
  0.18677670207959324  0.19715164091102919  0.20754527479283963  0.21822453373378020
  0.22865909649990959  0.23934476284862422  0.25003694301250984  0.26070239256205191
  0.27143551012963452  0.28166347840821981  0.29152606049315621  0.30133884052818993
  0.31157557061409347  0.32190031105568129  0.33184557808665738  0.34173466227408661
  0.35159732539975064  0.36173971615431966  0.37152130469608524  0.38189723512251755
  0.39250958977668032  0.40351240886238621  0.41415627566897778  0.42459962890141784
  0.43465439644549686  0.44444695113099592  0.45422211364212212  0.46441764684651832
  0.47491928550313484  0.48528853655193183  0.49562012339096001  0.50606440095775407
  0.51629296591795171  0.52593280936043352  0.53529173657154894  0.54494269496061243
  0.55505843147737521  0.56534606763486583  0.57528054314762933  0.58496129260502638
  0.59477348061414925  0.60557698830731765  0.61724368568618593  0.62837873267273259
  0.63857368914981938  0.64879296918546892  0.65889622119139479  0.66899274376898044
  0.67915062458538877  0.68944857436839913  0.69940799023563904  0.70960586228019484
  0.71991796729482471  0.72996431557037933  0.73917709712200363  0.74799388686001800
  0.75713041681106064  0.76700138302457388  0.77740125258429627  0.78805687891100740
  0.79864185456078651  0.80953176434009078  0.82016755699417199  0.83083308065958306
  0.84130339697176382  0.85187980466242785  0.86226743865118216  0.87234652642360666
  0.88248171685653376  0.89271336485488040  0.90326479608554866  0.91391722873091630
  0.92449358947719007  0.93500502626014570  0.94526718244917318  0.95546027664667632
  0.96596069790734362  0.97654367045198975  0.98814820647017076  1.00000000000000000
  0.00000064589923889  0.00000881928217534  0.00001332531216806  0.00001778248424743
  0.00002200180509411  0.00002619027765288  0.00003029299807475  0.00003430185873666
  0.00003839356593772  0.00004284068104832  0.00004748941904171  0.00005247995122053
  0.00005771451194752  0.00006299181581370  0.00006815968041592  0.00007307052107790
  0.00007780238724716  0.00008245930759737  0.00008707853353788  0.00009162627639993
  0.00009611500310044  0.00010071013424638  0.00010535194971599  0.00011042175482628
  0.00011561958027564  0.00012067812560568  0.00012576761372412  0.00013092545313363
  0.00013619517427691  0.00014156910932125  0.00014736934103796  0.00015306010849260
  0.00015855713600289  0.00016426312817179  0.00017004099204448  0.00017582643397082
  0.00018162340149076  0.00018863622021780  0.00019599661973713  0.00020340103727418
  0.00021084429250670  0.00021816950772248  0.00022556882874984  0.00023296431141366
  0.00024093675216426  0.00024957875198982  0.00025832876597998  0.00026719908057817
  0.00027675101212410  0.00028690697521270  0.00029700765994192  0.00030753931919521
  0.00031869849141244  0.00033031212096790  0.00034206757896326  0.00035314951838364
  0.00036708824060350  0.00038181804453015  0.00039677214675077  0.00041199238588026
  0.00042770246745442  0.00044417503415601  0.00046130118235773  0.00047969934627044
  0.00049827823560658  0.00051668928979236  0.00053567567435490  0.00055563026259659
  0.00057840464031643  0.00060072136857282  0.00062516611255471  0.00065102333325987
  0.00067873476563270  0.00070980939683600  0.00074274419864088  0.00077664370955246
  0.00081531645485078  0.00085756421896618  0.00089967118683034  0.00094274931572446
  0.00098813986243021  0.00103314719614899  0.00108748274660059  0.00114322620322316
  0.00120174761340297  0.00126424328128536  0.00133223950872226  0.00141547768076782
  0.00152675279137417  0.00164062691746403  0.00174552588334316  0.00184657578552688
  0.00195824815029308  0.00206547476412250  0.00413526127527874  1.00000000000000000
 -0.00111797440896088  0.00321850174963805  0.00747620073391340  0.01173417461292568
  0.01614221749455327  0.02076593177439925  0.02559329608683632  0.03054169414173215
  0.03542883115190401  0.04014451198748012  0.04474474929899563  0.04939991949561182
  0.05398202978402507  0.05855451331060289  0.06314690032841268  0.06779860505960369
  0.07259517143867225  0.07751485218860200  0.08253980350841020  0.08772827625181055
  0.09312223440486644  0.09841344989654460  0.10369349532417402  0.10935015499128546
  0.11528436715995213  0.12136259310454701  0.12752927200405448  0.13372456599210186
  0.13989824117942060  0.14622996713146577  0.15257522495283457  0.15873684502394841
  0.16477368466574960  0.17105767079999018  0.17736410525582993  0.18380069645554686
  0.19051566022873034  0.19738442877560869  0.20445458800982910  0.21156149965675203
  0.21871392235149892  0.22597820018972828  0.23338333796042601  0.24098528808375644
  0.24869897331594770  0.25629656426045366  0.26374379318334040  0.27141307020091249
  0.27937835375241743  0.28713601273187217  0.29467362143397791  0.30250393177416995
  0.31063085892851711  0.31906125203000690  0.32749683606342661  0.33588610236153987
  0.34439708473557440  0.35319751608211847  0.36224332084064437  0.37140368058523698
  0.38080428170678948  0.39043917776100795  0.40053037650922840  0.41117380304965545
  0.42159489763544339  0.43175877620197051  0.44210484318130444  0.45263169542813997
  0.46328310549502305  0.47386790556275077  0.48491032690170033  0.49665467081855547
  0.50845289599338028  0.52044751666888123  0.53309252043407984  0.54672955962107883
  0.56065169575269957  0.57474307349854870  0.58947187064109763  0.60465616697948421
  0.61976824710534961  0.63643970613373257  0.65433626899662389  0.67275378061442115
  0.69204376079319985  0.71145466778945721  0.73212340969411915  0.75419977126666082
  0.77919274678420825  0.80682083055622755  0.83843172117057474  0.87305691956703735
  0.90751221276218152  0.94073986650459118  0.97175511174905671  1.00000000000000000
 -0.00153582825782101  0.00858345864708455  0.01859704455933819  0.02871393697183481
  0.03948742457248401  0.04974028928373594  0.05938696721002818  0.06882020969509824
  0.07851495181551606  0.08877437725970437  0.09918154539165937  0.10909882474409892
  0.11854379230070650  0.12797408082805428  0.13735905141795182  0.14690560687919968
  0.15627533281579969  0.16612211857388734  0.17687365242922717  0.18877421183114079
  0.19910227380086296  0.20950428939453247  0.21953182658191389  0.22937628789699643
  0.23848102975545854  0.24738408592188849  0.25667052237771665  0.26619882612007212
  0.27591986474313435  0.28579813121509495  0.29555334558959051  0.30581162381275068
  0.31591520965038511  0.32672000318398248  0.33794685884181036  0.34935573271928572
  0.36022013829372712  0.37079488973721753  0.38161677531427868  0.39251283095193301
  0.40286548910154291  0.41300019532980409  0.42354888900311888  0.43434994392863052
  0.44512752321748567  0.45606652205946074  0.46770123414911297  0.48013918112324067
  0.49220967905184537  0.50491572462497836  0.51753547588042415  0.53055820499742068
  0.54243137506459582  0.55286143352556549  0.56269847843092557  0.57266711561553896
  0.58273217272767142  0.59298158209572471  0.60314152553849121  0.61402847654634507
  0.62523696837732590  0.63645214498857372  0.64742798958373315  0.65783026048608972
  0.66845206861617268  0.67922279974180844  0.68987835269652220  0.69987037598754631
  0.70993395005427251  0.72054767699077882  0.73129492621766057  0.74213898481278495
  0.75360085925340881  0.76547967911586279  0.77689572752797897  0.78765747932859287
  0.79816739531211478  0.80842566458973009  0.81860571558985906  0.82895971578624705
  0.83966388602200048  0.85039223907244010  0.86070683543077486  0.87110929890245947
  0.88123016575013002  0.89151793722740669  0.90209811518635041  0.91284069371389409
  0.92357551797172033  0.93380594648263171  0.94415296744613786  0.95418472478907768
  0.96520533313852130  0.97636876222855418  0.98840435935618098  1.00000000000000000
 -0.00235277724720105  0.01002701416582181  0.02028771247114104  0.03060897153027366
  0.04158276274335816  0.05229461952641783  0.06228059544498232  0.07142810860840294
  0.08061874424120098  0.09024519372399427  0.09995798797950184  0.10965169270022244
  0.11934847019370076  0.12883369654300408  0.13864759476952665  0.14890955264948000
  0.15919286333194799  0.16913006285631535  0.17924418158121450  0.18953114790879474
  0.20034648926647539  0.21132788140586686  0.22188182588879521  0.23237118532292950
  0.24270014201261986  0.25360382326600389  0.26498267065068548  0.27611731511524490
  0.28718454774880398  0.29836973828212376  0.30979274480073876  0.32167955904679818
  0.33295835890195591  0.34369183303130391  0.35413240048376959  0.36488676084504601
  0.37564281470577920  0.38627890540900989  0.39691416939621538  0.40750544984671122
  0.41814847012989631  0.42920328477151604  0.44002265761293119  0.45087930140377974
  0.46161314127889691  0.47293796593958803  0.48368595737682046  0.49424831989574503
  0.50493978926966809  0.51565117048868070  0.52587847703617618  0.53572992524143093
  0.54571833031007821  0.55578947516056232  0.56600616250786984  0.57590502179605074
  0.58599346517405193  0.59553647336588522  0.60483203682317843  0.61512858869487930
  0.62532569889834644  0.63550190327010769  0.64608035983950618  0.65653032726135430
  0.66675537364428372  0.67629719589290183  0.68640565753358895  0.69689758763694576
  0.70757351184222883  0.71782756679221726  0.72809156615957371  0.73848429596754495
  0.74948922736004497  0.76126110083539633  0.77289876576069816  0.78357128542376131
  0.79411713568105491  0.80450796294423488  0.81498991892239059  0.82532397052108797
  0.83576387928821028  0.84673415048018941  0.85779959157582752  0.86893314015826773
  0.87952025952871271  0.89002167284132905  0.90021996918599723  0.91107822407979666
  0.92273147072085038  0.93458833798849439  0.94552705768898382  0.95591665616417187
  0.96613594414118154  0.97697106358351360  0.98828353943009561  1.00000000000000000
 -0.01133700029979644  0.09144414175562308  0.14650360589121716  0.17058274499237000
  0.18409746553830844  0.19476248959113093  0.20426289943442255  0.21312662362433646
  0.22156621568842153  0.22974119847289376  0.23767949660220605  0.24546436073050071
  0.25313582532012013  0.26076601271680844  0.26823444950133923  0.27556814561484611
  0.28286141296377670  0.29004270182775449  0.29709718626427162  0.30410814900204358
  0.31106419819696218  0.31789956651351109  0.32441153627898328  0.33090263349874610
  0.33742069284961324  0.34417398025939627  0.35099214951198326  0.35805393034583549
  0.36510549776717854  0.37201409102878136  0.37877377254269179  0.38545014320798926
  0.39219728574648854  0.39894745161585032  0.40530250495638886  0.41184791051418329
  0.41817353111928685  0.42448267856938632  0.43072384048739282  0.43696197032265888
  0.44329780828600779  0.44981324427689306  0.45647804951576904  0.46322738774276712
  0.46981914299751726  0.47624341341623116  0.48287493359112632  0.48984422577631798
  0.49697684344309601  0.50394564728867153  0.51057968901726591  0.51703755392832229
  0.52355989865378705  0.52980418123209749  0.53636401223993468  0.54272465298415773
  0.54948612035402999  0.55645060469113972  0.56349818128191043  0.57056936660221136
  0.57764305532101168  0.58461151395553224  0.59155606788807746  0.59848826967842272
  0.60583180203419018  0.61362463530379907  0.62137954745703794  0.62889442129392847
  0.63627528813499523  0.64374266103701694  0.65166152230935825  0.66016913454018733
  0.66889073088409434  0.67771024705951644  0.68706971194847011  0.69649938220600516
  0.70608892856115413  0.71543305862900286  0.72514164559319294  0.73500727652454345
  0.74506961567441232  0.75449384322442592  0.76373780631816957  0.77343588002764840
  0.78412016193600342  0.79531700089228829  0.80686066798123290  0.81907591845519812
  0.83250039532741738  0.84566649917712611  0.85946091154857318  0.87454172379147532
  0.89073311512104247  0.91042040694730297  0.93908015907178799  1.00000000000000000
 -0.01392238493995421  0.08958774204038526  0.12686911293323824  0.14974981505288515
  0.16802660386012708  0.18448685370735091  0.19815500640495559  0.21045185439642608
  0.22166252378939613  0.23248748022004678  0.24238044871721734  0.25206737756756881
  0.26132508670347221  0.27034729608188079  0.27883814306641924  0.28685650906829852
  0.29442998076619631  0.30190877614365030  0.30948597839114900  0.31687367127906579
  0.32447085842242762  0.33199509129926275  0.33954602746673718  0.34695942160934518
  0.35411318841944295  0.36103089894429624  0.36785475567857873  0.37467453996949240
  0.38131955515656407  0.38772106375005178  0.39389837365198216  0.39984565823168655
  0.40551343053295613  0.41106864475916532  0.41657396097820887  0.42196991188373945
  0.42742151700866110  0.43290796981737067  0.43856472079103642  0.44447870383811555
  0.45056459956008194  0.45663158642554269  0.46254052156318615  0.46826623645564519
  0.47392308635969227  0.47965592950456071  0.48528565469555196  0.49086227487082362
  0.49645697877594791  0.50224897673675062  0.50774645943156749  0.51305538407438311
  0.51834490912179243  0.52363100615519875  0.52889454238231215  0.53424548328692634
  0.53972653992829767  0.54534311948997771  0.55121949032071382  0.55706570385244325
  0.56282770101438095  0.56849436768229633  0.57433469320782082  0.58033799168005595
  0.58636480461277152  0.59234101792436489  0.59835973213638038  0.60460021160614830
  0.61118278286696504  0.61792911090095848  0.62456347621435304  0.63126776605924650
  0.63826320172318107  0.64537888944187927  0.65287628371768602  0.66026233044473925
  0.66786872406572162  0.67505083103093810  0.68245900664393688  0.68987525327958765
  0.69743756751260666  0.70538991798546213  0.71375996557374954  0.72207445868739795
  0.73047214460002086  0.73949181541271658  0.74923224547400458  0.75973814559849362
  0.77151839384457166  0.78425998106453498  0.79771851820168826  0.81284259229412026
  0.83153995287793991  0.85459660417112127  0.88925140394004820  1.00000000000000000
   2.9986679948150507E-007  -1.0000000000000000     
 F F F F F F F F F F F F F F F F F F F F F F F F F F F F F F F F
  <DiscreteSampler_grid>
  grouped_processes
  1 # 1 for a reference and 2 for a running grid.
  10 # Attribute 'min_bin_probing_points' of the grid.
  1 # Attribute 'grid_mode' of the grid. 1=='default',2=='initialization'
  0.0000000000000000 # Attribute 'small_contrib_threshold' of the grid.
  0.5000000000000000 # Attribute 'damping_power' of the grid.
 # binID   n_entries weight   weight_sqr   abs_weight
    79   10   7.480969385239711E+002   1.350608832003928E+006   7.480969385239711E+002
    80   10   7.480969385239706E+002   1.350608832003925E+006   7.480969385239706E+002
    82   10   3.997695051410459E+001   3.856853613809974E+003   3.997695051410459E+001
    83   10   3.997695051410456E+001   3.856853613809963E+003   3.997695051410456E+001
    85   10   1.399929264818445E+004   4.729617454381529E+008   1.399929264818445E+004
    86   10   1.399929264818444E+004   4.729617454381520E+008   1.399929264818444E+004
    88   10   7.480969385239709E+002   1.350608832003927E+006   7.480969385239709E+002
    89   10   7.480969385239705E+002   1.350608832003924E+006   7.480969385239705E+002
  </DiscreteSampler_grid>
