  0.02415019793688529  0.03498573080779784  0.04655523646848505  0.05787374756543075
  0.06867066315873112  0.07923294569545178  0.08980889190117808  0.10016104633733713
  0.11062988049817589  0.12096506026093780  0.13153473261962931  0.14177872529506827
  0.15210647926824336  0.16271519930516304  0.17328848214659501  0.18385493525299812
  0.19442364082339925  0.20511706452768691  0.21560817862892373  0.22580433246362736
  0.23610378657602341  0.24671008822057564  0.25754152150163762  0.26836519646702472
  0.27862962248515272  0.28849280836466645  0.29830314040219308  0.30828027711127381
  0.31783838928819158  0.32700355391219077  0.33639088985790855  0.34660249899799445
  0.35699338329633012  0.36708083914147566  0.37680789229616951  0.38671559785921628
  0.39628093893421540  0.40583201103704553  0.41531580229731174  0.42579159372788811
  0.43634850992546032  0.44717220677262615  0.45820633092644930  0.46937047799688703
  0.47988824267835878  0.48976148298729100  0.49934161366965180  0.50861866668589328
  0.51791724272331618  0.52752853729344196  0.53724407479552327  0.54770557965726097
  0.55842623610746533  0.56891045846500798  0.57888828560752548  0.58912968092059426
  0.59977491640361125  0.60984451120517713  0.61922136459537480  0.62852632147350029
  0.63805656903993280  0.64767386399560667  0.65692407248883666  0.66578024282876669
  0.67458081813547488  0.68366673227658370  0.69366998811088731  0.70405797467470588
  0.71363242588978137  0.72299906912089251  0.73223483195324046  0.74227465228327216
  0.75179616538425942  0.76103266096062372  0.77025618573444732  0.77980492343191687
  0.78946463655756072  0.79937627204458772  0.80942422141806136  0.81925273826357325
  0.82906654561894688  0.83929148167800771  0.85001327370912505  0.86091783119665999
  0.87173140740204225  0.88217270806864201  0.89223531225465236  0.90234305012981963
  0.91288721309588494  0.92380513249296425  0.93449658813333869  0.94519400848172930
  0.95608329888338039  0.96575669097005523  0.97081540332347760  1.00000000000000000
 -0.00003643763194439  0.00032267561929685  0.00076657846468992  0.00142006087655551
  0.00225168233794234  0.00327244249396786  0.00453235690466415  0.00593706809858898
  0.00748467385642635  0.00916608676952799  0.01099132982794817  0.01305373030011388
  0.01515391794677778  0.01729754852586884  0.01957342907583910  0.02204379336126661
  0.02470932508574884  0.02746402378396281  0.03025353228273525  0.03301856756585948
  0.03594566995475804  0.03898997426420257  0.04229025927164432  0.04567938168678161
  0.04915060270548528  0.05273621763560606  0.05636898422391529  0.06014383362559886
  0.06418364396578144  0.06835174014900637  0.07255439255483931  0.07678824373301422
  0.08114443872584319  0.08569638870991378  0.09033789477647632  0.09480804509468499
  0.10007273111826026  0.10532146052002622  0.11068136098102162  0.11619581961741822
  0.12203745270587266  0.12813500566781585  0.13429147243464190  0.14048641759670763
  0.14641292816222620  0.15206224155395651  0.15789732795995065  0.16397634785344806
  0.17032771085080650  0.17688648859323380  0.18361115526477065  0.19069038252059431
  0.19852074856678453  0.20637282210973301  0.21415433616255625  0.22186445056859269
  0.22973298217956761  0.23782019769139454  0.24600741464792872  0.25433002695284435
  0.26281136285274082  0.27115336125633782  0.28016205543942202  0.28984582791829711
  0.29994803986870450  0.31035495057038609  0.32081510428972176  0.33154610787929822
  0.34243311572404056  0.35327924406512889  0.36435901996726888  0.37583699806956855
  0.38756862764848027  0.39961900356541252  0.41151569328121812  0.42502491657438285
  0.43856460513372569  0.45268735661452381  0.46740837397792562  0.48248179867019919
  0.49818637268761268  0.51522440690075311  0.53325366453631862  0.55173707687997375
  0.57344938509200294  0.59608469682428933  0.62021926191948651  0.64641955463859913
  0.67560600006368543  0.70911904012316873  0.74664224438147930  0.79060100238925390
  0.84062101244447685  0.89365542789524977  0.94741691223323354  1.00000000000000000
 -0.00217590548276406  0.00909591968649122  0.01955921714338527  0.02999198971359790
  0.04084406545150875  0.05061269510611503  0.06086844286551216  0.07058001426261687
  0.08045856067351842  0.09010907595770826  0.09967044886129042  0.10925552853222739
  0.11893139015446447  0.12903721254937009  0.13888524524917384  0.14879578963396645
  0.15896163679736738  0.16909169585123499  0.18009145239602525  0.19117992400152539
  0.20269807873631940  0.21393139647608675  0.22480410439954696  0.23566018744578210
  0.24658601548777626  0.25704783137049059  0.26716260042571155  0.27780647336710729
  0.28837187865765612  0.29902131828552980  0.30922255315407504  0.31969016617698814
  0.33045833244870793  0.34110885362325299  0.35192109080380279  0.36326854180184898
  0.37525557331942633  0.38655644558292585  0.39768455242872802  0.40837925875794223
  0.41901519823463390  0.42933314079703500  0.43942450906274888  0.44979856785989447
  0.46016982571537091  0.47071484434682148  0.48144404356971332  0.49228699460024228
  0.50326577272124573  0.51432968722443284  0.52558168356726576  0.53626091484418970
  0.54643391938744745  0.55615217983036758  0.56621384620581627  0.57667059084439409
  0.58720380249979554  0.59763688847302177  0.60812999729312922  0.61865745628141444
  0.62896874130389113  0.63900744381938579  0.64914303560611408  0.65953599284709652
  0.67017059335838558  0.68068993603213979  0.69103584980220645  0.70146515168950330
  0.71230322900123177  0.72376294367927918  0.73534168577364423  0.74692068161413427
  0.75822153104220869  0.76997447453076395  0.78125300657732866  0.79236814076828199
  0.80264753903287356  0.81298786391356737  0.82345077164970815  0.83440644488173299
  0.84534578642753844  0.85665738618403553  0.86814022605587904  0.87916484574608400
  0.88987900424373523  0.90034054316711631  0.91050949394429737  0.92018514301527288
  0.92955382733581693  0.93886146614418764  0.94850771263339395  0.95883422417154995
  0.96906450495576968  0.97921493863782572  0.98938141782086908  1.00000000000000000
 -0.00106688711820653  0.00974142218071000  0.01955721424688450  0.02946815795614895
  0.03954287863029661  0.04975709951107139  0.06028375699537152  0.07140847608941406
  0.08281764162188021  0.09429889400580795  0.10577856533018477  0.11742304311210748
  0.12951006799293044  0.14152412497216282  0.15292062728017483  0.16369940282214143
  0.17376994322193207  0.18363940931182471  0.19378204357993539  0.20408286830910352
  0.21421845251969041  0.22381974911845992  0.23457811193825137  0.24600506143658332
  0.25700306971091197  0.26709293981596988  0.27817043728302820  0.28973545765444880
  0.30125683972900064  0.31223528345620832  0.32272103119743739  0.33299775169410006
  0.34304321651472114  0.35282751013258729  0.36256455722772674  0.37230731334252221
  0.38218993415601282  0.39241846775879136  0.40292535482219838  0.41358089404760495
  0.42423706696863028  0.43468982417722218  0.44524393543003099  0.45577935699618771
  0.46622520423538527  0.47638728116247409  0.48637160492104575  0.49635506493458004
  0.50650597343564652  0.51697906623548484  0.52760854744978258  0.53837213464197842
  0.54895834505675167  0.55915504084732992  0.56903956813907564  0.57914809856908922
  0.58952354455850253  0.59979249641785881  0.60952090839816520  0.61881900887200836
  0.62839992192308858  0.63855317574440107  0.64866697166641429  0.65818475350044081
  0.66749390996391134  0.67700252767555624  0.68679428200832893  0.69634659769340368
  0.70604455398550869  0.71628551978828137  0.72629013239101625  0.73616648770605686
  0.74606659992049484  0.75710990568628578  0.76876864370172870  0.78059479342804039
  0.79215844607789598  0.80370823013497672  0.81541378150015886  0.82707028280588357
  0.83900379217065024  0.85114305284411040  0.86321117943347003  0.87532931528963376
  0.88697218961112978  0.89815785611779930  0.90854141620224649  0.91882012876069596
  0.92926591090985755  0.93994114673918583  0.95034408169462070  0.96032744994241581
  0.97017450928804227  0.98021369588073326  0.99012412944144745  1.00000000000000000
 -0.00213835856663464  0.00955107359780211  0.01941996883751981  0.02954835614265298
  0.03989979637240204  0.05087981349194294  0.06202536574256644  0.07237709072010690
  0.08292415929224228  0.09327558326849303  0.10357960869301704  0.11339008366455713
  0.12312108995171722  0.13323787980916768  0.14353821320075472  0.15409999780129929
  0.16474099155323330  0.17602472133935090  0.18725161544058022  0.19814741975214439
  0.20889524440658003  0.21966862234418832  0.23055777828482207  0.24122289951919110
  0.25202019074946463  0.26364071599537181  0.27471871701217881  0.28602457910407580
  0.29665650875032412  0.30757475674719614  0.31812629767260625  0.32886590915154401
  0.33940301093856579  0.34999409144934651  0.35986072261501562  0.36925624368935006
  0.37867129324243864  0.38819015975355747  0.39817081992084741  0.40838864418345472
  0.41876793890253178  0.42961937446228804  0.44048006905550768  0.45181492250309491
  0.46252380905658264  0.47251445547734550  0.48307942513754548  0.49395982947587647
  0.50455746458460593  0.51508778206149375  0.52539340265441015  0.53567137858579039
  0.54566557503534174  0.55528874115761429  0.56479460671689141  0.57414633278238802
  0.58361327516144812  0.59364101469308561  0.60412332650241318  0.61433502805005258
  0.62465464868082987  0.63456219261391467  0.64467329975526155  0.65485932089600685
  0.66511437517346683  0.67547130553506973  0.68568218801799918  0.69665040441403214
  0.70801814062638690  0.71941330610939325  0.73108607024747929  0.74231927065379488
  0.75290357434750221  0.76310260976204558  0.77298123665953244  0.78291079600683500
  0.79295768630412689  0.80347315869629454  0.81390307738159351  0.82393319813276267
  0.83418068985330629  0.84485381680648142  0.85591284837941184  0.86724050962975952
  0.87855926812812624  0.88952121361031644  0.90049698385154242  0.91159332083066014
  0.92195765566765653  0.93130644894270043  0.94101493167114891  0.95167033318481442
  0.96323632827093109  0.97516763043713572  0.98746481482968751  1.00000000000000000
  0.00789212811230612  0.08009573503823808  0.10364696451526895  0.11631594035068546
  0.12673949081276217  0.13590368508166806  0.14456679866061672  0.15277578556450400
  0.16082037614826175  0.16864282208729722  0.17610363213903216  0.18332060826023439
  0.19043552917919970  0.19752228669811017  0.20452785609145574  0.21121173239241528
  0.21754837084870624  0.22399445909896040  0.23054733563601124  0.23734910275734802
  0.24430839108928198  0.25136315251719937  0.25841158911058137  0.26521376779268596
  0.27197602269680388  0.27881400656865740  0.28567617693635872  0.29256477271707265
  0.29923512753536247  0.30581197812821947  0.31247689007719293  0.31959442327491172
  0.32694701695939998  0.33437112438565231  0.34180232414963585  0.34933930597400370
  0.35689564013963887  0.36441255993459049  0.37195371118380460  0.37940760008674018
  0.38671686521405596  0.39405281737492293  0.40155670506558844  0.40929420328011706
  0.41709860877476701  0.42482646875193580  0.43252935182036772  0.44007896449028044
  0.44797238497493153  0.45581709945487464  0.46358169757861628  0.47136820154512377
  0.47913223892281004  0.48700224243567508  0.49508144488899219  0.50316300331025399
  0.51099337973789249  0.51874570325550196  0.52684183457748002  0.53530773724815339
  0.54373929554068101  0.55181573554920071  0.55977018392629252  0.56774597290147499
  0.57616694990306339  0.58482866120532739  0.59348424539166988  0.60207705592308980
  0.61119142412828276  0.62057422170054655  0.63002284376828321  0.63972196101451728
  0.64999805847743708  0.66066514194666526  0.67112261358180214  0.68124569581516659
  0.69149986588335111  0.70181612060901066  0.71186394446945078  0.72201579990919540
  0.73266516837404438  0.74420474007732551  0.75608340800971940  0.76830710435922611
  0.78046790637515462  0.79302409525993345  0.80616749899980389  0.82013260774565522
  0.83505104093200622  0.85127323521032527  0.86749203677824305  0.88434597122425662
  0.90220419908165750  0.92321753840497578  0.95114662118634541  1.00000000000000000
 -0.01930419901240678  0.12316247715857970  0.16702411071909712  0.19655573453020034
  0.22162441009812747  0.24323571498940463  0.26225848332118185  0.27954564516379060
  0.29522746280746576  0.30898632894006256  0.32164336677146582  0.33380763677833702
  0.34589316322119551  0.35763277771964708  0.36865397156087143  0.37884177926753293
  0.38810349693816265  0.39733336502377320  0.40646872750585150  0.41554561642739185
  0.42437699607724128  0.43305109180676121  0.44159374824627151  0.45017308890237434
  0.45860679558214346  0.46656498548365011  0.47416412431254013  0.48146935257026008
  0.48869216011796351  0.49597037589652015  0.50327026688736998  0.51047991126306635
  0.51747148365042117  0.52433248736775295  0.53125328916787007  0.53821961024521747
  0.54513134327414658  0.55200575372816130  0.55883249731077944  0.56541579366980088
  0.57210437941835224  0.57890715939313708  0.58579664081837624  0.59244340297214670
  0.59895162212889153  0.60538641433862328  0.61159987489336143  0.61753768097867323
  0.62324328368122806  0.62884374542033228  0.63444049903650790  0.63998447973579975
  0.64550409634769801  0.65086980091129332  0.65612216721534600  0.66139178925290343
  0.66666498123173112  0.67206081701392761  0.67747292327903563  0.68282131486102449
  0.68812299511946251  0.69343892725940359  0.69876540672810050  0.70406926832742822
  0.70954249117583168  0.71507478517470857  0.72071186271898680  0.72630603912174041
  0.73193218419631045  0.73750224754887594  0.74301335506394184  0.74857967330337372
  0.75414717582665103  0.75976179881138051  0.76547828709527688  0.77115380424443658
  0.77679120434879290  0.78231185957900884  0.78779974900159799  0.79330499351555794
  0.79895184687134646  0.80481376407861838  0.81082827002523283  0.81743212936803555
  0.82427567249282940  0.83127532157402262  0.83820590337250367  0.84543935361418365
  0.85300776457716010  0.86167259908569827  0.87089874424547942  0.88194408749435227
  0.89513243567966438  0.91284966984600469  0.93902629371671587  1.00000000000000000
   2.0459651803840904E-006  -1.0000000000000000     
 F F F F F F F F F F F F F F F F F F F F F F F F F F F F F F F F
  <DiscreteSampler_grid>
  grouped_processes
  1 # 1 for a reference and 2 for a running grid.
  10 # Attribute 'min_bin_probing_points' of the grid.
  1 # Attribute 'grid_mode' of the grid. 1=='default',2=='initialization'
  0.0000000000000000 # Attribute 'small_contrib_threshold' of the grid.
  0.5000000000000000 # Attribute 'damping_power' of the grid.
 # binID   n_entries weight   weight_sqr   abs_weight
    31   10   4.574915166989728E+003   2.860817751854027E+007   4.574915166989728E+003
    32   10   4.574915166989728E+003   2.860817751854026E+007   4.574915166989728E+003
    34   10   8.561133319121943E+004   1.001812904843642E+010   8.561133319121943E+004
    35   10   8.561133319121941E+004   1.001812904843642E+010   8.561133319121941E+004
    43   10   2.444752114583270E+002   8.169467741684243E+004   2.444752114583270E+002
    44   10   2.444752114583269E+002   8.169467741684243E+004   2.444752114583269E+002
    46   10   4.574915166989729E+003   2.860817751854026E+007   4.574915166989729E+003
    47   10   4.574915166989727E+003   2.860817751854026E+007   4.574915166989727E+003
  </DiscreteSampler_grid>
