  0.00877241126723939  0.02096148650183985  0.03259818173492355  0.04115929932523165
  0.04633348645375418  0.05074003972659955  0.05619166072709803  0.06356212654795518
  0.07418350965036380  0.08586239805906806  0.09225687651466441  0.09824766140613726
  0.10395021235557013  0.11003327163247675  0.11707075664327482  0.12699922213290940
  0.13895386183872782  0.15184740011129813  0.16443556888068384  0.17684146733083850
  0.19010988308510199  0.20599702855674948  0.22433882195688465  0.24011853680375481
  0.25008817511276660  0.25775773408348723  0.26588312262861785  0.27707701876545182
  0.28953135998872243  0.30163248733323378  0.31150759662322508  0.32287526008588840
  0.33312665501892497  0.34293578945569042  0.35281886827062259  0.36193614647349270
  0.37155430025085923  0.38317542258837572  0.39326971138492411  0.40422188597933356
  0.41380208023404891  0.42209038905119778  0.43005793672921488  0.43982749746621302
  0.45108916619133910  0.46338735411407950  0.47590845259995229  0.48750584960496540
  0.49881726626216250  0.50907692233284851  0.51818528725666080  0.52699343617420280
  0.53587810821671933  0.54912965277452652  0.56653267024481679  0.58441141203205538
  0.59817602177063589  0.60891300148149941  0.61653076472054835  0.62305760852460412
  0.63002675095854466  0.64082726214241403  0.65171671302860135  0.66160695337610154
  0.67033370132637615  0.67950343296204252  0.68953133270426659  0.69969241260507853
  0.71078093909583362  0.72127010434599070  0.73118294778589377  0.73958906691344173
  0.74837978325787213  0.75876457496974670  0.76977163733453413  0.77832314311283901
  0.78846361132550846  0.79943757182971131  0.80867988473923125  0.81559556546371526
  0.82165391725066517  0.82829285371169004  0.83528576499912954  0.84690699722804730
  0.85869168584238653  0.87154602619275989  0.88573939551418257  0.89703379756165269
  0.90719077964277206  0.91638443561653149  0.92625028740540327  0.93520257472469615
  0.94873173077229478  0.96003710475783721  0.97395001796677394  1.00000000000000000
  0.00010553853250432  0.00012204070751913  0.00013197750587688  0.00014225011183970
  0.00015211094791889  0.00016091978720897  0.00016932879641664  0.00017620649131059
  0.00018319438455666  0.00018932665946207  0.00019593187340470  0.00020299388503333
  0.00020976675766089  0.00021612229165268  0.00022199183296568  0.00022711712862928
  0.00023165378135842  0.00023673168828497  0.00024199624343116  0.00024781109733105
  0.00025452351941145  0.00026239908903283  0.00027017406721095  0.00027740660254308
  0.00028455121746169  0.00029217536025926  0.00030053995212546  0.00030804636561115
  0.00031289562097498  0.00031711216056003  0.00032172924543332  0.00032790515502926
  0.00033494491860316  0.00034224812143292  0.00034837938074429  0.00035414001777150
  0.00036064124789492  0.00036834465188811  0.00037571717647872  0.00038184455571236
  0.00038775690091088  0.00039332520693735  0.00039954778294220  0.00040668266658610
  0.00041431575701943  0.00042397933999472  0.00043465002532628  0.00044488647484060
  0.00045538109055577  0.00046589487596259  0.00047851849458067  0.00048795230599240
  0.00049589298129659  0.00050299550299792  0.00051008249715439  0.00051862671536799
  0.00052995297489897  0.00053830523850889  0.00054648997181326  0.00055564359104087
  0.00056667445674777  0.00057899330220147  0.00059880686591757  0.00061920990545501
  0.00063971147185151  0.00066359841180962  0.00069265667744678  0.00071723205114997
  0.00073284373337269  0.00074951648694919  0.00076657543192889  0.00078390522344835
  0.00080328190983940  0.00082254729155300  0.00083860000304479  0.00084961703592442
  0.00086064885328303  0.00087390148950503  0.00088715412572703  0.00089778871884194
  0.00090831518083995  0.00093135453632909  0.00094785450260150  0.00096458263953687
  0.00098724644354683  0.00102815117899265  0.00107834190446360  0.00112822270922444
  0.00118901442965949  0.00130587424599813  0.00144890820647242  0.00160989871318705
  0.00183781415529515  0.00235407752494837  0.05857497140848099  1.00000000000000000
  0.00000226434102355  0.00000400073064537  0.00000457520381873  0.00000527522786171
  0.00000604045596375  0.00000668576985023  0.00000741568718234  0.00000858881699835
  0.00001013926496086  0.00001143612696391  0.00001245852159034  0.00001335662474427
  0.00001430473586844  0.00001529973462918  0.00001623916391820  0.00001741239164938
  0.00001889362007908  0.00002057607767104  0.00002225244352454  0.00002384447920073
  0.00002561864996841  0.00002712208290246  0.00002824990270987  0.00002930868502185
  0.00003052108343988  0.00003181000924850  0.00003337633873388  0.00003507964908875
  0.00003676651091941  0.00003822108129053  0.00003951339798622  0.00004064608762251
  0.00004189696419985  0.00004307501377822  0.00004455275459212  0.00004602052276944
  0.00004737219387544  0.00004877580420922  0.00005029386037559  0.00005190603136071
  0.00005353016417000  0.00005511695346208  0.00005655193749934  0.00005833164363321
  0.00005985900462126  0.00006137734196840  0.00006284859619568  0.00006421602928122
  0.00006566666197071  0.00006709578165611  0.00006855137542351  0.00007011553032174
  0.00007186460622009  0.00007380039328098  0.00007598404524704  0.00007845806741037
  0.00008111797566065  0.00008428507288929  0.00008687593355200  0.00008943101714067
  0.00009235380130345  0.00009544546058324  0.00009833848339683  0.00010120183593913
  0.00010481398510091  0.00010825954839947  0.00011115866594605  0.00011391926715575
  0.00011774700327317  0.00012190110579942  0.00012646303289016  0.00013256898837935
  0.00013925898608353  0.00014593534674454  0.00015415704573631  0.00016216141479394
  0.00016943011927786  0.00017644332048059  0.00018333653380303  0.00019179379247699
  0.00020399739742230  0.00021964776760528  0.00023651998508274  0.00025468461742305
  0.00027757927413876  0.00030852967162531  0.00034652412753064  0.00038946678021791
  0.00043724943228865  0.00050675496756371  0.00058519688838053  0.00068216857397110
  0.00081759898911496  0.00135922421351894  0.03708927903235786  1.00000000000000000
 -0.00329239751645738  0.01648960859927707  0.03030598784592164  0.04358690692747897
  0.05570360768562721  0.06767727099575727  0.08033169890046032  0.09433663739937959
  0.10925870639612699  0.12098095316575709  0.13139693242908668  0.14180233499463929
  0.15132277574377881  0.15850964576447427  0.16501301578173769  0.17131729283823466
  0.17864682244451940  0.18715697035430681  0.19863069605759062  0.21036640408953899
  0.22019592132653990  0.23110166407646013  0.24291679860350213  0.25442094215678679
  0.26373059686769024  0.27133044557769387  0.27832208357298183  0.28572403908115113
  0.29415164355821910  0.30213927901227056  0.30881588648992797  0.31559434009753917
  0.32873819466545223  0.34228542676706858  0.35208823809326217  0.36117728506735547
  0.36964267450621013  0.37696998035906693  0.38741578523959402  0.39816035360854696
  0.41212695641072500  0.42358350280026669  0.43129947786583200  0.43948555976217507
  0.44794101011177251  0.45666899461474358  0.47051265851128965  0.48455762362592630
  0.49792730068561775  0.51118214683837704  0.52485445094192773  0.53961315258195586
  0.55701534800600661  0.57395291655599501  0.59288951709281845  0.60940625425686401
  0.62452154251188807  0.63347435193795465  0.63897086606780262  0.64438148318611754
  0.64990157289875528  0.65822943259645661  0.66796822433455783  0.67794659229418752
  0.68634821529774126  0.69448158784014746  0.70250037584742442  0.71163394080717757
  0.72176820031910405  0.73289343150986697  0.74445839194462327  0.75362211620962638
  0.76245188502685857  0.77256915741672449  0.78313963153520083  0.79269947643581640
  0.80061537371427338  0.80800042224127056  0.81648358260737830  0.82623199683040804
  0.83614656223747663  0.84695884716652836  0.86100975498006016  0.87593964862778706
  0.88904028583373917  0.89949939940266310  0.91048922745869088  0.92081966580180563
  0.93036430350850241  0.93929381397769596  0.95005586912393447  0.96126434994852983
  0.97092925597605884  0.98063112731087276  0.99002249569469558  1.00000000000000000
 -0.00202946692043701  0.01030140801626874  0.02200851817683091  0.03206404165966602
  0.04023649949917742  0.04809953567395792  0.05640919684620480  0.06550562927353341
  0.07535522877574999  0.08509630852948570  0.09551681865502255  0.10757049968538562
  0.12163959814495422  0.13204271362403941  0.13645371640496085  0.14069872049432569
  0.14514444793378714  0.15000161235800424  0.15818375539941767  0.17152519782838457
  0.18363121116483852  0.19354336265373315  0.20436527515879466  0.21883035046415777
  0.23729591714768955  0.25160907382191922  0.26384304944879267  0.27411432780539696
  0.28283215418017715  0.29130922418700966  0.29962349699241358  0.30895639381046613
  0.31732524136987839  0.32532733319737339  0.33547871058379619  0.34665557386238505
  0.35847280864207287  0.37154208732372562  0.38545431351316539  0.39615168672058781
  0.40463659193233426  0.41454716919609919  0.42448624516202454  0.43422182571152046
  0.44587327105193042  0.45752012894000249  0.46923990881526251  0.47885046315122709
  0.48825366130767622  0.49800488533156018  0.50801554468888999  0.51980335108564146
  0.53297258251883728  0.54593854548542708  0.55850511205530129  0.57016567667894735
  0.58098516777677700  0.59150257060497968  0.60185840203147023  0.61229204681061444
  0.62305499072440140  0.63399646169945223  0.64638445895626995  0.66134372518354079
  0.67256712572208532  0.68170160690947734  0.69104296414113142  0.69834849711002667
  0.70743417379180762  0.71554147909012122  0.72234791021413980  0.72863393041328306
  0.74029030366938298  0.75417183694086432  0.76694032930575251  0.77771301899386136
  0.78695543663069323  0.79613522701017381  0.80807259627142947  0.82378382266161010
  0.84178813701601918  0.85796518961404544  0.87257854622171305  0.88264395994113620
  0.89013246504415233  0.89864187963746534  0.90753465676173251  0.91570402823614994
  0.92318368600862322  0.93075241002964748  0.94004626545712655  0.95002136816280591
  0.95968062360124273  0.96997582115159142  0.98232652424950440  1.00000000000000000
 -0.02146613257071074  0.14755628792716088  0.21653187484456810  0.26335301945685125
  0.29813009174510086  0.34201137601457043  0.37606413386197668  0.39850053327192703
  0.41654951788817640  0.43678751156517531  0.45669245868447034  0.47719677868898813
  0.49791544197454923  0.51475319171429834  0.52978721073682589  0.54586782269610956
  0.56453987067969891  0.57987466583684766  0.59227726936945613  0.60314777966055555
  0.61495954087267812  0.62465080405598938  0.63278770681581575  0.64002102592592813
  0.64808985464867863  0.65532907155029796  0.66142844784214871  0.66715529682575292
  0.67276694253749958  0.67784777337589530  0.68224752915738407  0.68769071031744311
  0.69518430977923362  0.70399904433611948  0.71041405969771165  0.71647847519659524
  0.72187517403794987  0.72597964801086512  0.73035007741535207  0.73582656018967163
  0.74088860121267974  0.74525900343095641  0.75152604102053033  0.75775290724751709
  0.76298246093105448  0.76839371817458790  0.77360248610674209  0.77855388140912840
  0.78425475111368281  0.78964567890111748  0.79381674372863198  0.79695687332655518
  0.80029497133810645  0.80370540883393149  0.80800637891462879  0.81243387165287173
  0.81772906212265228  0.82353341530372748  0.82876579398120909  0.83464418669580687
  0.84105754201457217  0.84650137277054727  0.85046112935482532  0.85505831649018571
  0.85992379473391922  0.86502495167239613  0.87206642954515845  0.88025841006212024
  0.88789625909563874  0.89436696073934785  0.89991858919437884  0.90488524372613610
  0.91091540284827066  0.91624519907194579  0.92021659820988799  0.92378848038059191
  0.92700568051428711  0.93054461663420018  0.93428362340457571  0.93870925930597493
  0.94344159963186702  0.94696728484665049  0.95015169772322838  0.95333750606825751
  0.95740277500891757  0.96178094836045636  0.96553456531007542  0.96901293212494788
  0.97258098427679851  0.97649473642491658  0.97994920805340413  0.98299994998250151
  0.98583750555227001  0.98873589497865111  0.99334934090016003  1.00000000000000000
 -0.00209473193639284  0.01068287840270045  0.01894500431603480  0.02678683985483189
  0.03380351633254676  0.04155870855020111  0.04900251400531504  0.05672215156905947
  0.06655189500007797  0.07660542830873181  0.08665315097420982  0.09722322420580311
  0.10883168133764896  0.12205487011982112  0.13256211101194681  0.14247960786192312
  0.15069377760625816  0.15644420271241613  0.16256912319990216  0.16921792710856709
  0.17589239292275941  0.18495643688107929  0.19638701018071877  0.20815301630305150
  0.21885667153834948  0.23170301510524358  0.24634647531197543  0.25994728406714218
  0.26863107691119131  0.27605100531751081  0.28186660726932128  0.29074475967562696
  0.29887963214303476  0.30892947982439506  0.32246546382967506  0.33901405242039040
  0.35483065360423344  0.36819562620689450  0.38010346932424521  0.39353989113645893
  0.40763150063142450  0.42189620270354339  0.43535403622436591  0.45081249913024390
  0.46298271767221005  0.47430862805723828  0.48311261261213911  0.49326948783664004
  0.50437558255981430  0.51640596208707756  0.53258034498763751  0.54575718250658611
  0.55663612730160961  0.56699509051271935  0.57860100271826520  0.59068765164760917
  0.60237079403703842  0.61428908667096183  0.62521657315681500  0.63335242726360574
  0.64035931029221116  0.64862762646295979  0.65877561996896106  0.66781024066056760
  0.67577058167437731  0.68456055277442518  0.69435440996768871  0.70692414089761668
  0.72175141164234413  0.73803464237738758  0.75299237600925950  0.76514448314464678
  0.77604734566535682  0.78608140689468009  0.79579203810991872  0.80680232821627873
  0.81669329926597711  0.82603848861660201  0.83585682040956055  0.84493439445708296
  0.85489013609429132  0.86536145137245724  0.87517852669623708  0.88391615721583583
  0.89300528685363856  0.90231972304401686  0.91227765069895439  0.92335920046350073
  0.93658283751174898  0.94583026514905044  0.95394458943416793  0.96141779086376722
  0.96791801855987736  0.97710010586669549  0.98822857144451848  1.00000000000000000
 -0.00146145878133593  0.00781210948440498  0.01707917921512504  0.02509399494901026
  0.03307277934187047  0.04244747077384956  0.05172599607804613  0.06081587020440384
  0.07058804848944930  0.08044230535720187  0.09021260562444791  0.10112547981916399
  0.11242631012557167  0.12423507264341570  0.13654315137194487  0.14849523614814786
  0.15751572906051195  0.16663405959880809  0.17694199863946120  0.18717017644732958
  0.19525416213205057  0.20286217855517152  0.21098069881204590  0.21992797797902031
  0.23022854440872431  0.23844399659580645  0.24639525990491784  0.25416072080423308
  0.26245681535442217  0.27082299793690956  0.28139581433056121  0.29452973937582239
  0.31043278722534551  0.32487568629659996  0.33824329684396054  0.35055975359989389
  0.36234044248328090  0.37476460152462210  0.38634073770841149  0.39713777560655228
  0.40727770540089847  0.41727220800079023  0.42706422956787909  0.43595590127519168
  0.44617498218919993  0.45772752154559915  0.47093092928548053  0.48463167960950371
  0.49814619528575244  0.51135775655545479  0.52428178093869005  0.53763883813477042
  0.54967253677746974  0.56215945874281181  0.57656048342722976  0.58836225311676660
  0.59691814710550106  0.60436547894973980  0.61205910449504841  0.61984324517125622
  0.62681398250711196  0.63491262000640125  0.64319149479483662  0.65454184524127967
  0.66946895115809713  0.68376037597206907  0.69651353454444820  0.70831996675649389
  0.72081936758270959  0.73254487024051229  0.74392399304257817  0.75500095570512926
  0.76569409203216821  0.77510532956584766  0.78414203987136744  0.79135917186182658
  0.79933415252582851  0.80736352568234571  0.81493811603364963  0.82761986231487661
  0.83851657456506512  0.84683890235120785  0.85372052234664131  0.86201724942532654
  0.87029041456841938  0.88017145611072334  0.89070961050236119  0.90054500597480658
  0.91381116036421128  0.92757415608737559  0.93888449261108664  0.95110594817349070
  0.96567815859727058  0.97756632906084784  0.98736111457158893  1.00000000000000000
  0.00339043098483777  0.33811409332694381  0.39042692001938983  0.41924560514307030
  0.43203749381924306  0.44706424919105964  0.45746141142737295  0.46540191689380950
  0.47248240716068046  0.47832236120590321  0.48411568907467495  0.49021336595644655
  0.49668034627900404  0.50367860667926301  0.51074763051834116  0.51686064011721500
  0.52224618032058701  0.52722014077882440  0.53184546636298424  0.53594594026209763
  0.53972484229819540  0.54345676609584082  0.54751407886692249  0.55144054446651292
  0.55540416765346656  0.55963983484495938  0.56436029215811367  0.56881518372982554
  0.57315102943714802  0.57770348399090310  0.58262093455315545  0.58732627593649978
  0.59133302259427800  0.59519525333810341  0.59993954746343170  0.60495808713362942
  0.60996034713335145  0.61522363142922265  0.62059208474304317  0.62516326941853617
  0.62902482025633388  0.63278698768380004  0.63636749022763039  0.63949743365408396
  0.64294390107040755  0.64689291971277108  0.65072125080069265  0.65492129074206107
  0.65902255880234462  0.66296309776109108  0.66698022763310427  0.67142955866443099
  0.67633095481893613  0.68060204368650223  0.68407658719178976  0.68838155192831219
  0.69403239315902288  0.70009719930697378  0.70607909404507208  0.71205994459370991
  0.71918785343398905  0.72726396060099008  0.73620136054137253  0.74505294420434320
  0.75364317240347167  0.76117375764422890  0.76825432955670103  0.77488648555988282
  0.77956131012627972  0.78345969035853924  0.78751356684060203  0.79086891533915848
  0.79544793564075822  0.80158489795813559  0.80835820403767178  0.81402697287712023
  0.81953046391727102  0.82515587442846794  0.82999412267355943  0.83473537028928380
  0.84092402447318737  0.84636986365269273  0.85179389169430975  0.85822654300371404
  0.86488278857199441  0.87250192734857457  0.88050376266357400  0.88917434373400306
  0.90058436479929160  0.91239398489447221  0.92315980124653252  0.93359234683993764
  0.94576971151104272  0.96086912607530983  0.97593194722318166  1.00000000000000000
 -0.02799391574891495  0.14502701710475194  0.18567706693580927  0.20920719604256324
  0.23327325676353641  0.25489757137275620  0.27228676011056174  0.28367329624196219
  0.29455359373268380  0.30530085332331613  0.31790590794327633  0.32983901398563020
  0.33906958484146232  0.34696663648401427  0.35469910931592580  0.36202181202560257
  0.37097002152969066  0.38087182096841271  0.39051920417533487  0.39905344446009600
  0.40752394157108773  0.41541745549490350  0.42418664625122432  0.43201452116532890
  0.43855623881286238  0.44506822238411164  0.45174008988884612  0.45899189317599198
  0.46702265816380717  0.47486618830898031  0.48272576443692600  0.49043111063456019
  0.49758747868193132  0.50455924983418055  0.51182313656771405  0.51805570155868585
  0.52426685500630466  0.53207875065775800  0.53918770768165758  0.54552125210570535
  0.55307129898144758  0.56152816064921696  0.56902230680814914  0.57596687568681626
  0.58304200793511918  0.58996023388942476  0.59781538642703080  0.60579445180165925
  0.61435712013684207  0.62092828829240354  0.63046310475635270  0.63667740269830875
  0.64197717240256524  0.64679261920076481  0.65170323097796912  0.65744033565211135
  0.66561182264937868  0.67095753825066273  0.67538918421986527  0.68107540874625516
  0.68588666323056291  0.69067657835911933  0.69559291212141994  0.70027983350606648
  0.70507505394624370  0.71034566097229090  0.71553489266221559  0.72049898614021946
  0.72598571415537450  0.73236698099255770  0.73920063807208813  0.74429241854177830
  0.74902731309843507  0.75428750660734756  0.75960948746146462  0.76459617762571253
  0.76904189366212516  0.77414058597041890  0.77952748497177238  0.78472823400468761
  0.79001414479818532  0.79518041161127340  0.80045218954897557  0.80658925832251782
  0.81315515474150246  0.81969184324838817  0.82651954319398835  0.83325026329484320
  0.84058157936888545  0.84913424302996565  0.85944589616745093  0.87250798978331501
  0.88471535328870332  0.89829503473992367  0.92025473443861172  1.00000000000000000
   6.5388396823722137E-010  -1.0000000000000000     
 F F F F F F F F F F F F F F F F F F F F F F F F F F F F F F F F F F F F F F F F F F F F F F F F F F F F F F F F F F F F F F F F F F F F F F F F F F F F F F F F F F F F F F F F F F F F F F F F F F F F F F F F F F F F F F F F F F F F F F F F F F F F F F F F
  <DiscreteSampler_grid>
  grouped_processes
  1 # 1 for a reference and 2 for a running grid.
  10 # Attribute 'min_bin_probing_points' of the grid.
  1 # Attribute 'grid_mode' of the grid. 1=='default',2=='initialization'
  0.0000000000000000 # Attribute 'small_contrib_threshold' of the grid.
  0.5000000000000000 # Attribute 'damping_power' of the grid.
 # binID   n_entries weight   weight_sqr   abs_weight
    25   10   9.746181568814509E+001   8.888724441147568E+004   9.746181568814509E+001
    26   10   9.746181568814521E+001   8.888724441147584E+004   9.746181568814521E+001
    28   10   7.499253420469302E-001   1.375493616581332E+000   7.499253420469302E-001
    29   10   7.499253420469320E-001   1.375493616581339E+000   7.499253420469320E-001
    31   10   7.499253420469302E-001   1.375493616581332E+000   7.499253420469302E-001
    32   10   7.499253420469317E-001   1.375493616581338E+000   7.499253420469317E-001
    34   10   1.042534431196683E+002   8.091378481091878E+004   1.042534431196683E+002
    35   10   1.042534431196684E+002   8.091378481091892E+004   1.042534431196684E+002
  </DiscreteSampler_grid>
