 -0.00000397979436489  0.00000116801942556  0.00000304909139559  0.00000493016336563
  0.00000681123533566  0.00000869230730570  0.00001057337927573  0.00001245445124577
  0.00001433552321580  0.00001621659518584  0.00001843669329197  0.00002083459095952
  0.00002323248862707  0.00002563038629462  0.00002802828396217  0.00003042618162972
  0.00003282407929727  0.00003526654567572  0.00003780119951241  0.00004033585334911
  0.00004287050718580  0.00004540516102249  0.00004793981485918  0.00005047446869587
  0.00005664598144188  0.00006847465462877  0.00008205478642265  0.00009919085255950
  0.00012030414934692  0.00014324356390296  0.00016743752556889  0.00019152771162989
  0.00027530201285441  0.00036788320827367  0.00046212857906992  0.00055726268069085
  0.00066438754469240  0.00078505604181697  0.00093563512165013  0.00120270744549156
  0.00177393237513600  0.00252480969956959  0.00355758237564778  0.00479879671802780
  0.00768122589293237  0.01477552846050022  0.02766184040914513  0.05152687190262287
  0.08871494294291291  0.12573437503423715  0.16205950450393997  0.20576310136130227
  0.25009528220203264  0.29339494317566073  0.34347996141351284  0.39849583667293392
  0.44716144803391322  0.49630655163735282  0.54807473511745008  0.59128755451359505
  0.63506320242177450  0.68078281829620724  0.72327893526971598  0.76239817275846600
  0.80198651563955847  0.84012834969649974  0.88217209293373833  0.92486820341943266
  0.95885157732861048  0.98083504525990772  0.99113934145867366  0.99548642233740769
  0.99682898948028265  0.99742281788140319  0.99793951345234511  0.99835329032547426
  0.99871600956294004  0.99898963843219890  0.99921498736896586  0.99938637706242239
  0.99952754779423947  0.99960728458774195  0.99965506386968495  0.99970108544672354
  0.99974130939121497  0.99977890133822500  0.99980974277942991  0.99983810097985781
  0.99986496874768005  0.99988911444690087  0.99991130001607276  0.99993194494911841
  0.99995002224975982  0.99996715543776304  0.99998361236048572  1.00000000000000000
 -0.02211551253627831  0.07782234037964525  0.14947552095289446  0.20107948992906499
  0.21053137736762456  0.21363622910966873  0.22029276185516589  0.24379694364237722
  0.28844157220365346  0.30978104102418119  0.32634249237853824  0.34129918440493473
  0.36661101339383850  0.38620618182995992  0.39513456819323939  0.39994343871552096
  0.40445257169130316  0.41096095492469847  0.42235434557393675  0.44004180164798523
  0.44738736154868386  0.45078021207542590  0.45550721132920319  0.46093091464250885
  0.46519815172534706  0.46854056301156644  0.47301837104482464  0.48142588566201705
  0.48948658019176761  0.49715454712244639  0.50172208215980874  0.50628961719717103
  0.51086139510045969  0.51544025835768470  0.52001912161490960  0.52486190527012444
  0.52984549418267146  0.53482908309521848  0.54757013700002877  0.55933236327006319
  0.56503033067770880  0.56949802597563792  0.57332460391580065  0.57691394873845558
  0.58343251288308107  0.58945034246766936  0.59695531910409616  0.60573121212135173
  0.61406778436234277  0.62180664936912322  0.62647030671124349  0.63242782682036025
  0.63897471072318146  0.64463407009728324  0.64711989295290462  0.64797694475192880
  0.65070959874881151  0.65658087387611941  0.66111627374618676  0.66473987937060020
  0.66991305420725977  0.67325218972657042  0.67526075994221324  0.67698407051072751
  0.67926115879709525  0.68899373107799211  0.70641524147466883  0.71886303551490704
  0.73035855681693007  0.73896508481924983  0.74635937204259239  0.75265295369699281
  0.75498637384560296  0.75731979399421323  0.76299026612707077  0.76912935895758450
  0.77668238263205058  0.78573999970256014  0.79515315310752610  0.81219250674497068
  0.82768488325968748  0.84171644640134791  0.85267195331563939  0.86381745189316850
  0.87751888825137692  0.89613862416271683  0.91732879297215175  0.93749477091360434
  0.94990391853446798  0.95855336510609879  0.96803771624702684  0.97807564851227291
  0.98503611286105630  0.99049913448581983  0.99540891135613030  1.00000000000000000
 -0.00376165713895563  0.01883660876644627  0.02889618901967017  0.03671768152931919
  0.04380883278393187  0.05571484381008793  0.06660710038722739  0.07443781627383118
  0.07880663377955746  0.08563374663205031  0.09729836013028280  0.10908243311615230
  0.12161116703116863  0.13413990094618497  0.15044950351502434  0.16129133937378404
  0.17154580249807763  0.18150425210771315  0.19060194528181684  0.19935129723533140
  0.20956532081360441  0.21969482193642301  0.22957678684548607  0.23844740990801935
  0.24474500112935196  0.25245753597349524  0.26000306133348478  0.26442109810226133
  0.26678225930937222  0.26815545094179077  0.27579855694167243  0.28444483812174925
  0.29311464892228967  0.30276679776701387  0.31465110023761689  0.32599406800408054
  0.33867794101332038  0.34842451268823710  0.35806093535940481  0.36828758469837497
  0.38003840841081421  0.39448591735756305  0.40380589054898625  0.40918042133630789
  0.41437399772468730  0.41991497888601809  0.42588812539308013  0.43548657424840720
  0.44422300546786486  0.45824649217746627  0.47848665880331542  0.49869588169574230
  0.51914729885617883  0.53550940825323734  0.55352041249385653  0.56978414129718058
  0.58507431432378509  0.59848817653673025  0.61326543816942392  0.62952618892868084
  0.64234094169107436  0.66114066606754041  0.67898290509903980  0.68518268535763249
  0.68848352399875767  0.69383963223144485  0.70111150641179476  0.70951700167833776
  0.71885936727382849  0.72621972973276372  0.73806188668425554  0.75708952836624999
  0.79493750450751921  0.83214028105432691  0.83857142641741056  0.84203292572578825
  0.84548487200598699  0.84902174247428430  0.85903015175148800  0.86854107049127272
  0.87581746501835467  0.88323942058024218  0.89428255989970862  0.90735719783598412
  0.91855661050347059  0.93077511414613823  0.93921802931519649  0.94367613662977956
  0.94813424394436263  0.95218477166008453  0.95592373352597448  0.95966269539186455
  0.96404036707706686  0.96878260890089252  0.97352485072471806  1.00000000000000000
 -0.02771693354218567  0.12593346530950433  0.15473292825129434  0.17210157553997035
  0.18566508372000251  0.19448372071225165  0.20396514182606890  0.21469147305458083
  0.22412139317371310  0.24439800471967460  0.27109238154007737  0.27991278730526625
  0.28722305340635729  0.29612494133660699  0.30660784462739621  0.31485131531098204
  0.32018242591747098  0.32629013638973048  0.33075801316240033  0.33359228782156192
  0.33701829818531426  0.34546160082904898  0.35497738607824597  0.36192147271631653
  0.36755802814134819  0.37292605961630654  0.37823880156398676  0.38044573413755622
  0.38266924392168478  0.38447064493548255  0.38628200422551079  0.38881962152667382
  0.39183582684826335  0.39900366980140883  0.40973860375697529  0.41872290294925468
  0.42594065186588576  0.43387555309905451  0.44301043622998526  0.45042508189060881
  0.45579278379365079  0.46031853239681181  0.46362482540879491  0.46607755497354281
  0.46890033698670702  0.47313604617230148  0.47760970181302981  0.48073091603906648
  0.48379774231917921  0.48781662743924997  0.49318116386272037  0.50010700563798738
  0.50575933310577270  0.51161602338071444  0.51732843037137854  0.52502737455723425
  0.53123342847122834  0.53679524714191607  0.54534071258310535  0.55458418617846006
  0.56571377877186624  0.57864066534723324  0.58619115828209534  0.59118852585475390
  0.59357885484366157  0.59596918383256925  0.59841663596020522  0.60092918122938921
  0.60344172649857331  0.60574951138025346  0.60798010532678259  0.61021069927331173
  0.61244129321984075  0.61456263425979951  0.61667351372103962  0.61878439318227973
  0.62046268235050905  0.62211048636816735  0.62375829038582564  0.62888838590470941
  0.63335770616507137  0.63928719069248330  0.64393319892230449  0.65292269095210964
  0.66162933144668301  0.67468486561879426  0.68810307274110927  0.69511839910577267
  0.69970945336804047  0.70859956722916528  0.72834950199519921  0.74797121830920699
  0.78701332124048107  0.84163838616035314  0.91410432152886234  1.00000000000000000
 -0.00442892962837307  0.02540405277780164  0.04936028409420195  0.06973674008767342
  0.08799942863306023  0.09690403445457584  0.10772665076996600  0.11935130183723357
  0.13101592111383034  0.13819412610647569  0.14244803027648600  0.14492265285184591
  0.14793125895071652  0.15099744010032590  0.15441349577768343  0.15676458872574031
  0.16227921415349653  0.17310368284707242  0.19116978754594516  0.20602237591437073
  0.21431067414350297  0.22180737523598867  0.23066105335218473  0.23737551623460654
  0.24577201288760053  0.26037964838051969  0.26664703295550296  0.27046664521298969
  0.27552556942091894  0.28191250901984660  0.28777271896866163  0.29180740712725051
  0.29584209528583938  0.31177288300049860  0.32275327898655432  0.33053602889362532
  0.33835726743993549  0.34619221321177029  0.35667419039825360  0.36860319220204263
  0.38945365782424063  0.40785412068073112  0.42351957661504647  0.43208095059253165
  0.44065283587638221  0.44653805030221916  0.45175018138593304  0.45639407950353672
  0.46278031670153447  0.47486345748504205  0.49109898652792872  0.51174987010588691
  0.53457083648520209  0.55882825688203630  0.57900058298616042  0.59223199605409926
  0.60461090879397805  0.61818319024351509  0.63081479023900722  0.65556636014877323
  0.66776439893238670  0.67492531756841445  0.68208623620444220  0.68721069217560837
  0.69199102331405093  0.69674578966809553  0.70002187415837958  0.70329795864866351
  0.70836820700879410  0.72180540169062901  0.73716394127869533  0.74961477248055897
  0.75562823146681057  0.75817173966396556  0.76060628660396334  0.76548582882106475
  0.76860668306206203  0.77051146500482715  0.77226156125669165  0.77652973608624143
  0.78430795277260890  0.80296642368179427  0.81939940504355269  0.83342264357731810
  0.84766430625514810  0.86383579429807811  0.89212231766645533  0.92477547741124000
  0.94060946960982006  0.95345939214371045  0.96336092034128706  0.96943775792625719
  0.97456876646664292  0.98314784945705658  0.99068183545375943  1.00000000000000000
  0.00017011633054568  0.00020955094847658  0.00024381486604846  0.00026469787747278
  0.00027933332185718  0.00029067154333780  0.00030046340043275  0.00030910172360775
  0.00031666835291051  0.00032370910085232  0.00033060863370305  0.00033718137336277
  0.00034321914596285  0.00035093687119367  0.00035975063328012  0.00037087663214045
  0.00048505411094379  0.00097339053102272  0.00221365061691292  0.00338934104481513
  0.00498503531612578  0.00809143580130353  0.01142734855903354  0.01546656551246309
  0.01777275284472647  0.02028408147558758  0.02288397487824705  0.02555356583335575
  0.02706882919215681  0.02900296186714151  0.03130091146695046  0.03359886106675941
  0.03713832186475009  0.05131408847945820  0.06548985509416633  0.07966562170887444
  0.09649658949925564  0.11491234936088705  0.13332810922251845  0.16792909116645768
  0.22041809307123897  0.25923978936241643  0.28574443119930570  0.30985504837879319
  0.32844268979621466  0.33816331017026141  0.34846851596009210  0.36077057530412437
  0.37647191078606818  0.39548759141865403  0.41276116715925565  0.42204931772245846
  0.42840756266943009  0.43416976666134804  0.43991593104077326  0.44585930282338360
  0.45310312819238724  0.46060832934775420  0.46636556024404263  0.47364685888308028
  0.48548591146535724  0.49674702653728126  0.50101310685015377  0.50527918716302633
  0.51401487947801283  0.52219678410050585  0.52829066256204749  0.53212941117238266
  0.53679672503876197  0.54519360821122775  0.55451366756147213  0.56223528001528678
  0.56913550134508506  0.57543785740438624  0.58549002502988901  0.59529934782442795
  0.60364943138883109  0.61318986200592751  0.63664907435251850  0.66155569948963011
  0.67404280998340482  0.67951252527995964  0.68409602412511195  0.68936449770172825
  0.69310316127120553  0.69713698282930436  0.70156062872693004  0.70499917211627094
  0.71115385599780123  0.72799488742650520  0.75116272621674596  0.77231097922868419
  0.80339298702363737  0.83797283639143028  0.87681061280405836  1.00000000000000000
 -0.03340135088541241  0.16577929942970565  0.19372909498156274  0.20436609646110357
  0.21471492306139103  0.22384643741864280  0.23150473422370685  0.23958397111696611
  0.24879759764985515  0.25832928758123597  0.26559612733640053  0.26889212096573550
  0.27249724727475966  0.27636845609420646  0.28038017049385539  0.28619510906512924
  0.29494140096047650  0.30341887747910490  0.31100234243614783  0.31997212441909229
  0.32799809909897393  0.33463777574227438  0.34016813018818037  0.34377561653046618
  0.34869598038134203  0.35573269072853386  0.36346899101390234  0.37110302609080881
  0.37870477507363054  0.38454380711278713  0.39052027689004620  0.39706984062211298
  0.40325350000164245  0.40867479347782243  0.41930320484118622  0.42637911379128712
  0.42716870459542872  0.42783035330034985  0.42830305074898428  0.42877974132165969
  0.42955607279639157  0.43053466614480917  0.43275285166691907  0.43518358924615547
  0.43664282079167621  0.43795809432339566  0.43900431646525379  0.44004991880175237
  0.44063955658493342  0.44122919436811447  0.44233565387678153  0.44428580686666186
  0.44733529602436400  0.45141627712663146  0.45873499406304402  0.46792398311719358
  0.47742273851192002  0.48966130478318631  0.50303871178259518  0.51354068041486334
  0.52273125187046343  0.53086460162849081  0.53891941867473692  0.54912068899508759
  0.55918898707751075  0.56832631921915477  0.57997645700895806  0.59079066005230085
  0.59759672486965998  0.60204260908053642  0.60916822616470179  0.61282125295856860
  0.61582255170279476  0.61880598545031695  0.62153903877144157  0.62427209209256629
  0.62692078746470670  0.62938276327028242  0.63184473907585814  0.63603976535242712
  0.63987341412030863  0.64436497281608052  0.64627137651423272  0.64754020621099884
  0.64973542381218830  0.65410948335650254  0.65994111317239179  0.67238715675530314
  0.68775227242225456  0.70263166838321534  0.71970640613819847  0.73971362501361226
  0.76412044142118496  0.78355965098459313  0.82347606458678602  1.00000000000000000
   5.6184382309185571E-012  -1.0000000000000000     
 F F F F F F F F F F F F F F F F F F F F F F F F F F F F F F F F
  <DiscreteSampler_grid>
  grouped_processes
  1 # 1 for a reference and 2 for a running grid.
  10 # Attribute 'min_bin_probing_points' of the grid.
  1 # Attribute 'grid_mode' of the grid. 1=='default',2=='initialization'
  0.0000000000000000 # Attribute 'small_contrib_threshold' of the grid.
  0.5000000000000000 # Attribute 'damping_power' of the grid.
 # binID   n_entries weight   weight_sqr   abs_weight
    19   10   5.713697154845195E-001   1.568460757066669E+000   5.713697154845195E-001
    20   10   5.713697154845195E-001   1.568460757066669E+000   5.713697154845195E-001
  </DiscreteSampler_grid>
