  0.02405650519579360  0.03389558194859629  0.04390425800660326  0.05317899152405763
  0.06322437079952851  0.07368184405415018  0.08400343137592239  0.09408983449604062
  0.10404253313153039  0.11719671857137205  0.12928836792839821  0.14109772698406534
  0.15214006422929829  0.16345717918781918  0.17348885535518632  0.18259584454558311
  0.19183929189347237  0.20063549926181298  0.20989870899798238  0.21958516554457566
  0.22991323949683998  0.24156983837219501  0.25257060941650228  0.26288226021108752
  0.27257022926682140  0.28230707197783250  0.29205541033625365  0.30204048983391363
  0.31182458808612845  0.32171458095096300  0.33167564185161547  0.34200058180455573
  0.35282814845069849  0.36413443512381755  0.37595137720429972  0.38771679000531811
  0.39949631219937881  0.40936728171897535  0.41844336465184445  0.42703243457162615
  0.43545664255008942  0.44401825433807668  0.45440924821044926  0.46516896248970352
  0.47578276629340088  0.48590898396676951  0.49594568514375770  0.50746151839013920
  0.51902393022643700  0.52891416077064235  0.53935814588358300  0.54961794737374636
  0.56037810528667564  0.57053615009525727  0.58086403428726163  0.59126634084380303
  0.60145578217188034  0.61172323851195931  0.62243530235475186  0.63328081922906765
  0.64405991411564401  0.65459629960626187  0.66474661729089257  0.67489897333359306
  0.68518505436737398  0.69485287263461049  0.70434857684942298  0.71357144911625237
  0.72248450454283331  0.73095118108942281  0.73943739924321872  0.74755537397604899
  0.75676642168464048  0.76743680735832354  0.77885012923967301  0.78913522050709894
  0.79973672250037176  0.81130514965476475  0.82283039957866144  0.83421538200950929
  0.84531425934629800  0.85601636172568463  0.86613124696375265  0.87583775962361021
  0.88588650875019070  0.89563868372386812  0.90483131828844887  0.91327757778206864
  0.92111172724075052  0.92879138071413536  0.93647120478501367  0.94544911116103425
  0.95494762685134638  0.96495084880625792  0.97096431033708974  1.00000000000000000
 -0.00003230495474327  0.00035330866231038  0.00091744954583172  0.00173782716877843
  0.00304923787768521  0.00463610004528932  0.00631348990995542  0.00833223894459201
  0.01052323398857491  0.01282933479348953  0.01535551066601984  0.01810046684485062
  0.02107854721035725  0.02413890220626567  0.02767907615938744  0.03161241639872192
  0.03569532234212041  0.03955735304563310  0.04339002930888759  0.04730849583311874
  0.05185932830609602  0.05709681534048774  0.06234825703805363  0.06724702789847110
  0.07241038899808729  0.07721585482173195  0.08282341458545985  0.08854353457624822
  0.09399371763425138  0.09993447158104336  0.10598080887263264  0.11197427684204062
  0.11800095607713533  0.12488518286268438  0.13246035269721654  0.14070619488370936
  0.14808834340911903  0.15552122182766931  0.16375918852069110  0.17140653946922194
  0.17871976947388205  0.18624300786670625  0.19408901693397373  0.20244463261936974
  0.21130540485863364  0.22058855581900802  0.23075970879310900  0.24144302014297980
  0.25311718808546418  0.26427560529237187  0.27517770727509083  0.28583937683103405
  0.29692059869829818  0.30820666065941221  0.31913381531222046  0.32940870330237854
  0.33987030733710649  0.35009213479866452  0.36074920214551365  0.37142718909402239
  0.38222450327879420  0.39343285333414729  0.40538724847675089  0.41831541624916074
  0.43176869792642875  0.44543939664282828  0.45857178790979425  0.47171410330239982
  0.48499094036915702  0.49831100127856154  0.51187624398345188  0.52634235969052068
  0.54003845197990530  0.55377869688878900  0.56809251382866877  0.58273508094612625
  0.59701291702478021  0.61235714966899768  0.62816737472618933  0.64494966611162130
  0.66150161700342891  0.67781804493865272  0.69570267489211324  0.71409050095496529
  0.73321215712935450  0.75298345648105425  0.77351623359011945  0.79509669815411677
  0.81693295676933020  0.84091992075294686  0.86477772728516722  0.88857494415115068
  0.91423697741324383  0.94224589225053157  0.97086357106014565  1.00000000000000000
 -0.00211694898875927  0.01016030526372154  0.02067741901365680  0.03158482241578756
  0.04177135391170438  0.05175671081660638  0.06185347385086012  0.07346088183239784
  0.08540882739764574  0.09705689527924216  0.10823063552071437  0.11957993323996620
  0.13061539844435099  0.14128182743277584  0.14974787173220031  0.15733731256190719
  0.16470610544526984  0.17310230989470829  0.18144724742219007  0.19042048049329502
  0.19914202677531218  0.20843335364309906  0.21954328504351711  0.23172745933006281
  0.24583852242640522  0.25636870560800357  0.26651968949130228  0.27771086230089254
  0.28994974435018928  0.30077708054592156  0.31102675954013459  0.32201596090507600
  0.33323681218143542  0.34351720734094709  0.35339433936527576  0.36294439297062225
  0.37273685679927876  0.38312471531123754  0.39270449905965338  0.40170983188868248
  0.41107019066083794  0.42169438635416734  0.43436955656030463  0.44534504093649463
  0.45555064415634156  0.46568776759147518  0.47591451755182740  0.48496226028647954
  0.49296137100804405  0.50137278956750098  0.51033774395379816  0.51929722317065385
  0.52763960222133888  0.53585568470048062  0.54441802235036640  0.55365137272485798
  0.56358193350257968  0.57482706659033134  0.58773180108139433  0.60105456861974993
  0.61361663143885359  0.62533140990130620  0.63621709149806327  0.64716740569516529
  0.65856246274048658  0.66997712050794145  0.68078260193929430  0.69195022637677017
  0.70330972817419890  0.71406204453468658  0.72426531593947252  0.73420498408337120
  0.74446578238802141  0.75487978807937328  0.76441143305753212  0.77397674302517627
  0.78391869278486115  0.79448941670301998  0.80542787528250770  0.81638966208272745
  0.82731334823765290  0.83808164372122496  0.84835381316381153  0.85867148871625987
  0.86958094635821837  0.88096324163481687  0.89285457778226762  0.90472293689351524
  0.91606367434389013  0.92680387743281245  0.93766966840840138  0.94892845993746511
  0.96072139938932621  0.97352551737276793  0.98635223629112023  1.00000000000000000
 -0.00101402470693833  0.00471388988089255  0.00980337953884203  0.01463673038747317
  0.01944981978727599  0.02450896555110240  0.02974137713937577  0.03515712675736429
  0.04095026401757865  0.04721298192126121  0.05363981897770153  0.05987709820579409
  0.06603575042092792  0.07233066345302241  0.07829819392043358  0.08419840480280619
  0.09007594402600315  0.09638540474969702  0.10294181285453664  0.10826283383356416
  0.11291166604956070  0.11742668899727590  0.12212225676990626  0.12725138306000394
  0.13284185860485304  0.13858454573481430  0.14425261310929463  0.14988378495147697
  0.15571676263838216  0.16115920470369952  0.16682532479608692  0.17272865971162699
  0.17873131739060233  0.18470908993702073  0.19058645485285175  0.19679438146967690
  0.20318430349154470  0.20934203044202171  0.21507273790523493  0.22055810419192734
  0.22614575439694479  0.23132065358876541  0.23638161808514074  0.24125635367347872
  0.24604488537694649  0.25135000671127050  0.25666297420516937  0.26234254112508176
  0.26831552600327868  0.27464495903555042  0.28122783471649171  0.28765139923722688
  0.29379347290048219  0.29955716727626819  0.30525066571673587  0.31088087047833368
  0.31644648474869397  0.32219270868547073  0.32801967204569354  0.33374146427475748
  0.33953764188821234  0.34516413858441042  0.35082006054950743  0.35661153550754326
  0.36311873622576663  0.37042811479963517  0.37853930611740588  0.38709786040100602
  0.39533071094475480  0.40248522643187790  0.40963971223838958  0.41693080079111100
  0.42488495796149689  0.43333481546123653  0.44170253525998660  0.45019424717673179
  0.45871052233578080  0.46711018593985498  0.47548704044870382  0.48432743241902410
  0.49403113148033534  0.50571775610861092  0.51860844933714312  0.53087109374135266
  0.54287032026697046  0.55474159836185688  0.56694281126806834  0.58097187490727686
  0.59757836423296051  0.61895389140775370  0.64307626687609754  0.67202829471163095
  0.70822117927003458  0.75442676436100398  0.83363454585894958  1.00000000000000000
 -0.00294747317865561  0.01080574414658259  0.02416768291937413  0.03619928735329477
  0.04683852908605191  0.05703642008118998  0.06776198504807288  0.07910557103512020
  0.09060513061502050  0.10186569169086443  0.11326054851930571  0.12494076508411880
  0.13683590693142822  0.14829110745662197  0.15740900312266565  0.16554944285306733
  0.17371225432834095  0.18248536028460427  0.19275541768456664  0.20239525312269854
  0.21272871482401898  0.22335000735913429  0.23412508789681355  0.24376113235797878
  0.25436553373923432  0.26536653124477377  0.27669698876370574  0.28803954959565115
  0.30006092863867501  0.31228947045574806  0.32324346333363657  0.33500226215829149
  0.34791446483382549  0.35986050868522335  0.37066769892188844  0.38171038059199014
  0.39307419308477815  0.40282218386955604  0.41173815083592175  0.42088268406946094
  0.43115617160380737  0.44098687690757327  0.45045926428433769  0.45992325077107482
  0.46883168710726925  0.47783905427981227  0.48704314898599954  0.49655298439932644
  0.50715835822853139  0.52058649601684770  0.53581598967223854  0.54931514782452795
  0.56020873624880052  0.57008773338754803  0.58004788574036914  0.58978783013421598
  0.59958326738100531  0.61023545736022933  0.62146440759124233  0.63182906848007458
  0.64102721480588010  0.65016758802212415  0.65966742102466891  0.66915365565097906
  0.67825133179932229  0.68705986918480455  0.69702125717847274  0.70762790091481598
  0.71861208004118005  0.73045358273667604  0.74172038757201308  0.75245035340627531
  0.76190440079542410  0.77202955222985559  0.78180937395995853  0.79247867576066622
  0.80349263582370078  0.81436431852956570  0.82522299646140418  0.83597920455302166
  0.84748510475794947  0.86019652091835319  0.87273105180152288  0.88440007883389271
  0.89486263643497155  0.90437609030967048  0.91368292446283472  0.92321215328787898
  0.93284578360192294  0.94237209762930541  0.95100850349298227  0.95975987138623231
  0.96874585223419496  0.97803206932175779  0.98878592966414658  1.00000000000000000
  0.01786657863574825  0.06748050931938161  0.12769729460139884  0.15709872241190734
  0.17841372436538538  0.19573696993680348  0.21093413430178978  0.22485166328801734
  0.23816419635992142  0.25140452429284366  0.26682004597363590  0.28089877600541718
  0.29518502331091373  0.30918407641482842  0.32314672850407772  0.33598356211085101
  0.34767062915134084  0.35910070819346024  0.37100333411294506  0.38289935830318633
  0.39398499551593935  0.40534274869473719  0.41613326701392034  0.42591028363580130
  0.43545832159695474  0.44569624783037215  0.45652184734138673  0.46657499372275046
  0.47568920436695133  0.48508217806738446  0.49477510811057640  0.50399629774282195
  0.51292113018480512  0.52260733254647507  0.53236091441001199  0.54112372771154438
  0.54879889171269247  0.55597302705162088  0.56381487767693728  0.57257926448206653
  0.58135533885946078  0.58893456413362377  0.59567162822481734  0.60221317072732095
  0.60886301745343774  0.61564590912569384  0.62231107175182609  0.62891231958300997
  0.63563096725746349  0.64239093483061138  0.64925046054901714  0.65627288905604608
  0.66306935333130368  0.67027652886875422  0.67781363867738342  0.68549215482890369
  0.69316535577270144  0.70035631078925065  0.70713211723884373  0.71391051587462862
  0.72065914080750604  0.72790532832906196  0.73517272975535752  0.74196927376618815
  0.74839399688037944  0.75446070798048293  0.76065233154030931  0.76695729193234730
  0.77348322054485474  0.78027504238863377  0.78707497148193073  0.79372185691029040
  0.80088023788423679  0.80840422579177218  0.81562130678238864  0.82293856887093941
  0.83002654392805020  0.83713114398762911  0.84381496446748294  0.85042249436264283
  0.85680284052500877  0.86281447623461394  0.86880185509558661  0.87475935011380446
  0.88167548196391798  0.88911394891755313  0.89683746422045041  0.90422774641069359
  0.91147149168870245  0.91880128186294796  0.92734545184984019  0.93577492375857985
  0.94672817422186850  0.95868670555694624  0.97654590838364363  1.00000000000000000
 -0.01999934675037035  0.11830614919410735  0.16106452925720627  0.18688341279604181
  0.20602307802927347  0.22244530422665024  0.23722447446418857  0.25180357829914285
  0.26587298549446958  0.27913342020292120  0.29117855618026162  0.30214309061145478
  0.31286717175598749  0.32328652374569289  0.33333133056820208  0.34247914121551676
  0.35098976203900617  0.35897920713517678  0.36687715135642185  0.37536846225940268
  0.38363991610733872  0.39157723980588216  0.39902309595354890  0.40600072269400389
  0.41266395031667635  0.41940084717890697  0.42648314692036049  0.43380965154260159
  0.44072208037058630  0.44692569873588395  0.45281746451844329  0.45899602606982415
  0.46584950781844026  0.47299485679131631  0.47945199212931366  0.48534064831237078
  0.49109376257845072  0.49718330664712862  0.50326644857296510  0.50898486769100226
  0.51457503637430158  0.52035992455472146  0.52637207207697578  0.53230006097452487
  0.53807826427799310  0.54411530149142340  0.55065662980348029  0.55698783122868223
  0.56302707971845423  0.56843376887860164  0.57393345287962050  0.57952755231847197
  0.58521660368714301  0.59103815828079920  0.59680507441418751  0.60306550242057899
  0.60911379327401771  0.61485089145804983  0.62038955850257871  0.62591388217718902
  0.63159520428416449  0.63749357137886731  0.64381427668854585  0.65022780205698072
  0.65682709562671615  0.66352932009249987  0.67009111144293632  0.67642181652783639
  0.68277755814008667  0.68886170937535196  0.69464971296813016  0.70065341167384632
  0.70696198319536574  0.71317019556741301  0.71920934423328564  0.72528074620126393
  0.73194016904348780  0.73937870532177208  0.74696544868836023  0.75498547127119520
  0.76328931959361046  0.77195171269551599  0.78064161929734410  0.78928155716927784
  0.79760255515172473  0.80563399408460767  0.81360165251690031  0.82162069069388355
  0.83035463907422025  0.84045317640563855  0.85182614647010590  0.86547372147576096
  0.88111282163804450  0.90111405060015148  0.93164310858721144  1.00000000000000000
   5.0133775868588119E-009  -1.0000000000000000     
 F F F F F F F F F F F F F F F F F F F F F F F F F F F F F F F F
  <DiscreteSampler_grid>
  grouped_processes
  1 # 1 for a reference and 2 for a running grid.
  10 # Attribute 'min_bin_probing_points' of the grid.
  1 # Attribute 'grid_mode' of the grid. 1=='default',2=='initialization'
  0.0000000000000000 # Attribute 'small_contrib_threshold' of the grid.
  0.5000000000000000 # Attribute 'damping_power' of the grid.
 # binID   n_entries weight   weight_sqr   abs_weight
    28   10   1.517670416299671E+000   1.310900828833400E+001   1.517670416299671E+000
    29   10   1.517670416299674E+000   1.310900828833406E+001   1.517670416299674E+000
    31   10   5.276392037293696E+002   1.669114244537535E+006   5.276392037293696E+002
    32   10   5.276392037293705E+002   1.669114244537543E+006   5.276392037293705E+002
    43   10   1.319109121092469E+002   3.320327371162311E+004   1.319109121092469E+002
    44   10   1.319109121092471E+002   3.320327371162319E+004   1.319109121092471E+002
    46   10   1.319109121092469E+002   3.320327371162311E+004   1.319109121092469E+002
    47   10   1.319109121092471E+002   3.320327371162317E+004   1.319109121092471E+002
  </DiscreteSampler_grid>
