  0.02367245151451623  0.03503721501337896  0.04789408072305583  0.06026855736248400
  0.07186494980508895  0.08323969881906972  0.09449669709628263  0.10500278715843746
  0.11406135145800853  0.12301399944403167  0.13255248724768648  0.14253466379632854
  0.15270722214084684  0.16278193746017527  0.17316358543990434  0.18361621869667608
  0.19393758129187666  0.20377388000362570  0.21344802153107956  0.22295201254092700
  0.23272857546043091  0.24275068634744326  0.25301485253191902  0.26304488318989461
  0.27272348462749602  0.28190189381121888  0.29127504229644058  0.30134248740826136
  0.31193809858655969  0.32197932734961615  0.33234778379565949  0.34317699028318216
  0.35422307909883544  0.36408297840636716  0.37381065087912208  0.38365451214720064
  0.39324371118533430  0.40269023957497285  0.41214490523479369  0.42172261864145277
  0.43177358973990110  0.44145423673156053  0.45099593444717168  0.46059749603209288
  0.46989229192864329  0.47889711257503842  0.48773803482579864  0.49660948871334809
  0.50609674486590994  0.51631529855883540  0.52667502946762534  0.53748981751126246
  0.54873576149648096  0.55993209720391535  0.57053841209373612  0.58094500513331304
  0.59105211342316433  0.60127363544069512  0.61152029318886725  0.62152120003987221
  0.63062107997237093  0.63934471672397430  0.64839410803943309  0.65819960709449099
  0.66794226428017678  0.67769770347788683  0.68831309709368615  0.69990024019502994
  0.71064031088087942  0.72025886845333575  0.72972185454547467  0.73888972447938805
  0.74753892056950577  0.75589440902063354  0.76443431709974374  0.77382768674585911
  0.78436931922775055  0.79474047609589693  0.80492810686975602  0.81454322441261584
  0.82388391855229137  0.83375400248300624  0.84414457445813207  0.85475826179947789
  0.86591898877389717  0.87844375118983142  0.89117953718529652  0.90326867727858218
  0.91436037645898693  0.92460654677464238  0.93462252278911695  0.94549453242392634
  0.95685324675236227  0.96582924921139746  0.97071327666590579  1.00000000000000000
 -0.00003747509013493  0.00034766138265450  0.00084927993091312  0.00162520035286234
  0.00263990391752926  0.00390636532075845  0.00553563363402930  0.00721573158070626
  0.00893253088865061  0.01096435480794215  0.01316192573828810  0.01535676630081062
  0.01757454698745827  0.01997308478478521  0.02250785295788470  0.02511168455703742
  0.02787763221925292  0.03080624239608541  0.03381861899073581  0.03685887276734112
  0.03986107938007345  0.04295316296308738  0.04618846708613127  0.04950320968417400
  0.05295302808583593  0.05662565743676729  0.06059744525919639  0.06456958265271023
  0.06897870963028076  0.07323236969938582  0.07775421151326557  0.08252523311185204
  0.08750467023435202  0.09259300980537981  0.09766432613000377  0.10274806970913879
  0.10785020138705548  0.11307263055477410  0.11869151402030798  0.12464280160167104
  0.13067170940632147  0.13680651006681815  0.14296165258650267  0.14891190417663822
  0.15495888920420559  0.16117917937319559  0.16741014046901925  0.17392279631035518
  0.18084265350720047  0.18801608361348854  0.19541062101588214  0.20340537087613342
  0.21087228350714807  0.21812936928990256  0.22541206214522411  0.23295939130189983
  0.24086713885425717  0.24898629538727021  0.25715188762715085  0.26546116536124326
  0.27412074903207989  0.28275822353764468  0.29229948066441991  0.30204624364202137
  0.31186467248146860  0.32197563263602524  0.33216719732921712  0.34231484821276925
  0.35336550983083986  0.36432187970720736  0.37555332264038582  0.38737554772567090
  0.39958557155649765  0.41187542585206416  0.42653901127367827  0.44165477937550141
  0.45706950581263478  0.47311861242733749  0.48974520515052428  0.50685874937518083
  0.52452028938448381  0.54416434838321526  0.56641419248798219  0.59032731942775474
  0.61551114164403942  0.64195202628213677  0.66959715210159221  0.69737001864406989
  0.72428200827229494  0.75411071084206427  0.78658674790700456  0.82180281998914406
  0.86079080074672865  0.90436734696836441  0.95238320494435746  1.00000000000000000
 -0.00171874742898492  0.00831989615624797  0.01722636883124123  0.02741576225035175
  0.03742373465012763  0.04739233172277818  0.05747438311525477  0.06791931053423095
  0.08013692609421427  0.09177248360081362  0.10379794527761378  0.11433126852794337
  0.12511753444408294  0.13503074781297211  0.14494881614021488  0.15409745471001787
  0.16374388925606373  0.17357830930333362  0.18312372472018082  0.19283456096531104
  0.20227397611462911  0.21207727859641828  0.22167251543942529  0.23170350771427745
  0.24363431905756855  0.25555136829960712  0.26672754743701249  0.27738003861060212
  0.28794645190202112  0.29811959607387184  0.30785442310722783  0.31760600481530044
  0.32828263769316091  0.33918579936992654  0.35050852722783138  0.36283653186640225
  0.37454161955975501  0.38717793380112780  0.39922237626602919  0.41124578958415348
  0.42280763530621407  0.43378730666822340  0.44420177522726728  0.45414780484599471
  0.46392486649526676  0.47387164173614243  0.48455218942375644  0.49603965892705371
  0.50755438280549448  0.51872393982541576  0.52997207254747003  0.54141933091519778
  0.55258337957182224  0.56343245112440998  0.57408179444281748  0.58450572776312548
  0.59513166633936254  0.60588645234945404  0.61676959732910697  0.62731640082476314
  0.63706130812783590  0.64669361403279957  0.65609935019375376  0.66547565502605088
  0.67460643787410923  0.68402180706135607  0.69389017824084653  0.70348613613499167
  0.71294034179580990  0.72232778483297566  0.73246723952705950  0.74234277760191492
  0.75234166726514606  0.76211391889279900  0.77219192066874243  0.78253019838803217
  0.79239170377987322  0.80470923623319957  0.81608102840153596  0.82668460095545837
  0.83708147897571916  0.84757218609863871  0.85839510776646932  0.86930209372545342
  0.88015905929382676  0.89070417082056252  0.90118053810935062  0.91185668784806795
  0.92272468208853065  0.93378844912753300  0.94483843235668030  0.95608025541979591
  0.96704717603755408  0.97784698483285948  0.98900824483388661  1.00000000000000000
 -0.01958070349764389  0.16828023899630351  0.25475864251453662  0.30876701499740433
  0.34473280410842921  0.37476859213676078  0.40214930288073064  0.42730915654437063
  0.44851396488529360  0.46634888378168382  0.48287175317301489  0.49913617590807513
  0.51392461651151533  0.52755276648561145  0.54041963730882736  0.55228856515412061
  0.56325029709889274  0.57360435639319574  0.58381100102275318  0.59331450680628539
  0.60206709832968019  0.61037708112903954  0.61862741607722038  0.62709569345726612
  0.63542507578404461  0.64362610223914851  0.65172905004027371  0.66019227901722288
  0.66850409048480963  0.67641554371815049  0.68401319113964332  0.69155507862873111
  0.69893931147816746  0.70633531400604577  0.71346034583287810  0.72027657148952984
  0.72698573464023986  0.73350817566576765  0.73984959218773227  0.74618124535515851
  0.75230052957932259  0.75806531378422104  0.76367225886433432  0.76918104655674313
  0.77470592345108924  0.78019019230458597  0.78559124913025513  0.79076238054888093
  0.79578146347657830  0.80079944022529859  0.80582831899973995  0.81076629283613677
  0.81571369413601813  0.82045777926299723  0.82508181418559357  0.82978965062319165
  0.83450177669055314  0.83934847323239048  0.84417973694991699  0.84899215198053768
  0.85363749967539893  0.85823696276468175  0.86292569102836170  0.86743327437094930
  0.87190014398377091  0.87625508666618390  0.88048920103203454  0.88472615757712059
  0.88904999251480477  0.89342839472966384  0.89789073515901463  0.90240410655598724
  0.90687732704006696  0.91136881870918207  0.91576272948773807  0.92004124325753311
  0.92428228750959007  0.92856249986049921  0.93287076006953551  0.93711373616383120
  0.94119281742044325  0.94517721283576894  0.94929845773041810  0.95358524295966729
  0.95806021766972194  0.96244060611568261  0.96656080570587832  0.97055358271430270
  0.97450150659238388  0.97840373126844016  0.98224813072524275  0.98598981855750911
  0.98960064082830546  0.99310978323377830  0.99655887706173385  1.00000000000000000
 -0.00231827675076849  0.01021108567492677  0.02085098423015733  0.03109574347490818
  0.04158760164930950  0.05174334944460458  0.06209032532085424  0.07323944531224913
  0.08364335810761880  0.09427934188330248  0.10472707446236118  0.11597779605987991
  0.12682378046711798  0.13709287999237321  0.14675079194784582  0.15627698950526650
  0.16583364634948342  0.17593380938813222  0.18623159015316851  0.19740433503814742
  0.20835313781602283  0.21926375188702218  0.23006855937790896  0.24044863894310228
  0.25115159183529651  0.26216271728879026  0.27342598481928621  0.28486170135181355
  0.29635985811005633  0.30766801535188104  0.31839335249078909  0.32865255383516828
  0.33863156963147228  0.34870176386322821  0.35921933206023748  0.36973006229542588
  0.38021092599555212  0.39056461696886230  0.40056505814155557  0.41034391400309156
  0.42074754858897667  0.43211414531910675  0.44347747289309297  0.45420677250882996
  0.46436578596223294  0.47440173672807684  0.48453761137866225  0.49443996664382472
  0.50439886994731964  0.51444844728517947  0.52538159021703745  0.53720783614617140
  0.54922587050539240  0.56144614294356321  0.57358914104416314  0.58511769970248362
  0.59621531062059363  0.60710822675621379  0.61822373582574275  0.62982682713930394
  0.64096905584298247  0.65231326752323293  0.66355149237931277  0.67523632574096715
  0.68675597640967212  0.69809444546600397  0.70903640664248491  0.72033323705394581
  0.73135856044531811  0.74198292905247742  0.75217221801524892  0.76272483394992019
  0.77392323681419839  0.78511929874087683  0.79529859261684377  0.80456033895416068
  0.81413004529921484  0.82406848110621300  0.83368140584426853  0.84308451320715905
  0.85312928343126393  0.86357662844053606  0.87437742679182873  0.88471508017016010
  0.89459396341406050  0.90408907963673957  0.91390835120677372  0.92420313078617333
  0.93434855087723268  0.94438407774621091  0.95491290879322943  0.96509298415352418
  0.97453780444448790  0.98307857934131004  0.99144554229732573  1.00000000000000000
 -0.00283925302218502  0.10541061343650074  0.14094705562439308  0.16214640594544721
  0.18050105771727040  0.19727007597549226  0.21251427199664036  0.22573255263393946
  0.23723324761908773  0.24781939540791847  0.25842572511921863  0.26931159832465013
  0.27987537954373587  0.29015460299075019  0.30072386020915259  0.31132372598429270
  0.32155433395302119  0.33153441687685087  0.34160818532365567  0.35171614787073874
  0.36148254337873620  0.37088102653161076  0.37975971625778909  0.38803706370952995
  0.39621575596441255  0.40458857131792614  0.41305605188223055  0.42135623098725772
  0.42933759577410469  0.43729852369258720  0.44557400379773993  0.45405721024781970
  0.46285915189768384  0.47152687263739723  0.47972316805369469  0.48749628138090340
  0.49493131697647480  0.50219173094606107  0.50910007850581407  0.51592764250174294
  0.52235151096809718  0.52817815013698111  0.53410889355638802  0.54016995426455661
  0.54637062478694920  0.55261917543016237  0.55872255730038878  0.56481706477394966
  0.57082246634020473  0.57711338266914913  0.58334955170803959  0.59066336858234947
  0.59796942525651975  0.60499578429525913  0.61188519506603112  0.61896678440402675
  0.62654055371609985  0.63483222678223816  0.64317873769663769  0.65085634171110551
  0.65844259003329186  0.66582014160774616  0.67343530208759372  0.68116238788507399
  0.68864361844157496  0.69563149692272586  0.70241854101749679  0.70924600700011109
  0.71612269279984808  0.72314387757582121  0.73028451763218227  0.73734132034629185
  0.74427504729981953  0.75139111764957878  0.75885992501730282  0.76668277517578354
  0.77451150925943868  0.78174396760081999  0.78906224143255621  0.79624830016331205
  0.80338750172384221  0.81073925470596586  0.81844700888387834  0.82634598856470276
  0.83455155731822650  0.84325975228954830  0.85221295604515623  0.86148293931555653
  0.87074167832033644  0.88096570092761672  0.89276045251926428  0.90625716799386613
  0.92153177899508099  0.93836706185034413  0.95977572264043498  1.00000000000000000
 -0.01300108506427946  0.09171764314470104  0.12827265957465453  0.15006511171245834
  0.16772161676479350  0.18162374430104256  0.19419969725012845  0.20652520213807324
  0.21818528786745484  0.22915739341423069  0.23992607109349814  0.25021652667952710
  0.25998726344847573  0.26957445933054369  0.27786032127706323  0.28607267157296473
  0.29376444313373562  0.30103571124765038  0.30813481129591208  0.31534789284557774
  0.32208034561351567  0.32903724480614727  0.33526637457323649  0.34116512938819266
  0.34708530335820970  0.35316396947016182  0.35906944571960520  0.36468929173856696
  0.37029147180941685  0.37581358900287831  0.38140772473625378  0.38688619403153296
  0.39249133385490570  0.39811838768829960  0.40355510387030646  0.40878466245522926
  0.41376327310052546  0.41891233778464332  0.42432329437746508  0.42993381597017910
  0.43570334696507862  0.44146784440306275  0.44702144284911310  0.45244066115136727
  0.45799278533384347  0.46328598181961611  0.46861712523051807  0.47404286099931325
  0.47953909402021733  0.48509390409795428  0.49061148062977783  0.49594919512114416
  0.50129747060295538  0.50692065167624190  0.51272203586946707  0.51850525768568889
  0.52422541092181851  0.52983409535089598  0.53538976344908962  0.54107060677783303
  0.54698147119887441  0.55314648581756787  0.55936773310459287  0.56570874876584620
  0.57210463103724674  0.57852178228299211  0.58530479002172309  0.59279759212251593
  0.60060010983230427  0.60816703894824042  0.61575693437144341  0.62327755690093412
  0.63056845036883180  0.63783468599492799  0.64511194977705844  0.65238511891603923
  0.65992517015708685  0.66763355628002130  0.67520066416191860  0.68284470930837016
  0.69078404093888801  0.69895419485476551  0.70720202196531534  0.71590684880069244
  0.72529029087518038  0.73553957457311592  0.74626869830414022  0.75737102027070191
  0.76916142883655014  0.78188650294994622  0.79559417671576649  0.81088410904342545
  0.82960690269767079  0.85135961738444310  0.88674697759382759  1.00000000000000000
   1.0446070895420428E-008  -1.0000000000000000     
 F F F F F F F F F F F F F F F F F F F F F F F F F F F F F F F F
  <DiscreteSampler_grid>
  grouped_processes
  1 # 1 for a reference and 2 for a running grid.
  10 # Attribute 'min_bin_probing_points' of the grid.
  1 # Attribute 'grid_mode' of the grid. 1=='default',2=='initialization'
  0.0000000000000000 # Attribute 'small_contrib_threshold' of the grid.
  0.5000000000000000 # Attribute 'damping_power' of the grid.
 # binID   n_entries weight   weight_sqr   abs_weight
    79   10   8.379793099120562E+001   2.558663570034265E+004   8.379793099120562E+001
    80   10   8.379793099120556E+001   2.558663570034261E+004   8.379793099120556E+001
    82   10   4.478010225559070E+000   7.306623948229803E+001   4.478010225559070E+000
    83   10   4.478010225559069E+000   7.306623948229793E+001   4.478010225559069E+000
    85   10   1.568128004337052E+003   8.960033130220953E+006   1.568128004337052E+003
    86   10   1.568128004337051E+003   8.960033130220942E+006   1.568128004337051E+003
    88   10   8.379793099120562E+001   2.558663570034263E+004   8.379793099120562E+001
    89   10   8.379793099120558E+001   2.558663570034261E+004   8.379793099120558E+001
  </DiscreteSampler_grid>
