  0.00010709867970894  0.00012140601165394  0.00013668164279444  0.00014958275005929
  0.00016136492790092  0.00017243506687741  0.00018231330965334  0.00019193283359763
  0.00020171934529909  0.00021181449814628  0.00022208097939024  0.00023223900073203
  0.00024204123881837  0.00025153556694278  0.00026131102887306  0.00027075344176537
  0.00028028928988278  0.00029004923529638  0.00030002195785982  0.00031015571200857
  0.00032052819566058  0.00033094425274248  0.00034155974577764  0.00035238778855289
  0.00036351772824102  0.00037503183266851  0.00038657548817224  0.00039738832044111
  0.00040874385902383  0.00041999616477453  0.00043164626223400  0.00044349267543877
  0.00045478226375599  0.00046558248462404  0.00047689678881512  0.00048936172606607
  0.00050275550183894  0.00051701627473340  0.00053255037239838  0.00054882464271196
  0.00056413549250465  0.00057897956377675  0.00059417963325115  0.00061049135730159
  0.00062851352189444  0.00064733926143061  0.00066819255129741  0.00069006016825171
  0.00071280260798444  0.00073616220290597  0.00076029513605924  0.00078525201936752
  0.00080953224279077  0.00083716780912957  0.00086560111272236  0.00089484685552546
  0.00092466484651946  0.00095502027183928  0.00098602644512145  0.00102061249474324
  0.00106241238687514  0.00111038208771056  0.00115941302746093  0.00120726926859668
  0.00125356931545473  0.00129948481874129  0.00135184401818192  0.00141200038695718
  0.00147453077238631  0.00153860690141255  0.00160354897578857  0.00167692455611086
  0.00175658070879900  0.00184037863760205  0.00192076925356380  0.00200544237657111
  0.00209889703144384  0.00221274348747587  0.00233636558734411  0.00248195251750865
  0.00264266711443172  0.00277042768216683  0.00289506389815942  0.00305073907594478
  0.00323826491690465  0.00347543923899966  0.00378687065336577  0.00421797275659628
  0.00463382148948477  0.00512730567111176  0.00571097564980637  0.00631808839675853
  0.00708595376177947  0.00819079314442407  0.33828379481720905  1.00000000000000000
  0.00000253844204257  0.00000299446670729  0.00000329667049366  0.00000360799200833
  0.00000395083669143  0.00000435395552543  0.00000484661163164  0.00000537357287114
  0.00000592133573864  0.00000649964672016  0.00000716937070896  0.00000795359400140
  0.00000875592468539  0.00000959273408573  0.00001047456505157  0.00001142484395521
  0.00001244554896366  0.00001352696278079  0.00001471121683595  0.00001598530429684
  0.00001734985036362  0.00001890386243067  0.00002040362309878  0.00002200045877421
  0.00002369893403409  0.00002552434348903  0.00002742536314907  0.00002938257943879
  0.00003146586798987  0.00003370155789638  0.00003604190526097  0.00003846807270025
  0.00004106939347123  0.00004379575402683  0.00004660019356401  0.00004938808401288
  0.00005226296705538  0.00005525641013207  0.00005837371435553  0.00006168227447833
  0.00006516543798954  0.00006872576748508  0.00007250385311528  0.00007630949164201
  0.00008046499165415  0.00008465126301953  0.00008918743218811  0.00009421637654473
  0.00009957056133045  0.00010521936849337  0.00011127050565831  0.00011738446150190
  0.00012386101542464  0.00013064269527318  0.00013773110045722  0.00014522244979086
  0.00015287997064306  0.00016063064237981  0.00016876505790811  0.00017725411040463
  0.00018583095882419  0.00019450839126164  0.00020378823919765  0.00021361568302785
  0.00022438514641281  0.00023672272393950  0.00025020607578180  0.00026516387107670
  0.00028072656779839  0.00029782774963176  0.00031472698655132  0.00033164759070373
  0.00034973449057238  0.00037230784133587  0.00039805144680600  0.00042222236005510
  0.00044562646110509  0.00047170577981283  0.00050317672578324  0.00053486445823140
  0.00056701407200565  0.00060213063438378  0.00064723041966536  0.00070774934920897
  0.00079126099045112  0.00090277337864420  0.00102789158405290  0.00114619471604441
  0.00127758115754588  0.00143748968662216  0.00169765104532244  0.00221604668789490
  0.00296710686441042  0.00461906428390796  0.06333168567887133  1.00000000000000000
 -0.00540183313658355  0.02296177777879679  0.04877968393706173  0.07583717037937331
  0.10106850920848541  0.12045550878017362  0.13819151570681679  0.15333152444836809
  0.16721135887980959  0.18093226992538020  0.19410213374524504  0.20603213817301838
  0.21756616674261076  0.22897959147850541  0.24047649889431924  0.25155977842966148
  0.26225546573846298  0.27232443374648563  0.28152648083676324  0.29039855250017754
  0.30028278787509549  0.31141355988556929  0.32269426136958407  0.33320843178234610
  0.34330901955249843  0.35351036135882213  0.36375957588127095  0.37405589692339086
  0.38522623120268512  0.39635612944337534  0.40667750382940993  0.41597602639257819
  0.42470539206034152  0.43327396980126698  0.44174433664679957  0.45051602108621325
  0.45913005293278647  0.46756456953816072  0.47595959299502355  0.48405879394984624
  0.49209761789957346  0.50044137110494291  0.50942079860389855  0.51854716418626701
  0.52780695532408406  0.53704326526041368  0.54567346201950362  0.55371845661847763
  0.56160691263671891  0.56918911223940116  0.57733469364356538  0.58530191532536413
  0.59379316948859495  0.60220916257814927  0.61053122834327711  0.61881268174421922
  0.62644151353538335  0.63312683635801814  0.63948116677256261  0.64602008886357132
  0.65257998263003081  0.65888132070477234  0.66534435652345270  0.67203896349684000
  0.67927259841082810  0.68569923957905243  0.69236337051806029  0.69938569420577212
  0.70649468060527265  0.71431124862738193  0.72238510614912899  0.73069081820632187
  0.73950113417415642  0.74853499452242711  0.75744803200225386  0.76616887599963213
  0.77424231357763440  0.78196320953394782  0.78989376494763475  0.79830884003852243
  0.80734807468061509  0.81664856993473789  0.82559620022950486  0.83437460147613840
  0.84367850503179698  0.85379401297785118  0.86426083841390111  0.87532684695758267
  0.88686843718860475  0.89918633526832781  0.91183712986883003  0.92481559691124671
  0.93821357746088774  0.95301202605472557  0.97327685941000941  1.00000000000000000
 -0.00260563411793826  0.01132032185416333  0.02303952608016349  0.03390101998500458
  0.04419768612337329  0.05407394657903873  0.06471512313913423  0.07513999508407383
  0.08547588089615307  0.09608489152334357  0.10571153541880113  0.11606857876229450
  0.12561641844078583  0.13683233269549872  0.14786590798697535  0.15981717414006796
  0.17060937051763642  0.18092127445482617  0.19130922647227327  0.20154027827748314
  0.21097027621282555  0.22003565488775306  0.22913466273468244  0.23812761711557942
  0.24731955800911484  0.25712275481345909  0.26669282745204481  0.27566664808233410
  0.28444236435827092  0.29374086212061312  0.30379934177516865  0.31377856917461633
  0.32386074774269158  0.33375848486467746  0.34445173876389867  0.35475680953666416
  0.36520968348616956  0.37547499757647190  0.38483763360785411  0.39337660160978682
  0.40196786755743574  0.40963773183536267  0.41818775694641486  0.42790207701743316
  0.43940562736639655  0.45115214887834315  0.46194336258185004  0.47238961174107758
  0.48234763065831276  0.49196970502302423  0.50195555960670135  0.51265702412271175
  0.52300863216343185  0.53266017282249445  0.54302201846527243  0.55259786245440901
  0.56201075212711393  0.57146451417154187  0.58120488125778702  0.59275264436675312
  0.60524452678146967  0.61807086800229516  0.63024908351281661  0.64307803524025631
  0.65618114839108066  0.66972304406681227  0.68300005434516931  0.69535056204883516
  0.70705297256747512  0.71796727232471580  0.72874269598110675  0.74034875817081702
  0.75292010746084459  0.76507960889249549  0.77649078054064258  0.78707242586484560
  0.79802208502204108  0.80875514528515491  0.81929489277691259  0.82970500388011970
  0.84050640270250598  0.85226601402238311  0.86381867399840195  0.87529434456210542
  0.88693324305901433  0.89837885198747425  0.90925633368312597  0.91995931984379231
  0.93040715269117236  0.94049083318460580  0.95047372834070121  0.96025302577666594
  0.96978559874782522  0.97918841304684545  0.98948655246132522  1.00000000000000000
 -0.00231117856059208  0.00822053842993224  0.01864766683639123  0.03008933787865162
  0.04267826571897104  0.05491881805317077  0.06634565171514631  0.07735210680893263
  0.08840570457102526  0.09939709973719923  0.11007244035216444  0.12107355541044042
  0.13172853684168226  0.14368702370749786  0.15565524578976994  0.16783671906545644
  0.18068839735815179  0.19423066174880638  0.20747418483575011  0.21930501161279273
  0.23011360461989644  0.24016232033353480  0.25078704753834608  0.26226980498651853
  0.27379112182268978  0.28526337713811745  0.29675481166705192  0.30921624509261303
  0.32077284374776810  0.33182808223190491  0.34233024878141871  0.35209547188089929
  0.36085685660897698  0.36939218347053576  0.37842480614456775  0.38789739993485833
  0.39745084147964499  0.40781067316812236  0.41981917360873244  0.43144389248644976
  0.44249007534778423  0.45333794652309650  0.46376266689523105  0.47355802744078435
  0.48350710637336247  0.49400083025372937  0.50484352001073840  0.51565810319884042
  0.52650284212518961  0.53742673358711879  0.54781605565676494  0.55786655914122940
  0.56794400683100565  0.57809015847780321  0.58866655555991032  0.59887073083121511
  0.60885519143976063  0.61891036260535992  0.62923814595894889  0.63966672087562992
  0.64984343953324941  0.66011137898513916  0.67097573577519443  0.68246583938210981
  0.69340978922394259  0.70346680601938727  0.71291705274924522  0.72208629278735892
  0.73172381523521057  0.74123813255901450  0.75042885287720917  0.75982833906009062
  0.76927793559444602  0.77944364016767542  0.79030316688332081  0.80133646925429880
  0.81222507681927725  0.82304741696598560  0.83409271825638798  0.84486129368207685
  0.85452786058319685  0.86393124119991804  0.87328137345415036  0.88258176693694346
  0.89135338030610001  0.89986395048161116  0.90800491794197646  0.91609666402667822
  0.92442998143540878  0.93346834960013203  0.94420721872970526  0.95385971206875930
  0.96346702191847311  0.97440062890404711  0.98635049144130948  1.00000000000000000
  0.01161439284789513  0.27694378948130588  0.35791120899248879  0.41656065750450350
  0.46241530984991752  0.50082643149169237  0.53325536916817795  0.55982922885358366
  0.58354946573009836  0.60360379411049669  0.62164873259651565  0.63799462165313070
  0.65293051208936581  0.66733516804078741  0.68084158412587770  0.69368209459511398
  0.70608191654866825  0.71715674360835324  0.72763062651765542  0.73719463471035440
  0.74667814882187422  0.75564702341151824  0.76394190878468349  0.77208462290630231
  0.77971514770443939  0.78684310334485719  0.79330232212841878  0.79972484176837944
  0.80632346527289511  0.81288824301748197  0.81903999024579632  0.82482647856959079
  0.83027588809319686  0.83550765672401550  0.84063227942136698  0.84567324230763730
  0.85038357245335672  0.85460145553663103  0.85848282413892119  0.86226253700119959
  0.86607685491545017  0.86994915025487785  0.87361559840609893  0.87695302337208580
  0.88016185228009214  0.88347998643125014  0.88693522972783823  0.89035307422401122
  0.89369741711828021  0.89669237730941498  0.89948905490247855  0.90221919339961210
  0.90494167004572224  0.90769543056091229  0.91046652132075867  0.91318975205374897
  0.91591079305251666  0.91867839844564292  0.92130076337497158  0.92390058034565259
  0.92625911861770471  0.92854624447354295  0.93089016223832388  0.93325243415925752
  0.93561418369868077  0.93796842881447973  0.94024559986569844  0.94239500792174602
  0.94448660012685270  0.94654672119267669  0.94867409677551129  0.95088579876996815
  0.95313719069951519  0.95529771051920387  0.95747873737976530  0.95970308755695521
  0.96201738688687610  0.96428888702161719  0.96643485717086886  0.96851016551507996
  0.97055054336071134  0.97259614388561888  0.97461090591451838  0.97646297221271461
  0.97819666400248650  0.97992903592438074  0.98170177052035335  0.98344713707764442
  0.98515403804769208  0.98681994398044981  0.98857419282200609  0.99037564626285102
  0.99228864376885861  0.99440705226470050  0.99692822641300993  1.00000000000000000
 -0.01899040857177124  0.12338804961383910  0.17198614933268430  0.20579512589673946
  0.23296227498493133  0.25457752551688673  0.27346296548643823  0.29034097969793360
  0.30536726881062032  0.31968605431650166  0.33233168317151363  0.34549880594933929
  0.35795726211231060  0.37022849877060449  0.38142355400773481  0.39216461651258216
  0.40278574729148037  0.41296292756072606  0.42308105242208527  0.43298463961539790
  0.44245692816997051  0.45126606818745352  0.45901014660843531  0.46656665968824945
  0.47436960459532551  0.48227103286538442  0.49020472059506681  0.49764885781715851
  0.50471818240051569  0.51153651720311766  0.51851363794888017  0.52575720106531199
  0.53305608869369825  0.54058017806813274  0.54798277078829838  0.55494493765855102
  0.56150925072715285  0.56747726122051245  0.57331504763262819  0.57929960475050390
  0.58534045844426996  0.59108449703616650  0.59656166202092653  0.60144927698615525
  0.60612447587371299  0.61109462964015948  0.61585263052170103  0.62080046418235890
  0.62581340561534460  0.63083656714970293  0.63587699684845578  0.64100529023694108
  0.64626220614689867  0.65173538808504805  0.65754613082175550  0.66297732164912326
  0.66806033773817974  0.67257950084052787  0.67712281861978085  0.68185369131215023
  0.68686258913309417  0.69224263757577709  0.69729905764721622  0.70188886614711332
  0.70642407814142649  0.71119629083594504  0.71635827685504638  0.72176566817226051
  0.72701008540451606  0.73200348391893622  0.73741659964101192  0.74221317709280965
  0.74746741511323334  0.75244033809301192  0.75704306262055809  0.76164687638696027
  0.76628932261144334  0.77114781634237195  0.77646961010981830  0.78213167579699960
  0.78782595001702671  0.79353470963396255  0.79949758816975403  0.80567504572240245
  0.81207345397890107  0.81889862739675989  0.82639555077840454  0.83434225168007814
  0.84418167548009471  0.85423770329998827  0.86460090224603348  0.87665447029132548
  0.88997959484232780  0.90644400156836469  0.93276895802747728  1.00000000000000000
   1.0444387256762758E-008  -1.0000000000000000     
 F F F F F F F F F F F F F F F F F F F F F F F F F F F F F F F F
  <DiscreteSampler_grid>
  grouped_processes
  1 # 1 for a reference and 2 for a running grid.
  10 # Attribute 'min_bin_probing_points' of the grid.
  1 # Attribute 'grid_mode' of the grid. 1=='default',2=='initialization'
  0.0000000000000000 # Attribute 'small_contrib_threshold' of the grid.
  0.5000000000000000 # Attribute 'damping_power' of the grid.
 # binID   n_entries weight   weight_sqr   abs_weight
    37   10   2.985249158409341E+001   8.544263190866563E+003   2.985249158409341E+001
    38   10   2.985249158409312E+001   8.544263190866383E+003   2.985249158409312E+001
    40   10   5.586358457605106E+002   2.992065160894388E+006   5.586358457605106E+002
    41   10   5.586358457605054E+002   2.992065160894329E+006   5.586358457605054E+002
    49   10   1.595263283839499E+000   2.439934612018100E+001   1.595263283839499E+000
    50   10   1.595263283839484E+000   2.439934612018049E+001   1.595263283839484E+000
    52   10   2.985249158409341E+001   8.544263190866563E+003   2.985249158409341E+001
    53   10   2.985249158409313E+001   8.544263190866392E+003   2.985249158409313E+001
  </DiscreteSampler_grid>
