  0.00980792098064595  0.01586953237553440  0.02453731602534412  0.03596950922509090
  0.04476417687461109  0.05328416575478991  0.06143067433079029  0.06949262734385327
  0.08157856425971047  0.09401781897883725  0.10342914607476879  0.11256372706211551
  0.12332422564732091  0.13599270326126156  0.14983038224132045  0.16175367425031967
  0.17376572525287476  0.18610279180634628  0.20037462029584319  0.21212530812038599
  0.22115445656729543  0.22967251881665460  0.23783343580114857  0.24571730472609685
  0.25446385157957246  0.26447698631525324  0.27867051411761379  0.29201720972339579
  0.30396150367013991  0.31361462849361643  0.32276885549175471  0.33182316402667450
  0.34066712699016394  0.35003225522319992  0.36027242602102832  0.37000735757108494
  0.37888484414313972  0.39005838750468724  0.39768178306894741  0.40655424095511367
  0.41581727826239195  0.42312908678450989  0.43247726854098933  0.44242630012702078
  0.45305665556689317  0.46463585423150777  0.47857691137087460  0.49201295462158007
  0.50422648146046412  0.51754765964774052  0.52935878479130960  0.53879320709195822
  0.54642798739492549  0.55453330127995926  0.56414517693206712  0.57331103484009882
  0.58194451862496199  0.58963655309031771  0.59867182241686312  0.60857955405409048
  0.61991907115603795  0.63284836628826879  0.64666195960896233  0.66091496502242231
  0.67560690948432200  0.69052783426063591  0.70380372892864973  0.71691876990782422
  0.72844630929650223  0.73940078886863225  0.75048771754382160  0.76406145315669138
  0.77566739181998545  0.78529852374185583  0.79354597481789046  0.80155413000247577
  0.81072027055706386  0.82024825220538744  0.83400881916251790  0.84833929879238434
  0.86058999390497803  0.87106305002117634  0.88093723854251516  0.89158055090322252
  0.90203402878732786  0.91199327540276065  0.92154879474917928  0.93108938403006825
  0.94386530866464302  0.95345024835282088  0.96117076268849511  0.96817264863682440
  0.97525623219058888  0.98481214647353288  0.99090440014960979  1.00000000000000000
  0.00000305948571852  0.00000323459694465  0.00000358974246532  0.00000387309812796
  0.00000424836686272  0.00000456006212465  0.00000488638703304  0.00000514854132091
  0.00000539214234283  0.00000564220812499  0.00000591017722063  0.00000620343409512
  0.00000654096441036  0.00000693030351865  0.00000730960999198  0.00000765963552699
  0.00000804317368287  0.00000851229913917  0.00000903312667713  0.00000947970833164
  0.00000984326886524  0.00001022841346641  0.00001059713138213  0.00001094269562803
  0.00001121515522264  0.00001164306575156  0.00001214073500377  0.00001264236089682
  0.00001303929516295  0.00001343570151449  0.00001392785505289  0.00001443812409444
  0.00001493984331721  0.00001539525131283  0.00001584977212821  0.00001630631293401
  0.00001679229166626  0.00001758435143300  0.00001844476003744  0.00001938209002341
  0.00002030443203207  0.00002113616455423  0.00002185693138173  0.00002259065074497
  0.00002333154798916  0.00002413418693972  0.00002497075209288  0.00002585710009866
  0.00002684839986322  0.00002781573258889  0.00002881881917458  0.00002993134020156
  0.00003108992335297  0.00003210228115916  0.00003303312919148  0.00003397392503271
  0.00003482211717579  0.00003573103952644  0.00003709309843959  0.00003866742389843
  0.00004016459027968  0.00004168015219891  0.00004318874630332  0.00004482025340083
  0.00004667093303181  0.00004889641653124  0.00005113051636651  0.00005323004432076
  0.00005546004032703  0.00005817054725744  0.00006131055799010  0.00006498523217460
  0.00006869455874004  0.00007265313160086  0.00007734301517970  0.00008318357330792
  0.00008769908507088  0.00009238792215557  0.00009763387686746  0.00010593891772835
  0.00011709716963247  0.00012856613949371  0.00014281140765302  0.00015796984673011
  0.00016894525702567  0.00018081536547235  0.00020075199500764  0.00023424333185087
  0.00027400109518046  0.00031527614958541  0.00036106262449525  0.00041871857811430
  0.00061556257559774  0.00113553352193572  0.02790032076379397  1.00000000000000000
  0.00000054744986571  0.00000528861047082  0.00000835009212349  0.00001049910751230
  0.00001270564099115  0.00001473596352022  0.00001630241977380  0.00001764973341266
  0.00001907951755323  0.00002057201040821  0.00002193485626307  0.00002344007256251
  0.00002514357552965  0.00002675389407604  0.00002843740425698  0.00002989864411186
  0.00003137075524982  0.00003277449827739  0.00003416379392429  0.00003560939922330
  0.00003717604522722  0.00003893396367228  0.00004080892301328  0.00004257928290841
  0.00004439737183210  0.00004575650447219  0.00004718284299670  0.00004852206269161
  0.00004990012562364  0.00005131395684626  0.00005269866680321  0.00005423004353658
  0.00005587116785179  0.00005836466429252  0.00006096563721824  0.00006341770487771
  0.00006581070166838  0.00006808976164440  0.00007042849195346  0.00007218275656982
  0.00007390165141857  0.00007583861696860  0.00007807117944439  0.00008046049938403
  0.00008296329984808  0.00008645904247134  0.00009124399157332  0.00009566682463381
  0.00009996336792043  0.00010471598344165  0.00010963478033117  0.00011482066634727
  0.00012034631527331  0.00012528041428436  0.00012990067060003  0.00013514738564402
  0.00014163849713670  0.00014936884968478  0.00015860750733427  0.00016464490730586
  0.00017105156434459  0.00017736462412158  0.00018361623348816  0.00019085588743376
  0.00019932475453733  0.00020956874697859  0.00022050821459159  0.00023095144257057
  0.00023990494263378  0.00024578068321215  0.00025010840029694  0.00025907571669072
  0.00026973673198781  0.00028081717342077  0.00029068826180364  0.00030238513268872
  0.00031840783289213  0.00033520584691958  0.00035170415544236  0.00036997596913683
  0.00039508454412157  0.00042500512201818  0.00046016105116077  0.00049811862625949
  0.00054096031028442  0.00060390449673800  0.00068929887104905  0.00080377845511392
  0.00094017148400408  0.00109033870070916  0.00129233700060562  0.00175163832756426
  0.00238124279246108  0.00313670064447428  0.06169355439198046  1.00000000000000000
 -0.00475198732357562  0.01647104988541154  0.03363472543449728  0.04553764845250369
  0.05431900058971219  0.06279449959024880  0.07051157150998449  0.07828304770034916
  0.08618806604204597  0.09326235810506582  0.10177097859733161  0.11280475868135854
  0.12704990868951785  0.14125593377720466  0.15533565733854471  0.16539435011856812
  0.17338079064430295  0.18080536374154399  0.18941589955332991  0.19914997064545653
  0.21059410932631692  0.22069430738454060  0.23053556971227382  0.24034139633927340
  0.25118056560372870  0.26290592329092149  0.27408199694046415  0.28474167418819429
  0.29594829552445356  0.30646742279217998  0.31597696570161449  0.32623869720935622
  0.33761483440853207  0.34887358606200836  0.36179322824772520  0.37310719778054752
  0.38069404664471096  0.38786967010305012  0.39521976984373153  0.40288574531147803
  0.41203944548638666  0.42108788504907479  0.42950164444359301  0.43731982188330931
  0.44514019367708169  0.45370791648326037  0.46317957665603660  0.47225075238657044
  0.48164445779705006  0.49226427456641547  0.50477987330108987  0.51743953896331596
  0.52916758653571216  0.54312497409265847  0.55628711129047104  0.56994459474222814
  0.58375520804076186  0.59458895541358359  0.60482668103336146  0.61307026439764245
  0.61936429601420340  0.62750480497252981  0.63549562177142183  0.64361364705388879
  0.65274068530844742  0.66174910824829758  0.67135090609622095  0.68167957199947171
  0.69436177830187962  0.70750434932277728  0.71899660773984764  0.73211770126160558
  0.74818093002330865  0.76506697552139502  0.78047468903199069  0.78968278425909444
  0.79776267902706877  0.80647012277931684  0.81493289977911110  0.82361170882892076
  0.83712780106223761  0.84943845740731660  0.86051465186949283  0.86985481472950810
  0.87896886946530250  0.88807936040288316  0.89865351101858004  0.91090148314099029
  0.92133493903548669  0.93164865478970638  0.94188918486349749  0.95402051490450224
  0.96477386526387776  0.97582360965062442  0.98765649864155258  1.00000000000000000
 -0.00414965436714742  0.01308027164565231  0.02489078529595951  0.03434441912106100
  0.04301506321624762  0.05208450923751363  0.06234012971757488  0.07323100137320324
  0.08289093497109282  0.09429039287959620  0.10683968180058719  0.12150652837382769
  0.13290370071187166  0.14256407427579035  0.15160078952509082  0.16168746102482071
  0.17424007180623499  0.18871216890187506  0.20096493151279785  0.21025792791370548
  0.21765269021443623  0.22394914017157305  0.23088827695343950  0.23779821392589301
  0.24779738675068080  0.26121059004110325  0.27559007490355514  0.28839834875116765
  0.30026472126237969  0.31161952815014282  0.32081832374508951  0.33001032621314991
  0.33876322948421672  0.34637166871267039  0.35473761924600944  0.36546561357602264
  0.37825377634913054  0.39312353888662610  0.40936940381063763  0.42712792589348564
  0.44106801589295486  0.45264969415178985  0.46159762996754100  0.46966631241975110
  0.47762577694664005  0.48638631793845671  0.49487527285666216  0.50711451049883505
  0.51942568808950962  0.52870000153295038  0.53690249242533583  0.54522493316529985
  0.55444916880444894  0.56534245332714606  0.57675329445426093  0.58880127946881811
  0.60066533788617216  0.61068976751417425  0.62080746816426680  0.63023602963190650
  0.63839348924084749  0.64618852419056516  0.65428166693599799  0.66425686369880155
  0.67666989435402636  0.68831359174770312  0.69990896902139232  0.71193006067762554
  0.72469220837022119  0.73877016378656135  0.75182047856370815  0.76015008253926974
  0.76679903615912626  0.77409644802779376  0.78058322718212825  0.79001331093148996
  0.79992212814796249  0.81058478707872739  0.82186537653157798  0.83239952028784214
  0.84630334741127644  0.85868634869266391  0.86800801734523092  0.87513213156273661
  0.88131013729749053  0.88780198275697209  0.89567181633910009  0.90557773114917817
  0.91499144649630371  0.92448293893470435  0.93405994130619163  0.94468620223436917
  0.95635623142260695  0.96948351266104815  0.98466085443886697  1.00000000000000000
 -0.00219176838866826  0.00855634343428605  0.01951738036925790  0.02848991603353624
  0.03873405135318978  0.04845978142072248  0.05666442939718153  0.06850786543163886
  0.07842039662361829  0.08711345182686760  0.09486235025608336  0.10359984038196741
  0.11419239689724245  0.12592730691540188  0.13664629771705614  0.14739986765251198
  0.15939107692594684  0.16916408757017173  0.17869997477379715  0.18910750950389643
  0.20251689238867948  0.21605442486707133  0.22818850974832469  0.23973151566057760
  0.25102067000262523  0.26446272702961177  0.27722328043681776  0.28860519217973835
  0.29950200025767237  0.30696651972161249  0.31405280345506109  0.32104845562002948
  0.32939951595587413  0.34339661426056939  0.36028172909794526  0.37435370767027365
  0.38466604816537081  0.39391495804290499  0.40298935582667750  0.41273438643790294
  0.42407716832659687  0.43400292517662742  0.44278531282765365  0.45194060475526815
  0.46351379648405100  0.47620260613447601  0.48704159729085716  0.49564498348580011
  0.50483615969530538  0.51467352585081805  0.52547905538512896  0.53792484395312490
  0.55220472742697924  0.56198032538488929  0.57285179184228585  0.58404225477233673
  0.59616812859296486  0.60773610930385558  0.61418972260496796  0.61978664172215958
  0.62494706085938967  0.63000858999338716  0.63601611548841197  0.64712800157786210
  0.65905597304185493  0.66837407873327992  0.68211578309369747  0.69187951549234528
  0.70200910608892020  0.71056220173140994  0.71811369910178602  0.72551919072370763
  0.73316039642819120  0.74440463231188903  0.76095124846406637  0.77640431082940120
  0.78951360900161982  0.80026170995253709  0.80969603446918470  0.81844630876316837
  0.82926057864378067  0.84079640948056700  0.85197096284046481  0.86386315737269004
  0.87489957362194193  0.88328562732930793  0.89194537442937760  0.90070260303409655
  0.90941939916567871  0.91836395949810667  0.92749806264118018  0.93748093569560420
  0.94995351177927645  0.96649129902000008  0.98351060453000494  1.00000000000000000
  0.00008257120194275  0.00009587135413205  0.00010917150632135  0.00013025073977720
  0.00016770395115930  0.00020515716254139  0.00024017809664960  0.00026902560203134
  0.00029787310741307  0.00032672061279481  0.00035600618844542  0.00038615561585795
  0.00041630504327048  0.00044645447068300  0.00047061289839023  0.00049007800208038
  0.00050954310577053  0.00052913330353999  0.00054940164594991  0.00056966998835983
  0.00058899111327640  0.00060763436356586  0.00062627761385532  0.00064567397531092
  0.00066527570954453  0.00068489630740089  0.00070464850824931  0.00072440070909773
  0.00074612447706344  0.00076993950933344  0.00079368057792199  0.00081724536961521
  0.00084104007006207  0.00086738764159515  0.00089388833699496  0.00092171688029288
  0.00095132784801071  0.00098692295330409  0.00102401643073773  0.00106367933002657
  0.00110364622348935  0.00114442152193247  0.00118574574802643  0.00122885331657509
  0.00127466851205076  0.00132657552443688  0.00138263988201942  0.00144216937852690
  0.00150643210338792  0.00157598945712583  0.00164805893372281  0.00172219685251354
  0.00178619102532124  0.00184607238023198  0.00190811246884688  0.00197103561409513
  0.00204489412902086  0.00212863012263426  0.00224357209808789  0.00236671137308566
  0.00250668466894580  0.00265527161555408  0.00280724671397401  0.00297099020434933
  0.00316335735821961  0.00337845062766138  0.00351119281500795  0.00364754947791269
  0.00379669445280175  0.00396275729652232  0.00409175983945165  0.00421184716860019
  0.00433321275654130  0.00448173567001521  0.00463387701779829  0.00478996580677326
  0.00504488463834175  0.00547739187630860  0.00592457716101687  0.00622584535198227
  0.00647917913798922  0.00672828765789668  0.00705019769038421  0.00763728017759929
  0.00857960921298966  0.00938274680542877  0.01030192316658641  0.01227276482371586
  0.01333681031868762  0.01450708897843487  0.01639694423665954  0.01749592156290497
  0.01989099479664275  0.02663862930808276  0.08533102854359130  1.00000000000000000
 -0.00178102223252972  0.00479406377478933  0.01144551376881126  0.01814164534768936
  0.02480414342328190  0.03149131333608072  0.03873676186282204  0.04613445172014888
  0.05330539567980348  0.06054294162002306  0.06831677553382676  0.07702029016896855
  0.08486107501069576  0.09411346170179406  0.10246842672581148  0.11060937276830106
  0.11893698419685125  0.12821539932375858  0.13772161616437242  0.14530922647776684
  0.15265141407102162  0.16028060459857080  0.16862487997195144  0.17799078303379384
  0.18627940598113252  0.19350751980332195  0.20020300688577064  0.20610934944494155
  0.21108058019130166  0.21642047704126896  0.22396508822886091  0.23127211548939847
  0.24021168925909367  0.25140600081420766  0.26316174739432879  0.27537238240749295
  0.28626951073880685  0.29463014161185158  0.30247759546284825  0.31366256347581750
  0.32573396621294309  0.34026953180658331  0.35680703248279699  0.38282581772903190
  0.40710651313273333  0.43033150037846818  0.45591834375786849  0.48643564961256458
  0.52159353912020412  0.55243992341599879  0.58390521978406873  0.60676951993005057
  0.63186778829050794  0.65030438495454179  0.66733993908567490  0.68080056628025398
  0.69238518019659057  0.70474993688607768  0.71340112950677381  0.72136269092220018
  0.72883806344937008  0.73654086388464446  0.74689274633741154  0.75687772162561651
  0.76434954539665334  0.77113255551924520  0.77793804420259149  0.78517767911271796
  0.79327004199990347  0.80219668140485845  0.80855867724323804  0.81531202006690351
  0.82224429436248359  0.82942163256090096  0.83762864075961985  0.84695119821799025
  0.85659295684352044  0.86568608759456833  0.87414709489304487  0.88215265358022854
  0.88897299273064634  0.89449740302069103  0.89955607974539564  0.90448046024326612
  0.90969311630252869  0.91706651825968377  0.92463220197768525  0.93173096773174180
  0.93932970408142713  0.94694649059763736  0.95492900079074505  0.96314341664099912
  0.97201368306172020  0.98069240047743189  0.99047625633050573  1.00000000000000000
  0.12192151271556270  0.23739883225116212  0.28981888923606985  0.33264157221081864
  0.37375496728088048  0.40616202663655460  0.42475196708849144  0.43555649971712190
  0.44379244498456555  0.45124254567966499  0.45819030125265675  0.46432729696522562
  0.47212594273060865  0.47936827577975860  0.48648250502896490  0.49315076507240374
  0.49922684066051787  0.50517227836820000  0.51156755667680931  0.51838900859788484
  0.52578970007060000  0.53331651461280072  0.54001435858020619  0.54488713891868190
  0.54874255066543087  0.55261815836452732  0.55690860424258914  0.56117579977142473
  0.56641071039393109  0.57338173915308877  0.58140479477283047  0.58979634204180109
  0.59784130561209370  0.60532286480068365  0.61117268234196032  0.61595526791539401
  0.62064879629788838  0.62612778299383631  0.63215548756923756  0.63740576544690319
  0.64235923917759297  0.64697016115170214  0.65120929990832654  0.65514819223420040
  0.65882966208994975  0.66296678551747701  0.66745888484241789  0.67112558955259960
  0.67474820052219564  0.67841612518832961  0.68233798165569248  0.68765607294621123
  0.69359165055932959  0.70051131841274550  0.70615396249870133  0.71210313718198071
  0.71796619976518150  0.72418700662908575  0.73045061816124290  0.73669001265809297
  0.74309394252566408  0.75061506826543145  0.75714816830811826  0.76418604694963799
  0.77169272528325994  0.78105859920386644  0.78920065475940759  0.79636364354337574
  0.80345979278289259  0.81105553898835092  0.81982417379112071  0.83021049686037163
  0.84018030273436861  0.84962873522990889  0.85905235576269412  0.86794831276838358
  0.87642294060024017  0.88318386808599869  0.88968111668802474  0.89663392095041294
  0.90532718462492068  0.91471374112083725  0.92350400457067228  0.92903070249397701
  0.93490967446510720  0.94063660239083047  0.94542216307719074  0.95016069943272741
  0.95490091741621108  0.95881532125735802  0.96336799772295312  0.97078703853581561
  0.97821241320375374  0.98493751560969256  0.99183703233817488  1.00000000000000000
 -0.01913375152580295  0.11794149462210868  0.14542474310765249  0.16515977971790197
  0.18566191573950219  0.20209124713761203  0.21484393669751317  0.22594242538562628
  0.23663518332043887  0.24916132089529319  0.26017126622284814  0.27007695718663560
  0.27936663300982045  0.28657831268318090  0.29575166511819084  0.30400420942037348
  0.31071835294154637  0.31754992581372238  0.32472375744650017  0.33126420666030315
  0.33921386935243963  0.34748963323042709  0.35560842935534265  0.36303688146376012
  0.36972538388257170  0.37633721138804088  0.38215735609128637  0.38776966958296705
  0.39381031482676065  0.40003703261620727  0.40687058694358247  0.41271682236517665
  0.41744100680632268  0.42126012982595040  0.42474803101158137  0.42984791594651139
  0.43550454309688824  0.44183028897538429  0.44819010641732876  0.45302894138613714
  0.45647591867820569  0.45994890336496330  0.46335275039748058  0.46735714424178892
  0.47162998008812662  0.47539836145312614  0.47831381895037767  0.48239753434952254
  0.48723010848104631  0.49196764436502954  0.49796285628241660  0.50434949455560829
  0.51023510158853913  0.51576508427281254  0.52085833619991395  0.52568238064940376
  0.53132668792455573  0.53650654383552865  0.54120640960255806  0.54570400751247639
  0.55017875722465337  0.55486655714023425  0.56084011190769067  0.56808064193812569
  0.57616355935416741  0.58431489742351361  0.59187312180709495  0.59921669212930206
  0.60599276733199059  0.61362953733586256  0.62117430275671670  0.62905542056991293
  0.63530703413598799  0.64138420953625885  0.64758678062123864  0.65396929943280047
  0.66001054737707598  0.66587061087637822  0.67191897495279440  0.67888460206828449
  0.68704512099190274  0.69614155071874939  0.70664111275195507  0.71981800819218567
  0.73310625168768428  0.74586509595923622  0.75858127871026138  0.77153250176842170
  0.78256375878515350  0.79255714329061444  0.80221243837984468  0.81269923923826437
  0.82893235441490054  0.84971450675152160  0.88264779825715745  1.00000000000000000
   3.1274645178379399E-010  -1.0000000000000000     
 F F F F F F F F F F F F F F F F F F F F F F F F F F F F F F F F F F F F F F F F F F F F F F F F F F F F F F F F F F F F F F F F F F F F F F F F F F F F F F F F F F F F F F F F F F F F F F F F F F F F F F F F F F F F F F F F F F F F F F F F F F F F F F F F
  <DiscreteSampler_grid>
  grouped_processes
  1 # 1 for a reference and 2 for a running grid.
  10 # Attribute 'min_bin_probing_points' of the grid.
  1 # Attribute 'grid_mode' of the grid. 1=='default',2=='initialization'
  0.0000000000000000 # Attribute 'small_contrib_threshold' of the grid.
  0.5000000000000000 # Attribute 'damping_power' of the grid.
 # binID   n_entries weight   weight_sqr   abs_weight
    16   10   4.785673602992914E+001   4.677082885146098E+003   4.785673602992914E+001
    19   10   4.265968952279209E+002   5.587862836353967E+005   4.265968952279209E+002
    20   10   4.265968952279203E+002   5.587862836353955E+005   4.265968952279203E+002
    22   10   4.785673602992913E+001   4.677082885146095E+003   4.785673602992913E+001
    28   10   4.785673602992912E+001   4.677082885146096E+003   4.785673602992912E+001
    34   10   4.785673602992911E+001   4.677082885146093E+003   4.785673602992911E+001
  </DiscreteSampler_grid>
