  0.00913978884671472  0.01736219491354547  0.02817631613800134  0.03902586675476061
  0.04970207329613036  0.06030705163271655  0.07075860659592809  0.08117203954942885
  0.09155957935090561  0.10191581236010497  0.11202605962558204  0.12202819553983203
  0.13239961679822543  0.14266203582848502  0.15213311300622825  0.16136599438276644
  0.17121123373759867  0.18170238867781119  0.19205573897202699  0.20225304148900453
  0.21257562893228008  0.22316125395340256  0.23365329690729322  0.24419066405846027
  0.25459463702787050  0.26523575922247178  0.27619394171244271  0.28701067583536188
  0.29751715835291620  0.30771554104546778  0.31805805200474513  0.32828777777833362
  0.33858979816098145  0.34834945851939020  0.35829140810163801  0.36861276606714138
  0.37976459733444118  0.39081528102909346  0.40171066832191032  0.41204658968280883
  0.42213908706004660  0.43219309827480668  0.44265546651179172  0.45309159660561066
  0.46313232157144552  0.47280721658007441  0.48252300583374791  0.49258068061017951
  0.50261877211243766  0.51271148404785682  0.52295484116113644  0.53333706138264680
  0.54373650751576985  0.55414791057067181  0.56479713985238755  0.57583864621694669
  0.58674303491370594  0.59734327948710697  0.60781817340819611  0.61817781536918448
  0.62816551260493181  0.63761728330425738  0.64726407628234517  0.65724544785782568
  0.66774392690030449  0.67851856021380752  0.68924903282538730  0.70000757733641772
  0.71072951967767806  0.72150614912199884  0.73207690532319747  0.74234279582677620
  0.75268069714927621  0.76318524319317971  0.77365402823660157  0.78425620842156007
  0.79491887417823337  0.80589482376096355  0.81654546865471067  0.82696165519792864
  0.83732308944385037  0.84786057575191487  0.85850248169485144  0.86932126298279044
  0.88032514517807747  0.89126807508577877  0.90158185368062849  0.91142539820635493
  0.92162784261761732  0.93243752149391546  0.94322396348252580  0.95402060050231163
  0.96515849159710165  0.97691292011095621  0.98835161030374818  1.00000000000000000
  0.00000242315785652  0.00000262736327213  0.00000271600155512  0.00000284130414014
  0.00000299087817148  0.00000316245593893  0.00000336364558899  0.00000358208001765
  0.00000382256165665  0.00000410913081227  0.00000441055393034  0.00000475657265641
  0.00000512577325624  0.00000553181779707  0.00000596481312620  0.00000642932464978
  0.00000693445890270  0.00000748183598987  0.00000806206596231  0.00000866691935243
  0.00000929169577993  0.00000993304419136  0.00001059862122201  0.00001129457239888
  0.00001202301090056  0.00001279026551460  0.00001359664397506  0.00001443672237347
  0.00001529735223354  0.00001617885653580  0.00001709563969637  0.00001806693640958
  0.00001904949502924  0.00002006487831938  0.00002110359432925  0.00002217496362188
  0.00002330010088239  0.00002446235488672  0.00002568873547514  0.00002699459532829
  0.00002837748489630  0.00002980270640626  0.00003126322944630  0.00003278028658948
  0.00003435126775849  0.00003596004566398  0.00003761521499658  0.00003935706510191
  0.00004124606574939  0.00004324018623975  0.00004528267813640  0.00004737596533510
  0.00004948660553750  0.00005168516132670  0.00005392986578127  0.00005639312036309
  0.00005900422577643  0.00006164329933702  0.00006442902365823  0.00006742854813212
  0.00007064227477097  0.00007398152801924  0.00007740691028236  0.00008092746592619
  0.00008458243124816  0.00008866669228807  0.00009325384093890  0.00009797759228880
  0.00010279563873178  0.00010786206827257  0.00011341175964210  0.00011941145835912
  0.00012589558752695  0.00013298885774341  0.00014076624880474  0.00014934620195575
  0.00015865759415287  0.00016856337942783  0.00017940965179704  0.00019184743912507
  0.00020637766116319  0.00022356689495841  0.00024337860720526  0.00026669485964080
  0.00029355117549744  0.00032696104854412  0.00036743765027814  0.00041714610240258
  0.00048100257608505  0.00057667922425036  0.00074012068906526  0.00103511181280154
  0.00179013940639605  0.02566128413927205  0.42105913060606132  1.00000000000000000
  0.00000229866410284  0.00000284971534848  0.00000330221800945  0.00000375254219527
  0.00000423170193026  0.00000472770121379  0.00000523301837022  0.00000576341265118
  0.00000632878351752  0.00000691559951144  0.00000752416559380  0.00000815788122700
  0.00000881085271676  0.00000948207911914  0.00001015940090099  0.00001087453908728
  0.00001161190101752  0.00001237015855601  0.00001317421587064  0.00001399284955404
  0.00001483247082560  0.00001567429388352  0.00001652867016340  0.00001740765203570
  0.00001831029954525  0.00001924858210133  0.00002022035530744  0.00002123760501493
  0.00002229515679662  0.00002336430733411  0.00002448458891539  0.00002563106239427
  0.00002682157532123  0.00002808578916760  0.00002940787716252  0.00003077597158719
  0.00003218211695046  0.00003364049390921  0.00003515613644813  0.00003673060187740
  0.00003833090097637  0.00003997415662166  0.00004169315332421  0.00004347942580147
  0.00004531109106920  0.00004719385114654  0.00004915113781936  0.00005117638734564
  0.00005324974813016  0.00005546845580682  0.00005781272802955  0.00006024612573941
  0.00006271239114627  0.00006522227633118  0.00006787155940960  0.00007056240548991
  0.00007331208553039  0.00007639756501027  0.00007982378897429  0.00008344366878907
  0.00008725196444286  0.00009122930611661  0.00009533548075242  0.00009952103190716
  0.00010404867869795  0.00010896576251599  0.00011425570265369  0.00012006619243248
  0.00012597279823024  0.00013204752711185  0.00013807570315168  0.00014466226741691
  0.00015160343309019  0.00015926400065216  0.00016804667588918  0.00017769719085225
  0.00018788095913809  0.00019878938968000  0.00021154667739362  0.00022622696869599
  0.00024281344782259  0.00026090383311104  0.00028167576579607  0.00030621017549180
  0.00033525538697213  0.00036879003507211  0.00041059574035708  0.00046552616608529
  0.00054187870482207  0.00066179969604188  0.00086971658121584  0.00124085440463554
  0.00222918469534958  0.07646796628889108  0.44992618312399901  1.00000000000000000
 -0.00190372235526053  0.00773752477837514  0.01756784077970670  0.02810691770351301
  0.03922918323743223  0.05008778242555587  0.06068088351688602  0.07106080690753984
  0.08149665220410363  0.09149555877679100  0.10177823692231060  0.11146133707792069
  0.12140383232282893  0.13150277182583725  0.14172113263439304  0.15229971805767775
  0.16246269412779704  0.17279172654731523  0.18355407461841639  0.19470885541446606
  0.20623018198704710  0.21715473869957561  0.22771479301120737  0.23790001608023961
  0.24807182640136966  0.25829112057231018  0.26877366109691014  0.27873201741520115
  0.28893875032663119  0.29965245946074792  0.31119343506532321  0.32285449209780481
  0.33437748967901615  0.34543998657550012  0.35617491500310139  0.36671527835815948
  0.37764504179148140  0.38867141151885337  0.39958600478993256  0.41004938002350494
  0.42073543806083391  0.43152505941365682  0.44221049991245570  0.45296265669675356
  0.46385370532152786  0.47533154762188717  0.48646571731749466  0.49714031394101343
  0.50763120504800130  0.51829987792984955  0.52890775490999153  0.53965433087478587
  0.55021646110690892  0.56051808835582351  0.57063290566939273  0.58089422675327929
  0.59155584105314929  0.60248291494248507  0.61329497414106737  0.62379208374642570
  0.63420972064621062  0.64484051053508773  0.65597337585038462  0.66731681932649334
  0.67876360962356386  0.68986850917742082  0.70050176567256328  0.71089107612444569
  0.72110880349423068  0.73139346159537766  0.74159003353992692  0.75187504412874173
  0.76219413361259314  0.77288079412798039  0.78380427853145418  0.79458003008070566
  0.80470703480366057  0.81456704064298757  0.82455538786705096  0.83488053723584565
  0.84537707013339436  0.85595878189626917  0.86668007352282950  0.87751733295708079
  0.88861218244539686  0.89984265855201939  0.91086837938160525  0.92126826536243045
  0.93098949302278911  0.94012212115604132  0.94992776287600089  0.96011091377240043
  0.97056366706195274  0.97996387106798033  0.99009388531233489  1.00000000000000000
 -0.00236878765523410  0.00902817148160100  0.01926892865879402  0.02972117035768924
  0.04015470364699997  0.05110162444360841  0.06204461695601890  0.07277494983716169
  0.08352356706492173  0.09464103756016040  0.10595562301239196  0.11688879543258995
  0.12734948723383793  0.13754221303573208  0.14759180832851004  0.15749897272045646
  0.16794815026404855  0.17859427171327136  0.18947038837433433  0.20021504860810341
  0.21066337783736949  0.22120528120558311  0.23159253656606013  0.24256348916065951
  0.25321800837860253  0.26388796707851092  0.27385023493999860  0.28416811107181894
  0.29418332882436488  0.30446088869193139  0.31459421737318188  0.32488319711265429
  0.33483785770826163  0.34471441089274102  0.35474974237871876  0.36514892651886538
  0.37530077456013811  0.38563146758497802  0.39589921043319914  0.40658112321723777
  0.41755721237010651  0.42882563996107587  0.44007463798870528  0.45119138888602267
  0.46213691966556047  0.47288362688829494  0.48337305683025084  0.49339784883583804
  0.50309305784575908  0.51295311259516707  0.52336935050665334  0.53433845159188276
  0.54532348479020920  0.55577489621800824  0.56612011287370323  0.57693450286466685
  0.58851550933881180  0.60050823533315867  0.61207044009403155  0.62362978909975597
  0.63493500097735966  0.64579457837577181  0.65636014840610302  0.66695940332106540
  0.67771800511794777  0.68838805719063856  0.69853540670087011  0.70879503800565247
  0.71915382972742170  0.73019210366325571  0.74130624178593763  0.75191436476817652
  0.76255792375378650  0.77333713505047086  0.78428024636624549  0.79522414639628858
  0.80612864936579143  0.81701939561156800  0.82791236245817779  0.83872351488080810
  0.84928836832486121  0.85938208352319734  0.86922418286716707  0.87946608967943651
  0.88997001701693257  0.90003105335913469  0.90968672805996287  0.91899775490559499
  0.92886994620494767  0.93946035103636438  0.95008322807824075  0.96062020870452103
  0.97081255824982260  0.98054129221179842  0.99045538233959940  1.00000000000000000
 -0.00231833786560784  0.00911050888957805  0.01829982441733784  0.02818647146264815
  0.03890522012047423  0.05022592396121629  0.06133328965053928  0.07194049229176555
  0.08220030551105163  0.09228486505973692  0.10208419269446306  0.11269258891469570
  0.12330692826561056  0.13330414176594957  0.14336312613698521  0.15358334921364453
  0.16457317904976451  0.17612001440104824  0.18773588574006950  0.19877550623885690
  0.20921684945353466  0.21916163445648762  0.22879145163015255  0.23832498018650289
  0.24772025583748636  0.25744203006701472  0.26793764542870607  0.27910806663031418
  0.29042289603021199  0.30160580959344579  0.31231002394006779  0.32297882153304314
  0.33355077009247491  0.34405974536902723  0.35454361724678185  0.36515908050344625
  0.37591583230502085  0.38677521387589786  0.39753706719021636  0.40826736504524364
  0.41902430279914521  0.43034359392942012  0.44200327229570918  0.45349018761625698
  0.46436213066380400  0.47474205713507733  0.48530510698308182  0.49612458601741755
  0.50709857917995682  0.51746817527408651  0.52746599156946239  0.53753865795505174
  0.54803339383703864  0.55862596229640948  0.56886797151278601  0.57907984916897648
  0.58960701211961486  0.60041428124719021  0.61124311541272958  0.62207911149640005
  0.63257916470283304  0.64281628832835980  0.65280943612210529  0.66293375359636408
  0.67324545396449653  0.68338505689971041  0.69384716125848767  0.70417455928984185
  0.71490363990121064  0.72532125179097107  0.73571783728926943  0.74594194401240754
  0.75635240825703076  0.76670296319634079  0.77709301743472370  0.78769186831311322
  0.79802103413771242  0.80815967097782959  0.81832597502668547  0.82935429954920747
  0.84064376094834004  0.85153480759125155  0.86209763839111031  0.87261289885662996
  0.88324051027323414  0.89418093246430941  0.90523753733673706  0.91626006179865482
  0.92681962138564178  0.93681480997553190  0.94715313184867655  0.95750044973342907
  0.96809519920663112  0.97882560209189851  0.98921368800703158  1.00000000000000000
  0.00009426724978609  0.00010372186695146  0.00024130602979835  0.00040165471097689
  0.00056877836033701  0.00074684191651679  0.00095131222903865  0.00117311835977886
  0.00138830673247186  0.00158232104993496  0.00178441045567048  0.00200357979107969
  0.00223286946099050  0.00247182885140257  0.00271947938036734  0.00297463657784929
  0.00323881287534716  0.00351244097559601  0.00379451209867782  0.00408607292550220
  0.00438960346293523  0.00470418257444186  0.00503697341856386  0.00537957888612785
  0.00572910850745395  0.00608690434287208  0.00645487197084767  0.00683578425268653
  0.00723075287268492  0.00763717796174306  0.00805838123613432  0.00848196625613721
  0.00890826181133530  0.00933033597953631  0.00975265618149899  0.01018556103562444
  0.01063120617364643  0.01109387663954735  0.01157487895527579  0.01207982511082109
  0.01260683658856018  0.01314681193564888  0.01368920025140311  0.01424188626590685
  0.01480992734177387  0.01539654047912874  0.01599173038814044  0.01659148709397167
  0.01721131574497819  0.01785333787504502  0.01850227087121705  0.01914682491183893
  0.01981752914880591  0.02051615569967025  0.02121363134982692  0.02190703181781226
  0.02261631888263272  0.02332909290234264  0.02414304518477486  0.02499643956759557
  0.02582640452143337  0.02663556596596063  0.02747194152455578  0.02833040843979254
  0.02926711561631251  0.03024784293436661  0.03125031476722857  0.03232730423760655
  0.03349596769204589  0.03464401217888011  0.03579456299882207  0.03706280826843968
  0.03842891778817470  0.03986060930801377  0.04146053598733013  0.04295730934440426
  0.04451288667707330  0.04623311218309310  0.04803146642269124  0.04972753732714379
  0.05137354959564706  0.05315943956569377  0.05535842902417057  0.05773183202927176
  0.06022151088132052  0.06311323022547247  0.06638244469021611  0.06975172238858576
  0.07434867372308593  0.07942058133461105  0.08609893136612470  0.09870393470712285
  0.11864450112826855  0.29758768517529721  0.84665841067391556  1.00000000000000000
 -0.00188462909883743  0.00797595585688034  0.01734045361505991  0.02687895332290290
  0.03685521926073484  0.04744988073063051  0.05802660753842465  0.06818773170590892
  0.07856063746676567  0.08842307430327752  0.09853012712741094  0.10816307041596437
  0.11756032965714659  0.12765878880348847  0.13757320772160575  0.14757211144137641
  0.15741337344130410  0.16765887607068006  0.17810346153991463  0.18830719081657132
  0.19829644024472479  0.20823578349880179  0.21859053259183994  0.22923184669045960
  0.24001010735984343  0.25072206159531862  0.26125819711999743  0.27166687088917113
  0.28200482661734755  0.29228393752381138  0.30234632332935735  0.31220637188823241
  0.32204790480654383  0.33214133814310837  0.34254738439461091  0.35331452750179493
  0.36420700986704835  0.37523589473952912  0.38662605294510966  0.39860455809746398
  0.41078223954594495  0.42265287281597208  0.43496629761172434  0.44725399669717614
  0.45926707108514703  0.47028890223620518  0.48102598245202727  0.49205989104437792
  0.50341131653270332  0.51470506334969712  0.52587616629232503  0.53697264777356235
  0.54848084828833010  0.56020085357590388  0.57162874259395169  0.58260099626067985
  0.59306779316683245  0.60355085605751979  0.61422562285743820  0.62536327572403361
  0.63655626495900663  0.64747403860479191  0.65820897196445993  0.66895394660518925
  0.67977290013897207  0.69047842719779540  0.70065503724891864  0.71090786900434533
  0.72111813923372470  0.73143655244204064  0.74183042341972361  0.75220978415711515
  0.76227519458697246  0.77219028942536205  0.78189199885642902  0.79199629204896904
  0.80254638700058667  0.81328275576376130  0.82435856932578166  0.83516634907682119
  0.84626829298339046  0.85702977832887317  0.86764265263633622  0.87821050680120172
  0.88825604352538123  0.89801835582418565  0.90766415772482290  0.91752198901305593
  0.92778000732584109  0.93831434803536862  0.94887789615073348  0.95948206742153186
  0.97006738816025895  0.98022870281093866  0.99034991811170903  1.00000000000000000
  0.01857894563023924  0.25047860212961298  0.33787443534273121  0.36700228402824325
  0.38154867880847304  0.39224745260580984  0.40229651841423569  0.41238956844762892
  0.42227277878062641  0.43182400926049025  0.44121136096165658  0.45010122612980608
  0.45830769705375096  0.46645507738385833  0.47455939151530002  0.48301506992971455
  0.49204418541434919  0.50130743361433061  0.51018825376940469  0.51871784858671333
  0.52725228900773813  0.53582904321574876  0.54435816574355422  0.55305671149624369
  0.56198561866831509  0.57134649244722413  0.58101329475696295  0.59038955008283167
  0.59951291896385372  0.60852865138646095  0.61778342574485146  0.62714003297826504
  0.63718710376669607  0.64813744267213369  0.65909916122031775  0.66998842491630561
  0.68101500011516969  0.69208564154511154  0.70298789999023814  0.71294357497401684
  0.72283940467193619  0.73365463024370581  0.74534451781386968  0.75710842294228797
  0.76826457656000380  0.77950646907727972  0.79138198702178908  0.80319692176521140
  0.81428657812956295  0.82470702250495731  0.83482486301387593  0.84441436249636070
  0.85349679529530820  0.86246991752614355  0.87138764814257708  0.87973560904402681
  0.88758653440227442  0.89495167418437138  0.90171387193706543  0.90787399126632007
  0.91362913567383730  0.91902060152312204  0.92423655848628772  0.92925379995858737
  0.93407260345074195  0.93847430614418381  0.94254586151620046  0.94637168057145460
  0.95004729682673106  0.95353651153072749  0.95686763637006478  0.95995566994658366
  0.96281374043752221  0.96549336076330861  0.96804691794256625  0.97048799534603047
  0.97279459203037666  0.97497154524048479  0.97700888206842063  0.97892002063146566
  0.98072645152924098  0.98238939429209560  0.98400867253032587  0.98553824058071193
  0.98697988498113776  0.98833321609215663  0.98960411497742096  0.99079850432195482
  0.99194275407412402  0.99305063769247659  0.99411234814768512  0.99513770682912472
  0.99615478256413315  0.99720610581732561  0.99849188031405767  1.00000000000000000
 -0.03037851563091712  0.13237885141294095  0.17903762726999112  0.20729705219119188
  0.22888777039272043  0.24745319411635705  0.26425459848262017  0.27956594513790883
  0.29358014908805469  0.30666714616085172  0.31893092215971430  0.33048443047835230
  0.34138331720975879  0.35155602219969245  0.36110476976325195  0.37039833282205603
  0.37963568245210511  0.38875855163843631  0.39743964342787963  0.40560321537586874
  0.41357423331414128  0.42164903762351086  0.42970118720736822  0.43758186517774295
  0.44531342252955580  0.45312039361504031  0.46094161388750676  0.46854183049420134
  0.47575857178288145  0.48282916363971895  0.48984279084404064  0.49685562096858593
  0.50386770976779238  0.51086790511609803  0.51750484015143094  0.52380855984619601
  0.52987533409322718  0.53587077494165669  0.54182830077519040  0.54807348492550745
  0.55433968840397652  0.56037644575531298  0.56647746275816790  0.57257363974682851
  0.57868185741430012  0.58480196884782776  0.59087444521158305  0.59679393305251627
  0.60258807952984828  0.60824740770398711  0.61384242543719691  0.61947609341103160
  0.62483839167990796  0.62999444237974034  0.63509713691293523  0.64022722851681324
  0.64559045389416214  0.65122728214976111  0.65697760548954187  0.66265991088342568
  0.66822805202963953  0.67390215493791084  0.67964657465559819  0.68550873641595755
  0.69157173922488557  0.69758322728755429  0.70355919941985490  0.70916219247967327
  0.71439368188928221  0.71951405336454743  0.72461529019381898  0.73016462937586368
  0.73584817333353547  0.74165715521646447  0.74743194112218769  0.75321223255522141
  0.75879391642184224  0.76434255484100067  0.77003969600897815  0.77623160240842815
  0.78263601069513322  0.78893665212529673  0.79560508530159813  0.80254916782209740
  0.80993632233801915  0.81728843450215982  0.82479248275652495  0.83260112443434986
  0.84068803945439596  0.84948853411813119  0.85970469869194699  0.87136149653057549
  0.88492499506142808  0.90125281720654948  0.92774148036705928  1.00000000000000000
   1.4241303132709227E-008  -1.0000000000000000     
 F F F F F F F F F F F F F F F F F F F F F F F F F F F F F F F F F F F F F F F F F F F F F F F F F F F F F F F F F F F F F F F F F F F F F F F F F F F F F F F F F F F F F F F F F F F F F F F F F F F F F F F F F F F F F F F F F F F F F F F F F F F F F F F F
  <DiscreteSampler_grid>
  grouped_processes
  1 # 1 for a reference and 2 for a running grid.
  10 # Attribute 'min_bin_probing_points' of the grid.
  1 # Attribute 'grid_mode' of the grid. 1=='default',2=='initialization'
  0.0000000000000000 # Attribute 'small_contrib_threshold' of the grid.
  0.5000000000000000 # Attribute 'damping_power' of the grid.
 # binID   n_entries weight   weight_sqr   abs_weight
    109   10   7.881784543545109E+002   1.032685634615575E+006   7.881784543545109E+002
    112   10   1.889042911854245E+003   6.039218788497885E+006   1.889042911854245E+003
    113   10   1.889042911854253E+003   6.039218788497947E+006   1.889042911854253E+003
    121   10   1.964026280082978E+003   6.467548328966179E+006   1.964026280082978E+003
    122   10   1.964026280082986E+003   6.467548328966248E+006   1.964026280082986E+003
    124   10   1.670545422862964E+003   4.699707014907967E+006   1.670545422862964E+003
    125   10   1.670545422862972E+003   4.699707014908021E+006   1.670545422862972E+003
    139   10   9.680086037944811E+003   6.363332399469848E+008   9.680086037944811E+003
    140   10   9.680086037944804E+003   6.363332399469821E+008   9.680086037944804E+003
    148   10   1.987977683661036E+003   6.735051760312157E+006   1.987977683661036E+003
    149   10   1.987977683661044E+003   6.735051760312227E+006   1.987977683661044E+003
    151   10   1.309200812246912E+003   2.806419501944131E+006   1.309200812246912E+003
    154   10   2.530517025126953E+003   1.064722237716578E+007   2.530517025126953E+003
    155   10   2.530517025126964E+003   1.064722237716589E+007   2.530517025126964E+003
    157   10   9.680086037944811E+003   6.363332399469848E+008   9.680086037944811E+003
    158   10   9.680086037944806E+003   6.363332399469821E+008   9.680086037944806E+003
    166   10   2.803467329762226E+003   1.334753443538666E+007   2.803467329762226E+003
    167   10   2.803467329762239E+003   1.334753443538680E+007   2.803467329762239E+003
    175   10   2.496590827849949E+003   1.105689311051508E+007   2.496590827849949E+003
    176   10   2.496590827849961E+003   1.105689311051519E+007   2.496590827849961E+003
    181   10   1.987977683661035E+003   6.735051760312153E+006   1.987977683661035E+003
    182   10   1.987977683661044E+003   6.735051760312229E+006   1.987977683661044E+003
    190   10   7.881784543545111E+002   1.032685634615575E+006   7.881784543545111E+002
    193   10   1.889042911854245E+003   6.039218788497886E+006   1.889042911854245E+003
    194   10   1.889042911854253E+003   6.039218788497945E+006   1.889042911854253E+003
    202   10   1.964026280082978E+003   6.467548328966179E+006   1.964026280082978E+003
    203   10   1.964026280082986E+003   6.467548328966247E+006   1.964026280082986E+003
    205   10   1.309200812246912E+003   2.806419501944131E+006   1.309200812246912E+003
    208   10   2.530517025126953E+003   1.064722237716578E+007   2.530517025126953E+003
    209   10   2.530517025126964E+003   1.064722237716588E+007   2.530517025126964E+003
    214   10   7.881784543545109E+002   1.032685634615575E+006   7.881784543545109E+002
    256   10   1.309200812246912E+003   2.806419501944131E+006   1.309200812246912E+003
    295   10   7.881784543545110E+002   1.032685634615575E+006   7.881784543545110E+002
    310   10   1.309200812246912E+003   2.806419501944131E+006   1.309200812246912E+003
  </DiscreteSampler_grid>
