  0.00009853854726739  0.00011130650461242  0.00012725100428615  0.00014133448503189
  0.00015381972311072  0.00016511677821812  0.00017521593159474  0.00018441903831203
  0.00019296445459719  0.00020108350668308  0.00020934417674431  0.00021768720520900
  0.00022596749799383  0.00023477288408020  0.00024266187968644  0.00025053265789836
  0.00025870866719825  0.00026703582456812  0.00027560821673621  0.00028464152198452
  0.00029346307466938  0.00030219145267714  0.00031097291474760  0.00032007133727711
  0.00032936942086585  0.00033869929593835  0.00034837395359054  0.00035885111015144
  0.00036928204893517  0.00037978108020449  0.00039058487573919  0.00040190880807316
  0.00041413056382218  0.00042677981269622  0.00043968142895919  0.00045319999754857
  0.00046664082184001  0.00047935246557183  0.00049198174050804  0.00050453374412283
  0.00051807034628769  0.00053279078323415  0.00054850200862901  0.00056391817870778
  0.00057939312008775  0.00059512890673918  0.00061196073732949  0.00062965871809640
  0.00064787146368159  0.00066823679712700  0.00069152541764123  0.00071469566489094
  0.00073743994684250  0.00075995111651435  0.00078289704427509  0.00080636375860756
  0.00082978237743009  0.00085374632425966  0.00087852817910822  0.00090668523089191
  0.00093869085166729  0.00097219703013490  0.00100714907238309  0.00104418560425754
  0.00108252165389431  0.00112394533432060  0.00117083599233977  0.00122185571053766
  0.00127560884913935  0.00133274364493161  0.00139443209743095  0.00146323165439486
  0.00153792716435200  0.00161598896079418  0.00169721346434057  0.00178512204534576
  0.00188469090782437  0.00199546198281335  0.00211995870078125  0.00224689077373053
  0.00237289026566699  0.00251150271169259  0.00266820484438382  0.00286125670101424
  0.00310417086754136  0.00340534825395291  0.00376928022918609  0.00416720497930993
  0.00455983434307953  0.00495233158718534  0.00558211745308343  0.00624184941556838
  0.00693179489482362  0.00802126550338432  0.09028572870566784  1.00000000000000000
  0.00000245886032608  0.00000268028540693  0.00000299144574344  0.00000333058127937
  0.00000367335343763  0.00000404488462631  0.00000443928057960  0.00000488339577931
  0.00000540219915170  0.00000594717613984  0.00000650816307059  0.00000711331857497
  0.00000772399111576  0.00000836974184497  0.00000905777125909  0.00000981433859036
  0.00001063401861622  0.00001154923660314  0.00001255283765375  0.00001365434031050
  0.00001484899621175  0.00001612334842804  0.00001747587124067  0.00001884919279824
  0.00002024721783855  0.00002169484579973  0.00002326201674487  0.00002491890500074
  0.00002664029850068  0.00002841751082253  0.00003027144960330  0.00003218426426239
  0.00003408506935018  0.00003604871525686  0.00003822053741531  0.00004063516893244
  0.00004329426462922  0.00004604752447169  0.00004873500798227  0.00005139434361491
  0.00005412242197191  0.00005684241473765  0.00005964617574507  0.00006262769565129
  0.00006585005109138  0.00006924770367923  0.00007278937637825  0.00007660303406912
  0.00008079878137772  0.00008542073286279  0.00009047515505096  0.00009584854181617
  0.00010142273571580  0.00010722891468897  0.00011349111472957  0.00011977673416868
  0.00012630303656630  0.00013335392310998  0.00014131506758312  0.00015012322256204
  0.00015892092509696  0.00016728126661977  0.00017542599917887  0.00018350855236613
  0.00019212261774988  0.00020124274494498  0.00021126889543411  0.00022411683189085
  0.00023769643586592  0.00025030184095523  0.00026388941111592  0.00027793499047098
  0.00029320936320703  0.00030981684145825  0.00032737789541045  0.00034760684866729
  0.00037043854886332  0.00039482675151267  0.00041905993435630  0.00044276483344310
  0.00047165437784325  0.00050965075033987  0.00055631128279857  0.00060815843043914
  0.00066889543172155  0.00074103045431904  0.00083801259745180  0.00095338460596180
  0.00107404216540345  0.00121536220237146  0.00138825317805898  0.00166766713362138
  0.00211867614415823  0.00343924020224407  0.18492987185123508  1.00000000000000000
 -0.00080750878484486  0.01948405623239020  0.03620275362367025  0.05135348050766426
  0.06589831481846152  0.08047207736381649  0.09439510196953380  0.10712421471996890
  0.11841955571080455  0.12827742300381784  0.13780879912741828  0.14778000938842525
  0.15839957421704795  0.16889733975942295  0.17869232828783949  0.18769484405578510
  0.19617701125316095  0.20445387673954851  0.21287739228020805  0.22145411459107309
  0.23004960640506567  0.23813422727336866  0.24619801862054633  0.25415857166203065
  0.26210823283601747  0.27024972333788477  0.27841219383334570  0.28640481793037814
  0.29421115360623201  0.30187367469971588  0.30956244475700440  0.31715933046923361
  0.32430075058202829  0.33133340304620373  0.33844362768025149  0.34558556664245904
  0.35262708015798316  0.35912727878119199  0.36535234964446128  0.37193306902349693
  0.37889203977616193  0.38550161485149537  0.39178499820923207  0.39760780131783346
  0.40397221821788215  0.41053637944614946  0.41763170536586486  0.42500914022485148
  0.43212352971244311  0.43932969853459419  0.44668834037413402  0.45430499936085733
  0.46200898291573322  0.46969408872530460  0.47721603886237784  0.48472422283731004
  0.49261174503379990  0.50046419751362703  0.50846932714897419  0.51657928723566215
  0.52524047862061052  0.53419763870093873  0.54300249620008678  0.55161414218374893
  0.56055207551196340  0.57038421313702270  0.58106441293664868  0.59161594187805044
  0.60194566870304378  0.61242514341262200  0.62280477976690929  0.63288051819333424
  0.64251901401342537  0.65212598447743575  0.66126418994332081  0.67136359062928774
  0.68124094063418184  0.69131397729332944  0.70064454593999881  0.71071638586851693
  0.72205435902123982  0.73563944642062695  0.75122796010477000  0.76787380907690950
  0.78166482871344145  0.79435200372895798  0.80631039365744861  0.81972209278763897
  0.83402057130359597  0.84977714823073669  0.86813387648774332  0.89040848536479789
  0.91863928787741422  0.94923669854538761  0.97706592904948675  1.00000000000000000
 -0.00224713520635212  0.00852547386025220  0.01777612251408986  0.02685896005816173
  0.03642804113654161  0.04610628905981951  0.05595148378963402  0.06565388709733649
  0.07538166291306109  0.08503200933967493  0.09497375912406222  0.10537676224124651
  0.11606641180490568  0.12655277310195542  0.13653629187770730  0.14654878980345590
  0.15674138396666248  0.16687794971233935  0.17705386493609970  0.18751154800482309
  0.19784172189873916  0.20771149562178140  0.21830711333719338  0.22897054787025797
  0.23948063318500246  0.24977566052784395  0.26053560697939354  0.27144977911518975
  0.28256140269269375  0.29373342219237647  0.30529544203277059  0.31738269057412194
  0.32971263584048988  0.34248281707529460  0.35524710358206057  0.36684513952632919
  0.37748737300160001  0.38754689098262574  0.39714381088785655  0.40666337986584183
  0.41646496102370628  0.42693419042087072  0.43771236057695362  0.44850757939237912
  0.45967982802411533  0.47083950837911598  0.48103353452824732  0.49017339463063758
  0.49980499953890145  0.50993362686409316  0.52048120816754284  0.53115588668959668
  0.54233554296185782  0.55313065702943065  0.56319620468928799  0.57255900966733964
  0.58243967770051486  0.59270874696867770  0.60229617064773111  0.61227470179488175
  0.62178343507894973  0.63182254365825130  0.64224668176908128  0.65275809380291838
  0.66334233414423960  0.67333918767072032  0.68257492231560946  0.69161433674748651
  0.70105686452598948  0.71134523114068249  0.72268053723464087  0.73485072736786050
  0.74694226991762858  0.75844783790145343  0.76937414863137188  0.77961466824371295
  0.78993415504991749  0.79967684230209513  0.81054048340688556  0.82290946869559345
  0.83600314104631512  0.84871350171257798  0.86058354897578182  0.87222071224274200
  0.88345684853927697  0.89492367844520937  0.90568737677719313  0.91632715118511154
  0.92691080367334122  0.93784378362734222  0.94792339475317733  0.95814113350140373
  0.96886391960189988  0.97940759620724960  0.98976758670054066  1.00000000000000000
 -0.00165662502017858  0.00921898333851115  0.01907222992571585  0.02978652702811580
  0.04004314309624769  0.04975902453953963  0.05927155393283279  0.06912255328175461
  0.07970628370337662  0.09082896041651597  0.10223285294744050  0.11306549000445543
  0.12323825046700045  0.13309626316947337  0.14300541744081774  0.15330122404555230
  0.16393869212595566  0.17530661393906269  0.18706825291472759  0.19870851988510482
  0.20995469142276363  0.22075914136329178  0.23118055701172902  0.24154226340063589
  0.25252897757462972  0.26378193851871390  0.27413026664076945  0.28337176951944815
  0.29287297260136708  0.30301054149268819  0.31341137766783522  0.32339027836111428
  0.33266956267669240  0.34252679639757622  0.35265606734152544  0.36348065758095222
  0.37384985396294829  0.38411868557817669  0.39424690183034655  0.40422690803613837
  0.41436210691577158  0.42500616284558584  0.43615154922290289  0.44783468872833093
  0.45856794822800107  0.46849216808624744  0.47884924137554891  0.48989952421077981
  0.50011591246020071  0.50983985657253617  0.51943350239249164  0.53095623558738614
  0.54200366380238618  0.55163009761823634  0.56095905527521950  0.57033313238400252
  0.58018453507494150  0.59061468612994450  0.60162256211440479  0.61255243600248099
  0.62287875320506447  0.63309054741526083  0.64295854741776015  0.65215054645320780
  0.66062314862312299  0.66975511574838109  0.68045865665903138  0.69147748691830735
  0.70216013995737669  0.71185028470334122  0.72211383199718859  0.73235978708729566
  0.74334712565628303  0.75557970000059593  0.76868509894386106  0.78143375790722602
  0.79273695610669270  0.80418589016634368  0.81516329899682105  0.82627925588299966
  0.83672154942607757  0.84935119050665286  0.86019193905198377  0.87103064682784459
  0.88110537683818990  0.89117372080038271  0.90155302515454083  0.91193114683839582
  0.92288879405412982  0.93424767935319830  0.94596213535841556  0.95865594879679272
  0.96896355498227016  0.98004111242094327  0.98983435994278635  1.00000000000000000
  0.03945528288612781  0.27103933435590283  0.34457571995203784  0.39799469692927142
  0.44087651737794104  0.47964315715499595  0.51391654558881084  0.54064015324348413
  0.56438683546694013  0.58511463030729338  0.60446229244109750  0.62358851967494433
  0.64167460113553110  0.65654951413507612  0.66926288696035718  0.68109581341738179
  0.69232323191019507  0.70313255143871156  0.71348935318801521  0.72316647137262424
  0.73190386075364422  0.73977842078920031  0.74748010035725210  0.75488388584353650
  0.76236511210031743  0.76999929292619551  0.77720258814884879  0.78413444214840411
  0.79057655955457395  0.79704347934329967  0.80323020474462370  0.80958311219515666
  0.81535776728081322  0.82053245255124485  0.82567277652105353  0.83064583698652295
  0.83545831342282473  0.84007622125348758  0.84457308744957194  0.84906850531334888
  0.85342989606751785  0.85742809697429956  0.86109592998160644  0.86462293956199843
  0.86807975061280895  0.87158650765232337  0.87511562473810467  0.87850661772736749
  0.88195758360752941  0.88526873621950530  0.88851037823860024  0.89164373992148205
  0.89470592904721580  0.89772935350007588  0.90070060220142001  0.90371211365909376
  0.90682154436705964  0.90980041848793947  0.91275312808500186  0.91554333810154365
  0.91824698185720655  0.92101683406324208  0.92378754685374409  0.92650713302023713
  0.92917795612781406  0.93176875046917440  0.93432581109396462  0.93661738010380402
  0.93873109429622770  0.94080661413343847  0.94290600068786823  0.94506437941358645
  0.94731187785458004  0.94949537902009307  0.95165149068104871  0.95376813128036653
  0.95584488117659516  0.95793821213875097  0.96010366784652035  0.96228408887941375
  0.96446726696237794  0.96668364092388004  0.96892885448905242  0.97102891237372835
  0.97312629559577313  0.97521445621443537  0.97729115079728612  0.97935664816407142
  0.98143943922132837  0.98364288476964468  0.98586563678635908  0.98810145567091734
  0.99050949271264832  0.99307914805051478  0.99616260113062394  1.00000000000000000
 -0.01604823785197638  0.10762432033175770  0.14916065233686945  0.17376425440075816
  0.19331256492155408  0.20848307832429025  0.22147997122421814  0.23335512744754974
  0.24474145537857905  0.25542069777059329  0.26646774032103043  0.27632246058940996
  0.28586250206069219  0.29512604607747650  0.30399761809546821  0.31246327959527159
  0.32034941353331509  0.32763378469150939  0.33443738774135573  0.34093248442478702
  0.34730703522369011  0.35362089052680729  0.35970673080695031  0.36553787150502937
  0.37153031507266587  0.37755022182313563  0.38316185772392902  0.38895697435821991
  0.39485613257778673  0.40119267423225280  0.40741865839383773  0.41343531671811257
  0.41961443221385902  0.42552471921738649  0.43131800365734102  0.43687297628804928
  0.44248397044576765  0.44833625703165003  0.45431981777446445  0.46039124300281986
  0.46644079464759175  0.47224233210063216  0.47794772058710067  0.48359361686377034
  0.48951175831950489  0.49582489610513264  0.50222958713235621  0.50879597522052611
  0.51504423301690816  0.52098713159103782  0.52650031335685765  0.53218282443856291
  0.53808982082556756  0.54434492528724476  0.55048272550227340  0.55651527053847105
  0.56214048406974582  0.56771531976289369  0.57352744541547696  0.57934489310323845
  0.58579360710730399  0.59246946104897991  0.59898874624350951  0.60546004709315060
  0.61160442593076647  0.61790353638230067  0.62423498148980516  0.63041433842957517
  0.63662023059267703  0.64311908731153078  0.64953762242886270  0.65591314570638060
  0.66243436734676375  0.66926478448424531  0.67641993566268543  0.68354086964378225
  0.69050040685686431  0.69753508800679198  0.70468873531956444  0.71237489514704777
  0.72055307667607149  0.72893533813545275  0.73725890019881679  0.74550522376827910
  0.75434689240704000  0.76385957429487150  0.77393285407139867  0.78504405170235980
  0.79738021091078037  0.81043256199279934  0.82437490423244231  0.83949662427234806
  0.85632698323452061  0.87940105403530555  0.91629960911022246  1.00000000000000000
   3.9868794581616629E-009  -1.0000000000000000     
 F F F F F F F F F F F F F F F F F F F F F F F F F F F F F F F F
  <DiscreteSampler_grid>
  grouped_processes
  1 # 1 for a reference and 2 for a running grid.
  10 # Attribute 'min_bin_probing_points' of the grid.
  1 # Attribute 'grid_mode' of the grid. 1=='default',2=='initialization'
  0.0000000000000000 # Attribute 'small_contrib_threshold' of the grid.
  0.5000000000000000 # Attribute 'damping_power' of the grid.
 # binID   n_entries weight   weight_sqr   abs_weight
    79   10   1.981888372862888E+001   3.768784174884575E+003   1.981888372862888E+001
    80   10   1.981888372862920E+001   3.768784174884701E+003   1.981888372862920E+001
    82   10   1.059085384879972E+000   1.076229365611843E+001   1.059085384879972E+000
    83   10   1.059085384879989E+000   1.076229365611879E+001   1.059085384879989E+000
    85   10   3.708748679346809E+002   1.319768314330050E+006   3.708748679346809E+002
    86   10   3.708748679346870E+002   1.319768314330094E+006   3.708748679346870E+002
    88   10   1.981888372862888E+001   3.768784174884576E+003   1.981888372862888E+001
    89   10   1.981888372862921E+001   3.768784174884703E+003   1.981888372862921E+001
  </DiscreteSampler_grid>
